         1         6
  0.000000  0.000000  5.290000  5.290000  0.000500    11
  0.000000  0.000000 -5.290000  5.290000  0.000500   -11
  0.288465 -0.365834  5.262855  5.283435  0.000500    11
 -0.288402  0.365865 -5.269156  5.289711  0.000500   -11
 -0.000048 -0.000052  0.006577  0.006577  0.000000    22
 -0.000015  0.000020 -0.000276  0.000277  0.000000    22
         2         4
  0.000000  0.000000  5.290000  5.290000  0.000500    11
  0.000000  0.000000 -5.290000  5.290000  0.000500   -11
 -0.547370 -0.057292  5.261293  5.290000  0.000500    11
  0.547370  0.057292 -5.261293  5.290000  0.000500   -11
         3         4
  0.000000  0.000000  5.290000  5.290000  0.000500    11
  0.000000  0.000000 -5.290000  5.290000  0.000500   -11
  0.474777 -0.166919  5.266006  5.290000  0.000500    11
 -0.474777  0.166919 -5.266006  5.290000  0.000500   -11
         4         5
  0.000000  0.000000  5.290000  5.290000  0.000500    11
  0.000000  0.000000 -5.290000  5.290000  0.000500   -11
  0.502330  0.432646  5.248293  5.290000  0.000500    11
 -0.452889 -0.390699 -4.730696  4.768358  0.000500   -11
 -0.049442 -0.041946 -0.517597  0.521642  0.000000    22
         5         7
  0.000000  0.000000  5.290000  5.290000  0.000500    11
  0.000000  0.000000 -5.290000  5.290000  0.000500   -11
  0.011175  0.761228  5.234820  5.289890  0.000500    11
 -0.010778 -0.744260 -5.093089  5.147193  0.000500   -11
 -0.000132 -0.010213 -0.070140  0.070879  0.000000    22
  0.000038 -0.006536 -0.048029  0.048471  0.000000    22
 -0.000303 -0.000219 -0.023563  0.023566  0.000000    22
         6         5
  0.000000  0.000000  5.290000  5.290000  0.000500    11
  0.000000  0.000000 -5.290000  5.290000  0.000500   -11
 -0.873112  0.488748  5.194364  5.289860  0.000500    11
  0.873135 -0.488761 -5.194502  5.290000  0.000500   -11
 -0.000023  0.000013  0.000138  0.000140  0.000000    22
         7         5
  0.000000  0.000000  5.290000  5.290000  0.000500    11
  0.000000  0.000000 -5.290000  5.290000  0.000500   -11
  0.081783 -0.601385  5.254792  5.289725  0.000500    11
 -0.079715  0.602355 -5.190499  5.225942  0.000500   -11
 -0.002068 -0.000970 -0.064292  0.064333  0.000000    22
         8         5
  0.000000  0.000000  5.290000  5.290000  0.000500    11
  0.000000  0.000000 -5.290000  5.290000  0.000500   -11
  0.218227  0.418853  5.266855  5.287988  0.000500    11
 -0.218309 -0.419011 -5.268858  5.290000  0.000500   -11
  0.000082  0.000158  0.002004  0.002012  0.000000    22
         9         5
  0.000000  0.000000  5.290000  5.290000  0.000500    11
  0.000000  0.000000 -5.290000  5.290000  0.000500   -11
  0.217705 -0.433237  5.267592  5.289859  0.000500    11
 -0.217705  0.433237 -5.267733  5.290000  0.000500   -11
  0.000000  0.000000  0.000141  0.000141  0.000000    22
        10         9
  0.000000  0.000000  5.290000  5.290000  0.000500    11
  0.000000  0.000000 -5.290000  5.290000  0.000500   -11
 -1.064881  0.552731  3.929885  4.108951  0.000500    11
  1.205974 -0.669926 -5.027679  5.213514  0.000500   -11
 -0.140443  0.119153  0.453671  0.489631  0.000000    22
 -0.001230 -0.001373  0.705960  0.705962  0.000000    22
 -0.000091 -0.000211 -0.058961  0.058961  0.000000    22
  0.000673 -0.000373 -0.002806  0.002909  0.000000    22
 -0.000003  0.000000 -0.000070  0.000070  0.000000    22