1
-90  90  0
4
0  60  55
60  80  70
80  100  90
100  180  115
0  8
0   55    0  0.0   0   -0.003175302    -0.00237137   0.0002909002  -5.651592e-06   5.124289e-08  -1.827787e-10         89.249   0.0008208927
0   55    0  0.0   1    0.001264257   -0.002767637    0.000286875  -4.836534e-06   3.509527e-08  -9.291734e-11       87.27152   0.0008979263
1   55    0  0.0   0    -0.04924985    0.002303272   0.0001496485  -3.711923e-06   3.948616e-08  -1.593403e-10         93.125   0.0008170428
1   55    0  0.0   1    -0.08371227    0.006159382  -1.785291e-05  -1.640757e-07   2.903043e-09  -1.270546e-11       88.52226   0.0008293156
2   55    0  0.0   0   -0.009319159   -0.001756781   0.0002940533  -6.052691e-06   5.663852e-08  -2.028969e-10         98.735   0.0007319678
2   55    0  0.0   1    -0.04728379    0.001849873   0.0001742235  -4.125819e-06   4.141554e-08  -1.550748e-10       96.44729   0.0007664116
3   55    0  0.0   0    -0.04098111    0.001324136   0.0001827092  -4.067773e-06   3.893384e-08  -1.393098e-10        104.597   0.0007110626
3   55    0  0.0   1    -0.02749849  -0.0001599277   0.0002499295  -5.411583e-06   5.109344e-08  -1.800826e-10       104.0105   0.0007844474
4   55    0  0.0   0    -0.08296418    0.006506534  -2.915216e-05  -3.655566e-08   2.643198e-09  -1.429262e-11        103.719   0.0006614072
4   55    0  0.0   1    -0.03310357    0.001219326   0.0001810138  -3.912984e-06   3.606619e-08  -1.231179e-10       105.7729   0.0007045737
5   55    0  0.0   0    -0.04055652    0.002559078   0.0001135306  -2.448224e-06   2.175929e-08   -7.16244e-11       110.4066   0.0006561085
5   55    0  0.0   1    -0.02939572    0.001246749   0.0001797999  -3.818712e-06   3.426881e-08  -1.134189e-10       113.3216   0.0006742426
6   55    0  0.0   0    -0.07557797    0.005726235  -1.324567e-05  -7.805898e-08    8.01032e-10  -9.053182e-13       112.7536   0.0006514326
6   55    0  0.0   1    -0.04244271     0.00214969   0.0001334947  -2.758094e-06   2.333389e-08  -7.204388e-11       116.6179   0.0006467306
7   55    0  0.0   0    -0.05043075    0.002917405   8.096239e-05  -1.545641e-06   1.159194e-08  -3.190836e-11       124.2258   0.0007364272
7   55    0  0.0   1    -0.08020322    0.006282164  -2.344993e-05  -4.315181e-08   1.406628e-09  -5.222626e-12       120.3688   0.0007014143
8   55    0  0.0   0    -0.01452663  -3.695384e-05   0.0001744962  -2.904106e-06   2.129509e-08  -5.876722e-11       134.1014   0.0004813101
8   55    0  0.0   1    -0.03088379    0.001384077   0.0001222332  -2.060911e-06   1.507425e-08  -4.152417e-11       126.5866   0.0005443235
9   55    0  0.0   0    -0.04437633    0.002898113   8.616831e-05  -1.630141e-06    1.22058e-08  -3.311295e-11       143.7406   0.0004013865
9   55    0  0.0   1    -0.02063455   0.0007964668   0.0001430677  -2.365207e-06   1.677785e-08  -4.409211e-11       143.7415   0.0005020728
10   55    0  0.0   0    -0.04753042    0.003188657   6.562022e-05  -1.177195e-06   8.172123e-09  -2.051982e-11       160.1921   0.0003985111
10   55    0  0.0   1    -0.04271057    0.002512635   8.830581e-05  -1.547233e-06   1.089467e-08  -2.775022e-11         156.75   0.0004448924
11   55    0  0.0   0    -0.06519802    0.004348289   2.924322e-05  -6.202219e-07   4.046247e-09  -8.949451e-12        159.025   0.0004086635
11   55    0  0.0   1    -0.05244213    0.003067829   6.437288e-05  -1.075912e-06   6.847654e-09  -1.547861e-11        159.025   0.0004727197
12   55    0  0.0   0    -0.06216644    0.004241875   2.102061e-05  -3.934976e-07   2.125162e-09  -3.708613e-12         168.25   0.0004501088
12   55    0  0.0   1    -0.07552991    0.005404826  -9.511297e-06  -4.394506e-08   3.360857e-10  -3.851844e-13         168.25   0.0004707914
13   55    0  0.0   0    -0.07398069    0.005762925  -1.507318e-05  -2.499248e-08   4.203299e-10  -8.292822e-13          179.1   0.0004320907
13   55    0  0.0   1    -0.06201091    0.004766867   8.986839e-06  -2.910272e-07   1.796492e-09  -3.525613e-12          179.1    0.000391786
14   55    0  0.0   0     -0.0801185    0.005975292  -1.853426e-05  -1.887351e-08   7.058477e-10  -2.188371e-12       155.6434   0.0004312065
14   55    0  0.0   1    -0.08618757     0.00619858  -2.141789e-05  -1.978293e-08   8.673466e-10  -2.762791e-12       155.5713   0.0003926179
15   55    0  0.0   0    -0.06457047    0.004584352   2.487443e-05  -5.813424e-07   3.865124e-09  -8.623267e-12         166.89   0.0003921504
15   55    0  0.0   1    -0.06920844    0.005035952    3.78154e-06  -2.507161e-07   1.724849e-09  -3.705379e-12       168.0119    0.000414813
16   55    0  0.0   0    -0.06463545    0.003865483   3.658566e-05  -6.332984e-07   3.705476e-09  -7.498268e-12         183.07   0.0003127689
16   55    0  0.0   1    -0.04487439    0.002296433   7.502953e-05  -1.076685e-06   6.115023e-09  -1.244338e-11       186.7975    0.000392431
17   55    0  0.0   0     -0.0412852    0.002029991   8.116632e-05   -1.09697e-06   5.846545e-09  -1.109766e-11          203.7   0.0002794131
17   55    0  0.0   1    -0.03537111    0.001418671   9.542985e-05  -1.249811e-06   6.612621e-09  -1.255211e-11       209.1036   0.0003981668
18   55    0  0.0   0    -0.06464512    0.003903321   3.449689e-05  -5.749315e-07   3.153836e-09   -5.93073e-12          208.3   0.0003763789
18   55    0  0.0   1    -0.05425463    0.003040761   4.992973e-05  -7.117172e-07   3.755839e-09  -6.969265e-12          208.3    0.000336224
19   55    0  0.0   0      -0.111918      0.0085661  -8.916087e-05   8.678716e-07  -4.548509e-09   9.372008e-12        189.025          0.001
19   55    0  0.0   1    -0.09125078    0.006995585  -5.607557e-05   5.471607e-07  -3.093255e-09    6.86973e-12        189.025          0.001
20   55    0  0.0   0    -0.06493556    0.004866298   1.458329e-05    -4.3562e-07   2.938785e-09  -6.480656e-12       181.7943   0.0002945005
20   55    0  0.0   1    -0.05880295    0.004588981   1.741919e-05   -4.28503e-07   2.716424e-09  -5.722248e-12         177.45   0.0003855582
21   55    0  0.0   0    -0.05899345     0.00434743    2.40236e-05  -4.906819e-07   2.918194e-09  -5.822588e-12       190.0612   0.0002541939
21   55    0  0.0   1    -0.05754793    0.004296943   2.482398e-05  -5.102659e-07    3.09508e-09  -6.320253e-12       189.7297   0.0003215157
22   55    0  0.0   0    -0.07664658    0.006117435  -1.949676e-05  -1.249019e-08   4.699742e-10  -1.120635e-12       196.5255   0.0002830724
22   55    0  0.0   1     -0.0713305    0.005921834  -1.830862e-05  -9.592491e-09   4.447526e-10  -1.113385e-12       196.3598   0.0002756089
23   55    0  0.0   0    -0.07094601    0.006242605  -2.655333e-05   8.768238e-08  -1.021452e-10   1.266713e-14       207.4028   0.0002459427
23   55    0  0.0   1    -0.06447129    0.005746692  -1.142466e-05  -1.098495e-07   9.970284e-10  -2.148364e-12       206.9421   0.0002303796
24   55    0  0.0   0    -0.05820741    0.005316948  -2.852184e-06  -1.770324e-07   1.206487e-09  -2.349916e-12          224.4   0.0001293224
24   55    0  0.0   1    -0.05338024    0.004743007   1.300943e-05  -3.528102e-07   2.051137e-09  -3.819951e-12          224.4    0.000139379
25   55    0  0.0   0    -0.06143683    0.005405745  -7.320511e-06  -1.069841e-07    7.83173e-10  -1.489018e-12          234.6   0.0001069618
25   55    0  0.0   1    -0.04543014    0.004381944   1.434249e-05  -3.069641e-07   1.618222e-09  -2.787911e-12          234.6   0.0001967835
26   55    0  0.0   0     -0.0748178    0.005778574  -1.612988e-05  -1.473965e-08   3.865301e-10  -8.605463e-13         198.75   0.0002919334
26   55    0  0.0   1      -0.073335    0.005804331  -1.715274e-05  -1.037702e-08   4.210735e-10   -1.04725e-12       200.8446   0.0003209238
27   55    0  0.0   0    -0.06734418    0.004618184   1.315286e-05  -3.212705e-07    1.79413e-09  -3.242115e-12       209.1959   0.0002524649
27   55    0  0.0   1    -0.07896898    0.005644419  -1.387114e-05   -2.06403e-08   3.069811e-10  -5.518699e-13        207.309   0.0003436941
28   55    0  0.0   0    -0.07353868    0.005672426  -1.449548e-05  -1.759423e-08   2.967536e-10  -5.324316e-13       216.0004   0.0002779048
28   55    0  0.0   1    -0.07649116    0.005745427  -1.518888e-05  -1.561738e-08   3.033074e-10  -5.728229e-13       215.7887   0.0003345484
29   55    0  0.0   0    -0.06853934    0.005728138   -1.54492e-05  -1.252621e-08   2.882736e-10  -5.508802e-13       224.4904   0.0001469077
29   55    0  0.0   1    -0.07037647     0.00574464  -1.531502e-05   -1.34261e-08   2.837423e-10  -5.282358e-13       222.4892   0.0002580501
30   55    0  0.0   0    -0.06573899    0.006431211  -3.163042e-05   1.432212e-07  -4.020978e-10   5.923738e-13       230.6062   0.0001261582
30   55    0  0.0   1    -0.05726755    0.005842741  -1.930806e-05   3.119437e-08   6.158197e-11  -1.228246e-13       228.0607    0.000244146
31   55    0  0.0   0    -0.05388142    0.005682932  -1.550089e-05  -1.075857e-08   2.598791e-10  -4.706501e-13         239.84   0.0001646387
31   55    0  0.0   1    -0.06004828    0.006258429  -2.961088e-05   1.315295e-07  -3.675798e-10   5.276758e-13       240.9462   0.0001911116
32   55    0  0.0   0    -0.08393312    0.007078578  -4.457445e-05   2.596661e-07  -8.686499e-10   1.307855e-12       210.2838   0.0002506029
32   55    0  0.0   1    -0.06707714    0.006433511  -3.372445e-05   1.793165e-07  -5.860647e-10   8.944751e-13       212.7483   0.0002180872
33   55    0  0.0   0    -0.06785776    0.005900148  -1.768277e-05  -9.786406e-09   3.426577e-10  -7.117032e-13       217.8163   0.0001975969
33   55    0  0.0   1    -0.06866849      0.0060452  -1.928094e-05  -5.118656e-09   3.655006e-10  -8.181121e-13       218.5416   0.0001724181
34   55    0  0.0   0    -0.05113568    0.005263821  -5.417379e-06  -1.099585e-07   7.107721e-10  -1.229974e-12       226.4656   5.882923e-05
34   55    0  0.0   1    -0.07059262    0.006734652  -3.685014e-05   1.846118e-07  -5.577843e-10   8.135852e-13       226.1634   0.0001622342
35   55    0  0.0   0    -0.06607313     0.00668686  -3.917588e-05   2.250722e-07  -7.855232e-10    1.23167e-12       229.4428   0.0001872772
35   55    0  0.0   1    -0.05510801    0.006089482   -2.81856e-05   1.349355e-07  -4.301668e-10   6.851521e-13        231.017   0.0003316892
36   55    0  0.0   0    -0.04539279    0.005596479  -1.517344e-05  -9.732972e-09   2.465144e-10  -4.413235e-13       238.3447   0.0002711681
36   55    0  0.0   1    -0.04717601    0.005552767  -1.437715e-05  -1.165368e-08   2.264884e-10  -3.658607e-13       238.9481   0.0001531243
37   55    0  0.0   0    -0.03697794     0.00531412   -1.23849e-05  -1.115484e-08   1.728325e-10  -2.440159e-13       247.4387   0.0002785157
37   55    0  0.0   1    -0.05738528    0.006361748  -3.245393e-05   1.552085e-07   -4.44437e-10   6.051791e-13       249.5919   6.665547e-05
38   55    0  0.0   0    -0.06320512    0.006487058  -3.547195e-05   1.923507e-07  -6.423295e-10   1.024663e-12       219.9202   0.0002572294
38   55    0  0.0   1    -0.06251317    0.006517709  -3.593329e-05   1.983753e-07  -6.760479e-10   1.086277e-12       220.4579   0.0002679843
39   55    0  0.0   0    -0.06045373    0.006436058   -3.29562e-05   1.537335e-07  -4.202107e-10   5.757418e-13       229.0722   0.0002195845
39   55    0  0.0   1    -0.04804008    0.005757272  -1.740614e-05  -4.282346e-09   3.012333e-10  -6.320065e-13       228.8885    0.000299387
40   55    0  0.0   0     -0.0621788    0.006475578  -3.203689e-05   1.357902e-07  -3.316263e-10   4.302098e-13         236.38   0.0001254187
40   55    0  0.0   1    -0.06579883    0.006994307  -4.490265e-05   2.673449e-07  -9.167303e-10    1.37011e-12        236.379   0.0001451512
41   55    0  0.0   0    -0.05957474    0.006735797  -3.984016e-05     2.1942e-07  -7.146576e-10   1.052684e-12          242.1   9.236597e-05
41   55    0  0.0   1    -0.03723327    0.005587241   -1.74148e-05   2.674681e-08   4.462084e-11  -7.243631e-14          242.1   0.0002052759
42   55    0  0.0   0    -0.05830867    0.006584644  -3.633909e-05   1.844497e-07  -5.511806e-10     7.5535e-13       252.2292   9.258621e-05
42   55    0  0.0   1    -0.06244491    0.006826921  -3.926927e-05   1.994214e-07  -5.861252e-10   7.885199e-13       251.9865   0.0001035566
43   55    0  0.0   0    -0.05249319    0.006314585  -3.208639e-05   1.566722e-07  -4.746484e-10   6.727728e-13         259.49   0.0001149116
43   55    0  0.0   1    -0.04743516    0.006061488  -2.564658e-05   9.031123e-08  -1.844472e-10    2.23529e-13         259.49   7.402522e-05
44   55    0  0.0   0    -0.07229537    0.007041898  -4.793248e-05   3.210111e-07  -1.250401e-09   2.049418e-12         230.14   0.0001857072
44   55    0  0.0   1    -0.06038957    0.006320583   -3.37496e-05   1.967308e-07  -7.398199e-10   1.256378e-12         230.14   0.0002326071
45   55    0  0.0   0    -0.05315254    0.005584955  -1.539787e-05    1.11526e-08   8.309694e-11  -8.452793e-14         236.82   0.0001513364
45   55    0  0.0   1    -0.06750937     0.00683276  -4.231368e-05   2.460316e-07  -8.251601e-10   1.210658e-12         236.82   0.0001253972
46   55    0  0.0   0    -0.05441118    0.006650972  -3.976192e-05   2.298798e-07  -7.931798e-10   1.207562e-12         242.05   0.0002262876
46   55    0  0.0   1    -0.05758262     0.00668467  -4.143585e-05    2.51534e-07  -8.881088e-10   1.346368e-12        241.968   0.0001190124
47   55    0  0.0   0    -0.04830556    0.006521339  -3.669763e-05   1.981231e-07  -6.450456e-10   9.519892e-13         247.21   0.0002563749
47   55    0  0.0   1    -0.05854697    0.006868643   -4.29645e-05    2.49856e-07   -8.50118e-10   1.260841e-12         247.21   0.0002752724
48   55    0  0.0   0    -0.03089152    0.005278265  -1.344104e-05   3.382023e-09   9.901078e-11  -1.180207e-13         259.58   4.573263e-05
48   55    0  0.0   1    -0.04804125    0.006195238  -2.902335e-05    1.20873e-07  -2.975637e-10   3.731218e-13       258.7865    9.38046e-05
49   55    0  0.0   0    -0.03786314    0.005850158  -2.387449e-05   8.828501e-08  -2.137782e-10   3.051643e-13         264.22   0.0001366713
49   55    0  0.0   1    -0.04239652    0.006262579  -3.268234e-05   1.671444e-07  -5.208344e-10    7.32509e-13         264.22   0.0001392391
50   55    0  0.0   0    -0.06076522     0.00689351  -4.307528e-05   2.524029e-07  -8.681857e-10   1.322888e-12         235.78   0.0003218556
50   55    0  0.0   1    -0.06317845    0.007051328  -4.861167e-05   3.181024e-07  -1.182976e-09   1.854369e-12         235.78   0.0002613194
51   55    0  0.0   0    -0.04292234    0.005467081  -1.333352e-05  -1.085495e-08   1.800579e-10  -2.380999e-13       243.2494   0.0003196845
51   55    0  0.0   1    -0.06768121    0.007018569  -4.646244e-05   2.913652e-07  -1.049915e-09   1.599289e-12         243.25   0.0002920417
52   55    0  0.0   0    -0.06639358     0.00690879  -4.210773e-05   2.367236e-07  -7.913142e-10   1.172952e-12         248.54   0.0003630218
52   55    0  0.0   1    -0.06313388    0.006708878  -3.944395e-05   2.237651e-07  -7.714911e-10   1.177145e-12         248.54   0.0003391109
53   55    0  0.0   0    -0.05373636    0.006959673  -4.752922e-05   3.056529e-07  -1.114942e-09   1.691372e-12         253.49   0.0003038918
53   55    0  0.0   1    -0.05326519    0.006750095  -4.220178e-05   2.506389e-07  -8.633933e-10   1.269914e-12         253.49   0.0005242746
54   55    0  0.0   0    -0.05091665    0.006981364  -4.829347e-05   3.086626e-07  -1.102838e-09   1.618672e-12            258   0.0005487274
54   55    0  0.0   1    -0.05329995    0.007096895  -4.957853e-05   3.131124e-07   -1.09975e-09   1.592111e-12            258   0.0005341931
55   55    0  0.0   0    -0.01985882      0.0058028  -2.459596e-05   8.863169e-08  -1.999042e-10   2.291599e-13       303.2803   0.0003200886
55   55    0  0.0   1    -0.02742984    0.006293794  -3.363386e-05   1.575508e-07  -4.331636e-10   5.187486e-13       299.1493   0.0004739548
0   70    0  0.0   0   -0.005086432   -0.002902385   0.0003137362  -6.000114e-06   5.379633e-08  -1.913378e-10       88.94431    0.000811699
0   70    0  0.0   1   -0.001502245   -0.003026583   0.0003149952  -5.810503e-06   4.928759e-08  -1.642258e-10       89.20242   0.0008080263
1   70    0  0.0   0    -0.01017409   -0.002329934   0.0003369608  -7.225627e-06   7.080092e-08  -2.667168e-10         93.125   0.0007998935
1   70    0  0.0   1    0.004074615   -0.003898929   0.0004055864  -8.566099e-06   8.276493e-08  -3.061118e-10       93.12417    0.000805652
2   70    0  0.0   0   -0.001319316   -0.003359584    0.000368713  -7.599552e-06   7.145184e-08  -2.561524e-10       98.29529   0.0007440336
2   70    0  0.0   1   -0.007220231   -0.002652532   0.0003500508  -7.328103e-06   6.920239e-08  -2.478994e-10         98.735   0.0007559685
3   70    0  0.0   0   -0.008121356   -0.002160287   0.0003093979  -6.221208e-06   5.637901e-08  -1.937692e-10        104.597   0.0007088801
3   70    0  0.0   1    -0.00937076   -0.002031151   0.0003112736  -6.312188e-06    5.72599e-08  -1.961706e-10       104.2881   0.0007017188
4   70    0  0.0   0    -0.02476001  -0.0001524986    0.000232667  -4.770465e-06    4.28246e-08  -1.441177e-10       109.0525   0.0006399315
4   70    0  0.0   1    -0.04338674    0.001801693   0.0001651948  -3.695181e-06   3.476344e-08  -1.210113e-10       109.3847    0.000673153
5   70    0  0.0   0    -0.04358148    0.002385366   0.0001248212  -2.707622e-06   2.447849e-08  -8.218613e-11       110.6762   0.0006344011
5   70    0  0.0   1    -0.08771575     0.00697644   -3.69978e-05  -1.670429e-08    3.13101e-09  -1.715048e-11       109.2622   0.0006526695
6   70    0  0.0   0    -0.02297163  -0.0002688919     0.00021847   -4.16413e-06   3.449233e-08  -1.061821e-10       119.9172   0.0006171792
6   70    0  0.0   1     -0.0498487    0.002666924   0.0001105975  -2.311301e-06   1.958385e-08  -6.089514e-11       116.6463    0.000629665
7   70    0  0.0   0    -0.01869465   -0.000544955   0.0002038272  -3.541373e-06    2.69068e-08  -7.634949e-11       124.4165   0.0006287595
7   70    0  0.0   1    -0.04934168     0.00268196   0.0001053274  -2.107413e-06   1.698409e-08  -5.015896e-11       123.4873   0.0006190818
8   70    0  0.0   0   -0.004117177   -0.001372078   0.0002210894  -3.625078e-06   2.641518e-08  -7.238697e-11       132.9083    0.000420171
8   70    0  0.0   1    -0.07401966    0.005108008  -4.626327e-06  -7.199277e-08   6.110751e-10  -2.067711e-12       126.1073    0.000432887
9   70    0  0.0   0    -0.03869088    0.002095579   0.0001126463  -2.023641e-06   1.491507e-08  -4.011918e-11       144.7592   0.0003824758
9   70    0  0.0   1    -0.02000335   0.0003547601   0.0001575331  -2.562908e-06   1.799538e-08  -4.687116e-11         143.36   0.0003555118
10   70    0  0.0   0    -0.03648041    0.001751384   0.0001131535  -1.848187e-06   1.241417e-08  -3.037931e-11       161.3984   0.0003140565
10   70    0  0.0   1     -0.0364771    0.001627238   0.0001117095   -1.79845e-06   1.206664e-08    -2.9688e-11       160.8486   0.0003506482
11   70    0  0.0   0    -0.06477903    0.004400789   1.701597e-05  -3.066617e-07   1.190268e-09  -1.946256e-13         149.24   0.0005591087
11   70    0  0.0   1    -0.06635485    0.004293472   1.816538e-05  -3.083251e-07   1.169796e-09  -1.546195e-13         149.24   0.0005252384
12   70    0  0.0   0    -0.06705323    0.004357024   1.761108e-05  -3.344783e-07   1.649506e-09  -2.325946e-12        161.849   0.0006474561
12   70    0  0.0   1    -0.07485764    0.005082971  -3.108561e-06  -6.479136e-08   2.050635e-11   1.375388e-12        161.849   0.0005720364
13   70    0  0.0   0    -0.06947342    0.005019679   4.746347e-06  -2.449062e-07    1.52736e-09  -2.940539e-12        179.537   0.0003981093
13   70    0  0.0   1    -0.06674177    0.004765462   1.145807e-05  -3.299957e-07   2.037655e-09  -4.089931e-12        179.537   0.0003213748
14   70    0  0.0   0    -0.04331151    0.002521678   8.585193e-05   -1.41809e-06   9.314943e-09  -2.204654e-11        159.908    0.000332562
14   70    0  0.0   1    -0.04858734    0.002992341   6.875569e-05  -1.167624e-06   7.705845e-09  -1.827995e-11       158.4965   0.0003842839
15   70    0  0.0   0    -0.05135004     0.00321011   6.478857e-05  -1.095476e-06   6.926578e-09  -1.549986e-11       171.2417   0.0003109065
15   70    0  0.0   1    -0.04760148    0.002841263    6.92381e-05   -1.09599e-06   6.673184e-09  -1.449734e-11        171.132   0.0002934753
16   70    0  0.0   0    -0.04646369    0.002227995   7.951496e-05  -1.122879e-06   6.256079e-09  -1.247552e-11         183.07   0.0003175874
16   70    0  0.0   1    -0.03332324    0.001109313   0.0001049901  -1.396113e-06   7.661112e-09  -1.526206e-11       197.7109   0.0003374375
17   70    0  0.0   0    -0.04807379    0.002423622   7.171001e-05  -9.985068e-07   5.403515e-09  -1.041344e-11       209.4166   0.0002855049
17   70    0  0.0   1    -0.03958368    0.001578642   9.016513e-05   -1.18213e-06   6.256505e-09  -1.191849e-11       206.5876    0.000340158
18   70    0  0.0   0     -0.0502603    0.002849547   5.807621e-05   -8.03465e-07   4.170423e-09  -7.641191e-12         208.35    0.000232165
18   70    0  0.0   1     -0.0501401    0.002446363   6.410099e-05  -8.505316e-07   4.359282e-09  -7.946057e-12         208.35   0.0003133507
19   70    0  0.0   0    -0.07785238    0.005705095   -1.30081e-05  -3.203359e-08   3.372664e-10  -5.426166e-13        202.607   0.0005948473
19   70    0  0.0   1    -0.07824809    0.005437494  -7.812804e-06  -8.070355e-08    5.40099e-10  -8.372607e-13        202.607   0.0005555776
20   70    0  0.0   0    -0.04937153    0.003622597   4.438101e-05  -7.521988e-07   4.495151e-09  -9.389823e-12        180.486   0.0002792452
20   70    0  0.0   1     -0.0573374    0.004119387   3.004699e-05  -5.750397e-07   3.514754e-09  -7.392343e-12       180.1443   0.0002561861
21   70    0  0.0   0    -0.05914344    0.004292601   2.446843e-05  -4.898623e-07   2.913994e-09  -5.865597e-12       189.7721   0.0002149097
21   70    0  0.0   1    -0.06056787    0.004188141   2.751267e-05  -5.230922e-07   3.058648e-09  -6.079248e-12       188.3637   0.0002763412
22   70    0  0.0   0    -0.06100885    0.004815352   1.171296e-05  -3.452724e-07   2.108511e-09  -4.156189e-12       197.4806   0.0002049504
22   70    0  0.0   1    -0.06627891    0.005125939   3.537505e-06  -2.536284e-07    1.64995e-09  -3.307294e-12       196.2303   0.0002228062
23   70    0  0.0   0    -0.06545085     0.00541904  -2.822254e-06  -1.897262e-07   1.324412e-09  -2.666671e-12          209.1   0.0001895258
23   70    0  0.0   1    -0.06542277    0.005433183  -4.115523e-06   -1.72212e-07   1.238627e-09  -2.528916e-12          209.1   0.0001740163
24   70    0  0.0   0    -0.05772717    0.005018317   5.077218e-06  -2.606221e-07   1.601166e-09  -3.048886e-12         224.51   0.0001061784
24   70    0  0.0   1    -0.06291239    0.005239562   1.996644e-07  -2.128168e-07   1.391252e-09  -2.712548e-12         224.51   0.0001182403
25   70    0  0.0   0    -0.05772714    0.004900457   6.237236e-06  -2.489156e-07   1.430296e-09  -2.571004e-12         237.78   4.668363e-05
25   70    0  0.0   1    -0.05414271    0.004600719   1.143483e-05  -2.915589e-07    1.59982e-09  -2.833108e-12         237.78   5.429943e-05
26   70    0  0.0   0    -0.07109177    0.005234659  -2.019709e-06  -1.630012e-07   1.079714e-09  -2.068562e-12       197.8201   0.0002886411
26   70    0  0.0   1    -0.07965465    0.005835531  -1.605926e-05  -1.777588e-08   3.993016e-10  -8.922891e-13        198.051   0.0003395567
27   70    0  0.0   0    -0.06883004    0.004523566   1.396498e-05  -3.082675e-07   1.642812e-09  -2.858809e-12       208.6489   0.0002130516
27   70    0  0.0   1    -0.06759112    0.004431146   1.558933e-05  -3.205274e-07   1.679948e-09  -2.888498e-12       208.1626   0.0002470458
28   70    0  0.0   0    -0.07475884    0.005385093  -6.330271e-06  -1.022951e-07   6.864108e-10  -1.211117e-12       215.9687    0.000238301
28   70    0  0.0   1    -0.07248516     0.00507101   2.265266e-06   -2.00769e-07   1.177281e-09  -2.094118e-12       217.6827   0.0002236974
29   70    0  0.0   0    -0.07885105    0.005946411  -1.686778e-05  -1.424999e-08   3.338776e-10  -6.690841e-13       222.7915   0.0001950557
29   70    0  0.0   1    -0.07788503    0.005887285  -1.642897e-05  -1.361296e-08   3.209977e-10  -6.483037e-13       223.7726   0.0002253307
30   70    0  0.0   0    -0.07066907    0.006491288  -3.041447e-05   1.142692e-07  -2.117282e-10   1.870063e-13       229.9237    0.000178613
30   70    0  0.0   1    -0.07252862    0.006461313  -2.983957e-05   1.127176e-07  -2.290985e-10   2.582224e-13       228.7484   0.0002285392
31   70    0  0.0   0    -0.06715474    0.006250169  -2.504478e-05   6.454807e-08  -1.123095e-11  -1.226996e-13         241.09   0.0001192732
31   70    0  0.0   1    -0.06727307    0.006288756  -2.729487e-05   9.399082e-08  -1.594694e-10    1.34593e-13         241.09   0.0001146406
32   70    0  0.0   0    -0.07086017    0.005961267  -1.764307e-05  -1.472198e-08   3.890217e-10  -8.421081e-13        210.919   0.0001969119
32   70    0  0.0   1    -0.06746174    0.005988175  -2.018946e-05    2.08202e-08   2.177291e-10  -5.824145e-13        212.077   0.0002523082
33   70    0  0.0   0    -0.07339247    0.005939329    -1.7477e-05  -1.210787e-08   3.542271e-10  -7.526375e-13       217.5064   0.0001999309
33   70    0  0.0   1    -0.07106639    0.005900413   -1.65749e-05  -1.517111e-08   3.348699e-10  -6.630457e-13       215.7549   0.0002778937
34   70    0  0.0   0    -0.06881182    0.006140074  -2.243544e-05   3.890435e-08   1.173855e-10  -3.563956e-13         225.39   0.0001555227
34   70    0  0.0   1    -0.06862133    0.006286273  -2.671516e-05   8.812752e-08  -1.368252e-10   1.245241e-13       224.6464   0.0001608935
35   70    0  0.0   0    -0.06636283    0.006313649  -2.697953e-05   8.014962e-08  -5.819856e-11  -6.924911e-14       232.2687   0.0002116884
35   70    0  0.0   1    -0.07066475    0.006592489  -3.372351e-05   1.538436e-07  -4.114319e-10   5.410243e-13       232.2178   0.0001411208
36   70    0  0.0   0    -0.07253042    0.006720496  -3.510909e-05   1.572962e-07  -3.976474e-10   4.810335e-13       238.1766   0.0001755911
36   70    0  0.0   1    -0.06407746    0.006214518  -2.530292e-05   7.026577e-08  -4.462156e-11  -5.722779e-14       241.3988   0.0001583859
37   70    0  0.0   0     -0.0693987    0.006858782  -4.101436e-05   2.286297e-07  -7.482447e-10   1.076183e-12       245.9181   0.0001345038
37   70    0  0.0   1     -0.0627581    0.006234431  -2.622119e-05   8.307626e-08   -1.12572e-10   6.201772e-14       248.9788   9.503081e-05
38   70    0  0.0   0     -0.0663414    0.006264375  -2.687666e-05   9.065653e-08  -1.380298e-10   1.148796e-13       221.1173   0.0001673417
38   70    0  0.0   1    -0.07014969    0.006577873  -3.384458e-05   1.573903e-07  -4.255809e-10   5.728347e-13       221.1596    0.000218269
39   70    0  0.0   0    -0.07217071     0.00683025  -3.858391e-05   1.944837e-07  -5.640632e-10   7.649604e-13        228.662   0.0001602084
39   70    0  0.0   1    -0.06442083    0.006361059   -2.88934e-05   1.076877e-07  -2.131871e-10   2.386314e-13       229.1479   0.0001724099
40   70    0  0.0   0    -0.06915728    0.006627924  -3.461277e-05   1.609503e-07  -4.387943e-10   5.797792e-13        236.294    0.000191894
40   70    0  0.0   1    -0.06975545    0.006820991  -3.895128e-05   2.029275e-07  -6.226208e-10   8.797923e-13       236.0832   0.0001480095
41   70    0  0.0   0    -0.06627901    0.006840677  -4.074557e-05   2.251369e-07  -7.291687e-10   1.046754e-12          242.1   0.0001949526
41   70    0  0.0   1    -0.06606056     0.00689595  -4.117643e-05   2.230854e-07  -7.012993e-10   9.831707e-13          242.1   0.0001685376
42   70    0  0.0   0    -0.06190267    0.006501826  -3.298582e-05   1.507578e-07  -4.145569e-10   5.528567e-13       250.6418   0.0001355881
42   70    0  0.0   1    -0.06486034    0.006744365  -3.735202e-05   1.835459e-07  -5.242388e-10   6.881755e-13       250.6152   0.0001395276
43   70    0  0.0   0    -0.06157853    0.006589209  -3.504852e-05   1.677797e-07  -4.743408e-10   6.186346e-13       259.5103   0.0001258414
43   70    0  0.0   1    -0.05964442    0.006501912  -3.308694e-05   1.508081e-07  -4.132315e-10   5.415402e-13        259.705   0.0001518818
44   70    0  0.0   0    -0.06528236    0.006156323  -2.569015e-05   9.012467e-08  -1.852627e-10   2.499203e-13         230.24   0.0001785542
44   70    0  0.0   1    -0.06692047    0.006326349  -3.029786e-05   1.411489e-07  -4.284979e-10   6.660905e-13         230.24   0.0001729879
45   70    0  0.0   0    -0.06534796    0.006028207  -2.146951e-05   4.241411e-08   4.211353e-11  -1.470376e-13       238.9606   5.571333e-05
45   70    0  0.0   1    -0.06238598    0.006142508  -2.538955e-05   8.101266e-08  -1.148674e-10    8.02569e-14       238.2957    0.000142413
46   70    0  0.0   0    -0.06130836    0.006599784  -3.514078e-05   1.701141e-07   -4.96314e-10   6.914812e-13       242.9469   0.0001551901
46   70    0  0.0   1    -0.05959375    0.006346467  -3.001051e-05   1.246147e-07  -3.042675e-10   3.838274e-13       242.9654   0.0001327411
47   70    0  0.0   0    -0.05565351     0.00644811   -3.23888e-05   1.467652e-07  -4.016418e-10   5.386417e-13       250.2526   0.0001291941
47   70    0  0.0   1     -0.0601333    0.006756747  -3.869881e-05   1.973518e-07  -5.822415e-10   7.784021e-13       249.4347   0.0001692154
48   70    0  0.0   0    -0.05543884    0.006277312   -2.93961e-05   1.210941e-07  -3.030129e-10   3.943174e-13        257.205   0.0001795519
48   70    0  0.0   1    -0.04840004    0.005986996  -2.399031e-05   7.595004e-08  -1.205698e-10   1.094308e-13       258.8577   7.224562e-05
49   70    0  0.0   0    -0.05024417    0.006225476   -2.96191e-05   1.302382e-07  -3.531716e-10   4.689202e-13       264.7928   5.053412e-05
49   70    0  0.0   1    -0.04791248    0.006264873   -3.04644e-05   1.373951e-07  -3.815093e-10   5.102241e-13        263.581    0.000134115
50   70    0  0.0   0    -0.06910366    0.007000684  -4.355907e-05   2.496289e-07  -8.324835e-10   1.226403e-12         236.72   0.0001801439
50   70    0  0.0   1    -0.07001774    0.007025758  -4.355441e-05   2.456872e-07  -8.031545e-10   1.163382e-12         236.72   0.0002273458
51   70    0  0.0   0    -0.06956683    0.006758843  -3.760274e-05   1.935142e-07   -6.06523e-10     8.8637e-13         243.34    0.000206482
51   70    0  0.0   1    -0.06714829    0.006617492  -3.468842e-05   1.686033e-07   -5.14904e-10   7.651586e-13         243.34   0.0002801428
52   70    0  0.0   0    -0.07537115    0.007027989  -4.313961e-05   2.422801e-07  -8.019924e-10   1.161481e-12         248.55   0.0002256336
52   70    0  0.0   1    -0.07127079    0.006827449   -3.89819e-05   2.032042e-07  -6.354712e-10   9.022812e-13         248.55   0.0002105049
53   70    0  0.0   0    -0.06068129    0.006859321  -4.204593e-05   2.416064e-07  -8.181206e-10   1.201049e-12         253.49   0.0003659723
53   70    0  0.0   1    -0.05905898    0.006838515  -4.205809e-05   2.423888e-07  -8.175719e-10   1.190652e-12         253.49     0.00038622
54   70    0  0.0   0    -0.06069586    0.007104944  -4.764011e-05   2.904183e-07  -1.005211e-09   1.452307e-12            258   0.0005091784
54   70    0  0.0   1    -0.05745968    0.007049121  -4.629831e-05   2.746052e-07  -9.259367e-10   1.314893e-12            258   0.0005122259
55   70    0  0.0   0    -0.02615724    0.005933984   -2.63862e-05   1.004683e-07  -2.354739e-10   2.652061e-13            305   2.260067e-05
55   70    0  0.0   1    -0.02795642    0.006131438  -2.962473e-05   1.233492e-07  -3.086181e-10    3.51709e-13            305   7.333234e-05
0   90    0  0.0   0   -0.003290115   -0.002753631   0.0002907031   -5.18168e-06   4.255168e-08  -1.377434e-10       86.43371   0.0008495303
0   90    0  0.0   1   -0.002821661   -0.003037313    0.000323646  -6.149198e-06   5.423231e-08  -1.889286e-10       89.24784   0.0008079682
1   90    0  0.0   0   -0.001929662   -0.003132217   0.0003671213  -7.768673e-06   7.560199e-08  -2.836176e-10       92.78839   0.0008086217
1   90    0  0.0   1   -0.004397981   -0.002808932   0.0003577232  -7.600622e-06    7.37503e-08   -2.74614e-10       93.12468   0.0008071341
2   90    0  0.0   0    0.003729206   -0.003656504   0.0003731202  -7.557461e-06   7.018936e-08  -2.497728e-10       98.22278   0.0007467799
2   90    0  0.0   1    0.003987804   -0.003671037   0.0003880229  -8.014246e-06   7.525277e-08  -2.688556e-10       98.03176   0.0007658154
3   90    0  0.0   0    0.001915505   -0.003235766   0.0003513473  -6.987061e-06   6.306089e-08  -2.162641e-10        102.947   0.0007063113
3   90    0  0.0   1    -0.01158902   -0.001837451   0.0003094319  -6.399602e-06   5.912196e-08  -2.059498e-10       103.0344   0.0007321933
4   90    0  0.0   0    -0.01772034  -0.0006954848      0.0002518  -5.128579e-06   4.617868e-08  -1.562872e-10       107.7579   0.0006785092
4   90    0  0.0   1    -0.03074179   0.0005428926   0.0002124497  -4.524824e-06   4.166491e-08   -1.42946e-10       107.7499   0.0006801559
5   90    0  0.0   0    -0.02649262   0.0005361398   0.0001982898  -4.038665e-06   3.566028e-08  -1.175835e-10       112.8198   0.0006464956
5   90    0  0.0   1    -0.04513693    0.002779758   0.0001164246  -2.640671e-06   2.439338e-08  -8.302223e-11       112.2403   0.0006407504
6   90    0  0.0   0    -0.01211043   -0.001064632   0.0002385768  -4.382814e-06   3.556182e-08  -1.082063e-10       119.3837   0.0006363865
6   90    0  0.0   1    -0.03681455    0.001589121   0.0001471025  -2.906053e-06    2.42462e-08   -7.50179e-11       118.0661   0.0006213366
7   90    0  0.0   0    -0.02041106  -0.0002302934     0.00018858    -3.2489e-06   2.452668e-08  -6.943678e-11       123.0948   0.0006176634
7   90    0  0.0   1    -0.02522366   0.0004301761   0.0001822996  -3.308274e-06   2.571458e-08  -7.416998e-11       124.3996   0.0006151299
8   90    0  0.0   0    0.008732573   -0.002374924   0.0002503262   -4.02359e-06   2.900168e-08  -7.886141e-11       132.3515   0.0004031737
8   90    0  0.0   1    0.002449717   -0.002018001   0.0002357807  -3.775544e-06   2.711927e-08  -7.362265e-11       132.8298   0.0004107717
9   90    0  0.0   0    -0.03052328    0.001395003   0.0001338826  -2.314839e-06   1.680624e-08  -4.485629e-11         141.44   0.0003737733
9   90    0  0.0   1    -0.01700418   9.308387e-05   0.0001670759  -2.711742e-06   1.906208e-08  -4.977927e-11       143.1396   0.0003750361
10   90    0  0.0   0    -0.03074695     0.00143914   0.0001200022  -1.927236e-06   1.290835e-08   -3.16552e-11       161.8714   0.0003597652
10   90    0  0.0   1     -0.0236451   0.0006785751   0.0001388134  -2.152385e-06   1.419773e-08  -3.447711e-11          161.8   0.0003585627
11   90    0  0.0   0    -0.05189649    0.003198077   6.006479e-05   -1.00016e-06   6.289789e-09  -1.407581e-11        158.872   0.0003909857
11   90    0  0.0   1    -0.04434138    0.002219827   8.808562e-05  -1.362556e-06   8.451543e-09  -1.891665e-11        158.872   0.0004006181
12   90    0  0.0   0    -0.04419461     0.00254107   6.967182e-05  -1.016045e-06    5.80568e-09  -1.189259e-11        169.646   0.0004063763
12   90    0  0.0   1    -0.04854646    0.002947895   5.989573e-05  -9.042856e-07    5.19423e-09  -1.061186e-11        169.646   0.0003754329
13   90    0  0.0   0    -0.06009431    0.004426937   1.964114e-05  -4.137626e-07   2.401327e-09   -4.63424e-12        180.941   0.0003427608
13   90    0  0.0   1    -0.05765504    0.004128453   2.881372e-05  -5.418528e-07   3.227751e-09  -6.593242e-12        180.941   0.0002814993
14   90    0  0.0   0    -0.04103278    0.002439173   8.909961e-05  -1.472761e-06   9.705198e-09  -2.305417e-11       160.7573   0.0003164182
14   90    0  0.0   1    -0.03415426    0.001921169   9.962644e-05   -1.57152e-06   1.015426e-08  -2.388258e-11       165.2885   0.0003382308
15   90    0  0.0   0    -0.06877538     0.00542186  -1.168323e-05   -2.38755e-08    4.49892e-10  -1.496534e-12       170.9781   0.0002690779
15   90    0  0.0   1    -0.04582219       0.002797   7.142666e-05  -1.139942e-06   7.033511e-09  -1.552662e-11       171.2789   0.0003331851
16   90    0  0.0   0     -0.0335083     0.00139033   9.949106e-05  -1.339567e-06   7.358571e-09  -1.462259e-11         183.07   0.0003269881
16   90    0  0.0   1    -0.03484824    0.001355324   9.618701e-05    -1.2687e-06   6.868373e-09  -1.350414e-11         183.07   0.0003105358
17   90    0  0.0   0     -0.0413294    0.002020481   8.166559e-05  -1.104173e-06   5.905989e-09  -1.130227e-11       208.4929   0.0002751265
17   90    0  0.0   1    -0.02841794   0.0009749054    0.000102326  -1.293416e-06   6.729903e-09  -1.268391e-11       206.8615   0.0003036653
18   90    0  0.0   0    -0.04596865    0.002597986   6.455486e-05   -8.75818e-07   4.539767e-09  -8.349802e-12         208.38   0.0002544043
18   90    0  0.0   1    -0.03667609    0.001603826   8.280141e-05  -1.037081e-06   5.218039e-09  -9.434174e-12       219.8284   0.0002901682
19   90    0  0.0   0    -0.08763702    0.006550439  -3.617458e-05   2.560066e-07   -1.31173e-09   2.965764e-12        190.435   0.0009407095
19   90    0  0.0   1    -0.07414484    0.005328245  -9.254786e-06  -1.520571e-08  -4.650577e-11   7.479365e-13        190.435          0.001
20   90    0  0.0   0    -0.04772203    0.003548376   4.570624e-05  -7.645949e-07   4.561651e-09  -9.551043e-12       179.3857   0.0002741421
20   90    0  0.0   1    -0.05337215    0.003857657   3.658144e-05  -6.464238e-07   3.867656e-09  -8.039459e-12       178.3427   0.0002878038
21   90    0  0.0   0     -0.0612162      0.0045258   1.881981e-05  -4.277465e-07   2.595613e-09  -5.258633e-12       187.3937   0.0002604565
21   90    0  0.0   1    -0.05528686    0.003972117   3.116035e-05    -5.5062e-07    3.15622e-09  -6.217015e-12       187.8093   0.0002624433
22   90    0  0.0   0    -0.06043152     0.00479465   1.238406e-05  -3.561017e-07   2.195267e-09  -4.408641e-12         199.63   0.0001696476
22   90    0  0.0   1     -0.0601298    0.004652627   1.620261e-05   -3.99495e-07   2.414648e-09  -4.813951e-12         199.63   0.0001675817
23   90    0  0.0   0    -0.05978697    0.005022322   7.902662e-06  -3.168316e-07   2.005895e-09  -4.017349e-12         213.99   0.0001611462
23   90    0  0.0   1     -0.0549302    0.004669652   1.533654e-05  -3.876491e-07   2.318463e-09  -4.537914e-12         213.99    0.000135944
24   90    0  0.0   0    -0.05139451    0.004560587   1.647847e-05  -3.820838e-07   2.186129e-09  -4.095831e-12         230.01   0.0001013053
24   90    0  0.0   1    -0.04648924    0.004230631   2.241228e-05  -4.304681e-07   2.369755e-09  -4.361342e-12         230.01   0.0001334814
25   90    0  0.0   0    -0.06572941    0.005501973  -7.219319e-06  -1.167866e-07   8.466901e-10  -1.625517e-12          231.1   0.0001150339
25   90    0  0.0   1     -0.0597655    0.004986294   2.504635e-06  -1.987784e-07   1.162398e-09  -2.076658e-12          231.1   0.0001035986
26   90    0  0.0   0     -0.0648066    0.004804923   9.464647e-06  -2.979692e-07   1.800192e-09  -3.499267e-12       199.4498   0.0002394624
26   90    0  0.0   1    -0.06313046    0.004676883   1.302039e-05  -3.381216e-07   1.998047e-09  -3.855477e-12       199.7172   0.0002862515
27   90    0  0.0   0    -0.06633422     0.00435169   1.885943e-05  -3.683929e-07   1.973388e-09  -3.527198e-12       208.3809     0.00028139
27   90    0  0.0   1     -0.0646384    0.004216856   2.199456e-05  -4.030523e-07   2.152593e-09  -3.876315e-12       208.8023   0.0003019086
28   90    0  0.0   0    -0.07456605     0.00531897  -3.639635e-06  -1.380271e-07   8.800589e-10  -1.586074e-12       215.9731   0.0002208565
28   90    0  0.0   1    -0.06386597    0.004571698   1.274406e-05  -2.978243e-07   1.587214e-09  -2.743858e-12       217.0863   0.0002170336
29   90    0  0.0   0    -0.07172464     0.00550819  -6.516316e-06  -1.223626e-07   8.499229e-10  -1.589271e-12       222.7104   0.0002124411
29   90    0  0.0   1    -0.07205332    0.005513224  -8.072135e-06  -9.294087e-08   6.569767e-10  -1.172146e-12       222.4747   0.0002194524
30   90    0  0.0   0    -0.07338201    0.006668659  -3.413621e-05   1.511179e-07  -3.777578e-10   4.614317e-13       228.2939   0.0001634286
30   90    0  0.0   1    -0.07194245    0.006398782   -2.76675e-05   8.669471e-08  -9.828857e-11   1.971082e-14       228.6407   0.0001853676
31   90    0  0.0   0    -0.06815464    0.006345057   -2.67369e-05    7.64587e-08  -4.174896e-11  -1.110813e-13         242.06    8.84095e-05
31   90    0  0.0   1    -0.06386315    0.005946702  -1.860605e-05    6.92736e-09   2.182949e-10  -4.615613e-13         242.06    9.80432e-05
32   90    0  0.0   0    -0.06942532    0.005907335  -1.722625e-05  -1.405231e-08    3.86641e-10  -8.741245e-13       210.7205   0.0002355191
32   90    0  0.0   1    -0.06579517    0.005772351  -1.389956e-05  -5.002639e-08   5.613936e-10  -1.185492e-12       210.9436   0.0002111713
33   90    0  0.0   0      -0.060006    0.005243666  -3.996477e-06  -1.284333e-07   8.168686e-10  -1.446003e-12       216.0079   0.0001721953
33   90    0  0.0   1    -0.06937095    0.005863148  -1.641417e-05  -1.402757e-08   3.290331e-10  -6.670477e-13       215.3193   0.0002042407
34   90    0  0.0   0    -0.06820604    0.006225367  -2.472358e-05   6.342816e-08  -3.176244e-12  -1.326889e-13       222.0813   0.0001925202
34   90    0  0.0   1    -0.06763539    0.006284883  -2.695594e-05   8.969446e-08  -1.307653e-10   8.207646e-14       224.7686   0.0001396926
35   90    0  0.0   0    -0.07272119    0.006719774  -3.608792e-05   1.727997e-07  -4.794598e-10   6.281991e-13       231.0323   0.0001406113
35   90    0  0.0   1    -0.06299263    0.006044932  -2.050543e-05    1.79218e-08   2.096814e-10  -5.022146e-13       234.3019   0.0001416643
36   90    0  0.0   0     -0.0664609    0.006478703  -3.028044e-05   1.120308e-07  -2.036299e-10    1.69452e-13       238.9274   0.0001725464
36   90    0  0.0   1    -0.06083374    0.006096863  -2.368321e-05   6.110745e-08  -2.553537e-11  -6.042063e-14       239.8249   0.0001027584
37   90    0  0.0   0    -0.06342248    0.006323288  -2.757404e-05   9.132379e-08  -1.317972e-10   6.743909e-14       248.9469   9.743067e-05
37   90    0  0.0   1    -0.06181156     0.00633206  -2.919129e-05   1.164555e-07  -2.757334e-10   3.478424e-13        246.137     6.0228e-05
38   90    0  0.0   0    -0.06859659    0.006477352  -3.112925e-05   1.278519e-07  -2.833191e-10   3.169734e-13       221.0526   0.0001674593
38   90    0  0.0   1     -0.0693701    0.006457813  -2.971877e-05   1.080842e-07  -1.761764e-10     1.1242e-13       222.1781   0.0001877773
39   90    0  0.0   0    -0.06388005    0.006349909  -2.793456e-05   8.990133e-08  -9.499242e-11  -2.153619e-14       228.6222   0.0001782031
39   90    0  0.0   1    -0.06996188    0.006709061   -3.58838e-05   1.714842e-07  -4.829558e-10   6.641251e-13       228.2581   0.0001487713
40   90    0  0.0   0    -0.06709919    0.006527796  -3.235908e-05   1.385346e-07  -3.377944e-10   4.106315e-13       235.7424   0.0001943691
40   90    0  0.0   1    -0.06606397    0.006541314  -3.151613e-05   1.219112e-07  -2.372606e-10   2.130646e-13       236.0074   0.0001699461
41   90    0  0.0   0    -0.06457569    0.006709567  -3.682861e-05    1.79974e-07  -5.075752e-10    6.57936e-13       241.7664   0.0001463016
41   90    0  0.0   1    -0.06291943    0.006688692  -3.655333e-05    1.80586e-07  -5.275235e-10   7.173299e-13          242.1   0.0001322066
42   90    0  0.0   0    -0.06632762    0.006734421  -3.655561e-05   1.749551e-07  -4.885709e-10   6.342152e-13       249.2397   9.428222e-05
42   90    0  0.0   1    -0.06310633    0.006671527  -3.585902e-05   1.697662e-07  -4.661178e-10   5.950981e-13       250.5432   0.0001176092
43   90    0  0.0   0    -0.06340717     0.00665505  -3.538118e-05   1.665673e-07  -4.609146e-10   5.899799e-13       259.2294    5.01266e-05
43   90    0  0.0   1    -0.05798017    0.006365371  -2.976761e-05   1.185997e-07  -2.766833e-10   3.287836e-13       259.7837   9.969961e-05
44   90    0  0.0   0    -0.06149101    0.005832935  -1.741718e-05   1.211564e-09    2.37851e-10  -4.848457e-13       229.4619   0.0002214636
44   90    0  0.0   1    -0.06221087    0.005994212  -2.160409e-05   4.670865e-08   1.952784e-11  -1.063693e-13         230.24   0.0002240907
45   90    0  0.0   0    -0.05913845    0.005744348  -1.588313e-05  -9.851615e-09   2.687222e-10  -5.147176e-13       237.4332   0.0001688556
45   90    0  0.0   1    -0.06185572    0.006033037  -2.201895e-05   4.615397e-08   3.745036e-11  -1.638499e-13       239.2236   7.779073e-05
46   90    0  0.0   0    -0.05387884     0.00617387  -2.653344e-05   9.133853e-08  -1.612449e-10   1.571064e-13       241.8871   0.0001136632
46   90    0  0.0   1    -0.05507308    0.006099552  -2.420467e-05   6.705951e-08  -5.286903e-11   -2.18322e-14       244.4175   0.0001104176
47   90    0  0.0   0    -0.05173766    0.006279938  -2.899896e-05   1.139074e-07  -2.567932e-10   3.024242e-13       248.5442   0.0001491802
47   90    0  0.0   1    -0.05146142    0.006244321  -2.866219e-05   1.138166e-07  -2.664235e-10   3.290779e-13       250.0682   0.0001168948
48   90    0  0.0   0    -0.05180743    0.006114087  -2.638799e-05   9.589558e-08  -2.014113e-10   2.351918e-13       256.8067    0.000119081
48   90    0  0.0   1    -0.05461249    0.006377389   -3.07087e-05   1.281118e-07  -3.120023e-10   3.775701e-13       257.0339   9.210813e-05
49   90    0  0.0   0    -0.05022493     0.00622121  -2.869237e-05   1.164071e-07  -2.792567e-10   3.338274e-13       263.7233    9.48079e-05
49   90    0  0.0   1    -0.04562857    0.006104301  -2.645842e-05   9.879379e-08  -2.233049e-10   2.765147e-13       263.4268   0.0001011289
50   90    0  0.0   0    -0.06915177    0.006988096  -4.187211e-05   2.219408e-07  -6.669666e-10     8.9075e-13         236.72   0.0001639081
50   90    0  0.0   1      -0.063124    0.006722808  -3.758338e-05   1.936446e-07  -5.953625e-10   8.500082e-13         236.72   0.0001322999
51   90    0  0.0   0    -0.07275586    0.006873437  -3.826243e-05   1.874811e-07  -5.399555e-10   7.267957e-13         243.34    0.000199091
51   90    0  0.0   1    -0.06739664    0.006717255  -3.660178e-05   1.811784e-07  -5.363475e-10   7.423793e-13         243.34    0.000239101
52   90    0  0.0   0    -0.07096344    0.006600512  -3.234647e-05   1.335096e-07  -3.269735e-10   4.113684e-13         248.55   0.0001786513
52   90    0  0.0   1    -0.07240402     0.00691446  -4.004623e-05    2.09549e-07  -6.545185e-10   9.221994e-13         248.55    0.000146661
53   90    0  0.0   0    -0.06058739    0.006754277     -3.873e-05   2.057801e-07  -6.569081e-10   9.407807e-13         253.49   0.0003404047
53   90    0  0.0   1    -0.05928581    0.006798604  -3.951147e-05   2.091526e-07  -6.524982e-10   9.068369e-13         253.49   0.0003862678
54   90    0  0.0   0    -0.05847927    0.006916984  -4.298548e-05   2.443839e-07  -8.065069e-10   1.140781e-12            258   0.0004700104
54   90    0  0.0   1       -0.06144    0.007259843  -4.928798e-05   2.949727e-07  -9.945478e-10   1.404763e-12            258   0.0004479912
55   90    0  0.0   0    -0.03258435    0.006252349  -3.158538e-05   1.381614e-07  -3.600856e-10   4.173688e-13       302.1489    0.000167372
55   90    0  0.0   1    -0.02800258    0.006226633  -3.131033e-05   1.360815e-07  -3.515656e-10   4.039468e-13       302.8988   0.0001553586
0  115    0  0.0   0   -0.002968891    -0.00283223    0.000293482  -5.248932e-06   4.346578e-08  -1.428731e-10       89.24895    0.000830859
0  115    0  0.0   1    -0.01068939   -0.002597703   0.0003271289   -6.63622e-06    6.21279e-08  -2.266916e-10       89.24633   0.0008189738
1  115    0  0.0   0   -0.002537404   -0.003409185   0.0003896654  -8.406196e-06   8.297519e-08  -3.134894e-10       92.49501   0.0008360583
1  115    0  0.0   1    -0.01346299   -0.001987805   0.0003270136  -7.022508e-06   6.824776e-08  -2.537058e-10         93.125   0.0008191118
2  115    0  0.0   0    0.001883224   -0.003501135   0.0003647378  -7.352015e-06   6.790868e-08  -2.404119e-10       98.41286   0.0007656822
2  115    0  0.0   1    -0.01797333   -0.001148575   0.0002814263  -5.945575e-06   5.650679e-08  -2.044917e-10         98.735   0.0007529841
3  115    0  0.0   0    -0.02542008  -0.0005316202   0.0002501991  -5.204767e-06   4.807859e-08  -1.678223e-10       104.2501   0.0007173876
3  115    0  0.0   1    -0.02083668   -0.001006313   0.0002782479  -5.821612e-06   5.387557e-08  -1.874412e-10       104.0248   0.0007332045
4  115    0  0.0   0   -0.003952012   -0.002234717   0.0003092042  -6.095899e-06   5.367217e-08  -1.778368e-10       106.9845   0.0006733834
4  115    0  0.0   1    -0.03043388   0.0005497235   0.0002097079  -4.426125e-06   4.038405e-08  -1.373752e-10         107.75   0.0006895361
5  115    0  0.0   0    -0.03809231    0.001750809   0.0001507319  -3.180167e-06    2.84048e-08  -9.434382e-11       111.8355   0.0006461682
5  115    0  0.0   1     -0.0482481    0.002772564   0.0001228639  -2.806598e-06    2.58841e-08  -8.740752e-11        111.831   0.0006626038
6  115    0  0.0   0    -0.02855923   0.0004167513   0.0001896049  -3.632223e-06   3.010568e-08  -9.293613e-11        117.742   0.0006502357
6  115    0  0.0   1     -0.0367389    0.001372899   0.0001576172  -3.105644e-06    2.58816e-08  -7.982737e-11        119.378   0.0006333925
7  115    0  0.0   0    -0.03099556   0.0006661521   0.0001618964  -2.887847e-06   2.218764e-08  -6.351562e-11       123.9458   0.0006259607
7  115    0  0.0   1    -0.02929771   0.0007579614   0.0001725961  -3.168221e-06   2.463374e-08  -7.073753e-11       123.9732   0.0006673223
8  115    0  0.0   0   -0.005979089   -0.001082546   0.0002094723  -3.434438e-06   2.500041e-08  -6.842057e-11       133.9239   0.0003827816
8  115    0  0.0   1    0.005849498   -0.002460561   0.0002550197  -4.132049e-06   2.999512e-08  -8.188928e-11       132.4019   0.0004144009
9  115    0  0.0   0    -0.03061384    0.001395921   0.0001334851  -2.296843e-06    1.65337e-08  -4.364015e-11       142.1702   0.0003622466
9  115    0  0.0   1    -0.01627995   -7.05734e-05   0.0001723575  -2.773735e-06   1.930139e-08  -4.977682e-11       144.8486   0.0003464717
10  115    0  0.0   0    -0.03115553    0.001370893   0.0001236677   -1.98718e-06   1.327324e-08  -3.235398e-11       162.1053   0.0003490916
10  115    0  0.0   1    -0.03694341    0.001806054   0.0001048002  -1.690961e-06   1.131969e-08  -2.776986e-11       162.9512   0.0003249327
11  115    0  0.0   0    -0.04757681    0.002705291   7.612908e-05  -1.222829e-06   7.648719e-09  -1.708973e-11        158.872   0.0004480065
11  115    0  0.0   1    -0.05354807    0.003240284   5.430536e-05  -8.874151e-07   5.449417e-09   -1.19049e-11        158.872   0.0004116562
12  115    0  0.0   0    -0.05783671    0.003667524   3.860436e-05  -6.395151e-07   3.697043e-09  -7.421937e-12        169.646   0.0004014427
12  115    0  0.0   1    -0.05880905    0.003753545   3.823705e-05  -6.390212e-07   3.673492e-09  -7.301611e-12        169.646   0.0003922385
13  115    0  0.0   0    -0.06544874    0.004798414    9.52657e-06  -2.977802e-07   1.803951e-09  -3.476437e-12        180.941   0.0003380097
13  115    0  0.0   1    -0.05639216    0.004072426   3.072414e-05  -5.753995e-07   3.464962e-09  -7.151812e-12        180.941    0.000352046
14  115    0  0.0   0    -0.04625767    0.002832822   7.826707e-05  -1.337139e-06   8.917773e-09  -2.132358e-11       161.1352   0.0003093061
14  115    0  0.0   1    -0.04685285    0.002719612   8.055946e-05  -1.356733e-06    8.99232e-09  -2.143358e-11       166.6302   0.0003513696
15  115    0  0.0   0    -0.05547119    0.003698029   4.986288e-05  -9.030394e-07   5.823882e-09  -1.318694e-11       169.6443   0.0003192036
15  115    0  0.0   1     -0.0490421    0.003200775   5.721252e-05  -9.392382e-07   5.795369e-09   -1.27351e-11       170.4337   0.0003548985
16  115    0  0.0   0    -0.04414102    0.002034076   8.637806e-05  -1.220652e-06   6.857957e-09  -1.381145e-11       183.6643   0.0003292793
16  115    0  0.0   1    -0.03483054    0.001344965   9.659864e-05  -1.274811e-06   6.896581e-09   -1.35297e-11       183.1418   0.0003089562
17  115    0  0.0   0    -0.04443549    0.002187236   7.842636e-05  -1.074263e-06   5.777122e-09  -1.109587e-11       205.8283     0.00026515
17  115    0  0.0   1    -0.03262737    0.001161488   9.865139e-05  -1.260361e-06     6.5853e-09  -1.243214e-11         203.72   0.0002871725
18  115    0  0.0   0    -0.04625536    0.002685436   6.235536e-05  -8.564899e-07   4.474223e-09  -8.283314e-12         208.38   0.0002658165
18  115    0  0.0   1    -0.04055526    0.001785452   7.774172e-05  -9.716442e-07    4.84093e-09  -8.652651e-12       212.3688   0.0002290378
19  115    0  0.0   0    -0.08582777    0.006474157  -3.474933e-05   2.442549e-07  -1.276197e-09   2.955931e-12        190.435   0.0008224823
19  115    0  0.0   1    -0.07552129     0.00533034  -9.314278e-06  -1.229171e-08  -7.835117e-11   8.393431e-13        190.435   0.0009460206
20  115    0  0.0   0    -0.05330869    0.003911666   3.679047e-05  -6.673604e-07    4.06315e-09  -8.570368e-12       180.5623   0.0002601521
20  115    0  0.0   1    -0.04888843    0.003565318    4.43397e-05  -7.405173e-07    4.38487e-09  -9.088257e-12         180.15   0.0003186943
21  115    0  0.0   0    -0.05583764    0.004094635   2.912672e-05  -5.408797e-07   3.173969e-09  -6.376535e-12       189.4796    0.000247533
21  115    0  0.0   1    -0.05180784    0.003669562   3.868064e-05  -6.320366e-07   3.556418e-09  -6.945407e-12        188.808   0.0002842784
22  115    0  0.0   0    -0.06131185    0.004741713   1.515081e-05  -3.974547e-07   2.436479e-09  -4.891551e-12         199.63   0.0002260626
22  115    0  0.0   1    -0.06163432    0.004776438   1.361673e-05  -3.778984e-07   2.332572e-09  -4.694325e-12         199.63   0.0002336593
23  115    0  0.0   0    -0.06095098    0.005155328   4.892805e-06  -2.927891e-07   1.925222e-09  -3.920538e-12         213.99   0.0001683064
23  115    0  0.0   1    -0.06374259    0.005235929   2.324718e-06  -2.536347e-07    1.68101e-09  -3.400069e-12         213.99     0.00015507
24  115    0  0.0   0    -0.05451753     0.00473995    1.28818e-05  -3.504453e-07   2.057186e-09  -3.897165e-12         230.01   0.0001362277
24  115    0  0.0   1    -0.05812488    0.005452715  -1.371971e-05   -1.19943e-08   3.145617e-10  -7.796853e-13       234.0623    2.37575e-05
25  115    0  0.0   0    -0.06194099    0.005360168  -5.288713e-06  -1.277016e-07    8.66005e-10  -1.612635e-12          231.1   0.0001383905
25  115    0  0.0   1    -0.06364185    0.005213734  -2.634368e-06  -1.467315e-07   9.180505e-10  -1.648544e-12          231.1   0.0001143787
26  115    0  0.0   0    -0.06885921    0.005085254   3.157094e-06  -2.338652e-07   1.492101e-09  -2.928777e-12       198.1926   0.0003033801
26  115    0  0.0   1    -0.06700409    0.005021069    4.61006e-06  -2.507655e-07   1.582921e-09  -3.109087e-12       199.6346   0.0003194741
27  115    0  0.0   0    -0.07029473    0.004536265   1.592936e-05  -3.465244e-07   1.887426e-09  -3.376972e-12       208.0199     0.00029116
27  115    0  0.0   1    -0.06116861    0.003998067   2.715356e-05  -4.552458e-07    2.38399e-09  -4.244214e-12       210.2953   0.0002770542
28  115    0  0.0   0    -0.06316097    0.004530164   1.453465e-05  -3.219458e-07   1.726156e-09  -3.031817e-12       217.0837   0.0002427175
28  115    0  0.0   1     -0.0669176    0.004794679   7.894689e-06  -2.535359e-07   1.407803e-09  -2.476642e-12       218.3302   0.0002148842
29  115    0  0.0   0    -0.06731603    0.005350556  -5.143848e-06  -1.214058e-07   7.944322e-10  -1.423177e-12        221.918   0.0002489543
29  115    0  0.0   1    -0.06803576    0.005325862  -4.950776e-06  -1.203044e-07   7.834485e-10  -1.403958e-12       222.5905   0.0002403947
30  115    0  0.0   0    -0.06900004    0.006374716  -2.835075e-05   1.008579e-07  -1.754068e-10   1.498784e-13       227.8204   0.0001903579
30  115    0  0.0   1     -0.0677399    0.006214348  -2.483361e-05   6.572497e-08  -2.210392e-11   -9.10872e-14        229.559   0.0002031987
31  115    0  0.0   0    -0.06528719    0.006142677  -2.228463e-05   3.293909e-08   1.498241e-10  -4.201884e-13         242.06   9.693765e-05
31  115    0  0.0   1    -0.06849076    0.006296145  -2.669276e-05   8.339096e-08   -9.73563e-11   1.025728e-14         242.06   0.0001056091
32  115    0  0.0   0    -0.06629772     0.00567926  -1.148484e-05  -7.665632e-08   6.884805e-10  -1.400496e-12       211.5418   0.0001833589
32  115    0  0.0   1    -0.06748157    0.005835022  -1.626376e-05  -1.441879e-08    3.38506e-10  -7.010009e-13       209.1692   0.0002656354
33  115    0  0.0   0    -0.06425726    0.005424831  -6.289037e-06   -1.22121e-07   8.547067e-10  -1.608532e-12       217.0478   0.0002217716
33  115    0  0.0   1    -0.07160537    0.006011072  -1.842045e-05  -9.330686e-09   3.725524e-10  -8.422631e-13       217.6178   0.0002416939
34  115    0  0.0   0    -0.06638678    0.006114959  -2.210226e-05   3.688002e-08   1.116085e-10  -3.127777e-13       223.5075   0.0002103707
34  115    0  0.0   1    -0.06573719    0.005976115  -1.836151e-05  -6.377181e-09   3.381465e-10  -7.498159e-13       227.1869    0.000179031
35  115    0  0.0   0    -0.06572676    0.006335836  -2.809795e-05   9.990084e-08  -1.805276e-10   1.771089e-13       230.9405   0.0002071061
35  115    0  0.0   1    -0.07151876    0.006605216  -3.198563e-05   1.217377e-07  -2.287428e-10   2.010816e-13       232.6632   0.0001595338
36  115    0  0.0   0     -0.0610137    0.006177327  -2.461693e-05    6.69269e-08  -4.630981e-11  -2.882745e-14         238.76   0.0001784308
36  115    0  0.0   1    -0.06587837    0.006414506  -3.043761e-05   1.225972e-07  -2.750073e-10   3.102151e-13       239.6072   0.0002021365
37  115    0  0.0   0    -0.06288205    0.006366707   -2.90704e-05   1.070778e-07  -1.998449e-10    1.72139e-13        249.863   9.604711e-05
37  115    0  0.0   1    -0.06799903    0.006685942  -3.525037e-05   1.610604e-07  -4.194149e-10   5.092396e-13       248.4791   0.0001242924
38  115    0  0.0   0     -0.0727532    0.006749287  -3.699596e-05   1.799358e-07  -4.864412e-10   6.086084e-13       220.4991   0.0001849893
38  115    0  0.0   1     -0.0645902    0.006240541  -2.571377e-05   7.158736e-08  -2.013568e-11  -1.318966e-13       221.3476   0.0001858699
39  115    0  0.0   0     -0.0665783    0.006512227  -3.172774e-05    1.27547e-07   -2.61125e-10   2.475956e-13       227.3808   0.0002094193
39  115    0  0.0   1    -0.06832586    0.006594956  -3.258851e-05   1.306829e-07  -2.632827e-10   2.413773e-13         230.44   0.0001372036
40  115    0  0.0   0    -0.06783484    0.006568843  -3.317978e-05   1.427655e-07  -3.355511e-10   3.739651e-13       235.8353   0.0001458905
40  115    0  0.0   1    -0.06600521    0.006593688  -3.381413e-05    1.50093e-07  -3.724472e-10   4.368721e-13       236.2076   0.0001642679
41  115    0  0.0   0     -0.0650776     0.00673173  -3.729292e-05   1.843427e-07  -5.281392e-10   6.951208e-13       241.3816   0.0001718811
41  115    0  0.0   1    -0.06213171    0.006651409  -3.594513e-05   1.751334e-07  -5.017811e-10   6.695204e-13          242.1   0.0001549554
42  115    0  0.0   0    -0.06221141    0.006483684  -3.175026e-05   1.329915e-07  -3.156539e-10   3.637705e-13       249.2282   0.0001665655
42  115    0  0.0   1    -0.06170965    0.006508746  -3.184261e-05   1.303168e-07  -2.952042e-10   3.223643e-13       252.0177   6.766644e-05
43  115    0  0.0   0     -0.0655556    0.006826492  -3.963279e-05   2.080216e-07  -6.329824e-10   8.463379e-13       257.2259   8.761535e-05
43  115    0  0.0   1    -0.06807741     0.00694868  -4.162723e-05   2.222992e-07  -6.816371e-10    9.09896e-13       259.7008    3.69646e-05
44  115    0  0.0   0    -0.06484316      0.0060063  -2.087474e-05   2.968527e-08   1.382214e-10   -3.64129e-13       229.9268   0.0001694335
44  115    0  0.0   1    -0.06673958    0.006172681   -2.42366e-05   6.545702e-08  -4.567263e-11  -1.815552e-14         230.24   0.0002415943
45  115    0  0.0   0    -0.06312905    0.006020118  -2.189062e-05   4.511587e-08   4.117256e-11  -1.640072e-13       237.6619   0.0001447568
45  115    0  0.0   1    -0.06488158    0.006070322   -2.20216e-05    4.38791e-08   5.208894e-11   -1.95005e-13       239.9385   0.0001593264
46  115    0  0.0   0     -0.0617905    0.006551239  -3.322734e-05   1.434204e-07  -3.416471e-10   3.843658e-13       243.0876   0.0001260038
46  115    0  0.0   1    -0.05802106     0.00635203  -2.990192e-05    1.19462e-07  -2.665575e-10   2.956276e-13       245.4482   0.0001054591
47  115    0  0.0   0    -0.05777113    0.006597224  -3.559831e-05   1.736116e-07  -4.995392e-10   6.634752e-13       248.6494   0.0001622039
47  115    0  0.0   1    -0.05347651    0.006275028  -2.809078e-05   1.023198e-07  -1.998967e-10   1.994697e-13       251.3577   0.0001742028
48  115    0  0.0   0    -0.05754261    0.006304267  -2.928578e-05   1.151808e-07  -2.541661e-10   2.780983e-13       258.3922   0.0001205754
48  115    0  0.0   1    -0.05378706    0.006288773  -2.872568e-05   1.107471e-07  -2.485926e-10   2.953549e-13       256.5896   0.0001506959
49  115    0  0.0   0     -0.0457791     0.00599498  -2.491764e-05   8.808712e-08  -1.819956e-10   2.098645e-13       263.6364   0.0001222931
49  115    0  0.0   1    -0.04804805    0.006276706  -3.062092e-05   1.383481e-07  -3.825568e-10   5.049415e-13       264.1407   8.161757e-05
50  115    0  0.0   0    -0.06222606    0.006677314  -3.774279e-05   2.021606e-07  -6.470577e-10   9.385467e-13         236.72   0.0001559423
50  115    0  0.0   1    -0.06823848    0.007016744  -4.280536e-05   2.326398e-07  -7.224141e-10   9.941312e-13         236.72   0.0002694937
51  115    0  0.0   0    -0.07300243    0.006862822  -3.838139e-05   1.879052e-07  -5.292891e-10   6.849447e-13         243.34   0.0002131092
51  115    0  0.0   1    -0.07282333    0.006959226  -4.039072e-05    2.08885e-07  -6.320309e-10   8.662741e-13         243.34   0.0002492032
52  115    0  0.0   0    -0.07619481    0.006937019  -3.996978e-05   2.055992e-07  -6.271858e-10   8.652092e-13         248.55   0.0001666764
52  115    0  0.0   1    -0.06799802    0.006631399   -3.40433e-05   1.551719e-07  -4.330182e-10   5.869309e-13         248.55   0.0002296938
53  115    0  0.0   0    -0.06291861    0.006819872  -3.985104e-05    2.14082e-07  -6.810937e-10   9.609841e-13         253.49   0.0003056185
53  115    0  0.0   1    -0.06313801    0.007025728  -4.411789e-05   2.495506e-07  -8.119899e-10   1.139656e-12         253.49   0.0003387807
54  115    0  0.0   0    -0.06121248    0.007047569  -4.540096e-05   2.629356e-07   -8.69464e-10   1.219831e-12            258   0.0003941361
54  115    0  0.0   1    -0.06444724    0.007447842   -5.34027e-05   3.311406e-07  -1.131175e-09   1.590187e-12            258   0.0004741839
55  115    0  0.0   0    -0.02996812    0.006125802  -2.970602e-05   1.244962e-07  -3.126943e-10   3.551823e-13       301.8945   0.0002064328
55  115    0  0.0   1    -0.02674586    0.006158267  -2.993362e-05   1.235833e-07  -3.005925e-10   3.290757e-13       304.8875   0.0001893529
