1 20 5
2 20 5
3 20 5
4 20 5
5 20 5
6 20 5
7 20 5
8 20 5
9 20 5
10 20 5
11 20 5
12 20 5
13 20 5
14 20 5
15 20 5
16 20 5
17 20 5
18 20 5
19 20 5
20 20 5
21 20 5
22 20 5
23 20 5
24 20 5
25 20 5
26 20 5
27 20 5
28 20 5
29 20 5
30 20 5
31 20 5
32 20 5
33 20 5
34 20 5
35 20 5
36 20 5
37 20 5
38 20 5
39 20 5
40 20 5
41 20 5
42 20 5
43 20 5
44 20 5
45 20 5
46 20 5
47 20 5
48 20 5
49 20 5
50 20 5
51 20 5
52 20 5
53 20 5
54 20 5
55 20 5
56 20 5
57 20 5
58 20 5
59 20 5
60 20 5
61 20 5
62 20 5
63 20 5
64 20 5
65 20 5
66 20 5
67 20 5
68 20 5
69 20 5
70 20 5
71 20 5
72 20 5
73 20 5
74 20 5
75 20 5
76 20 5
77 20 5
78 20 5
79 20 5
80 20 5
81 20 5
82 20 5
83 20 5
84 20 5
85 20 5
86 20 5
87 20 5
88 20 5
89 20 5
90 20 5
91 20 5
92 20 5
93 20 5
94 20 5
95 20 5
96 20 5
97 20 5
98 20 5
99 20 5
20 20 5
101 20 5
102 20 5
103 20 5
104 20 5
105 20 5
106 20 5
107 20 5
108 20 5
109 20 5
110 20 5
111 20 5
112 20 5
113 20 5
114 20 5
115 20 5
116 20 5
117 20 5
118 20 5
119 20 5
120 20 5
121 20 5
122 20 5
123 20 5
124 20 5
125 20 5
126 20 5
127 20 5
128 20 5
129 20 5
130 20 5
131 20 5
132 20 5
133 20 5
134 20 5
135 20 5
136 20 5
137 20 5
138 20 5
139 20 5
140 20 5
141 20 5
142 20 5
143 20 5
144 20 5
145 20 5
146 20 5
147 20 5
148 20 5
149 20 5
150 20 5
151 20 5
152 20 5
153 20 5
154 20 5
155 20 5
156 20 5
157 20 5
158 20 5
159 20 5
160 20 5
161 20 5
162 20 5
163 20 5
164 20 5
165 20 5
166 20 5
167 20 5
168 20 5
169 20 5
170 20 5
171 20 5
172 20 5
173 20 5
174 20 5
175 20 5
176 20 5
177 20 5
178 20 5
179 20 5
180 20 5
181 20 5
182 20 5
183 20 5
184 20 5
185 20 5
186 20 5
187 20 5
188 20 5
189 20 5
190 20 5
191 20 5
192 20 5
193 20 5
194 20 5
195 20 5
196 20 5
197 20 5
198 20 5
199 20 5
200 20 5
201 20 5
202 20 5
203 20 5
204 20 5
205 20 5
206 20 5
207 20 5
208 20 5
209 20 5
210 20 5
211 20 5
212 20 5
213 20 5
214 20 5
215 20 5
216 20 5
217 20 5
218 20 5
219 20 5
220 20 5
221 20 5
222 20 5
223 20 5
224 20 5
225 20 5
226 20 5
227 20 5
228 20 5
229 20 5
230 20 5
231 20 5
232 20 5
233 20 5
234 20 5
235 20 5
236 20 5
237 20 5
238 20 5
239 20 5
240 20 5
241 20 5
242 20 5
243 20 5
244 20 5
245 20 5
246 20 5
247 20 5
248 20 5
249 20 5
250 20 5
251 20 5
252 20 5
253 20 5
254 20 5
255 20 5
256 20 5
257 20 5
258 20 5
259 20 5
260 20 5
261 20 5
262 20 5
263 20 5
264 20 5
265 20 5
266 20 5
267 20 5
268 20 5
269 20 5
270 20 5
271 20 5
272 20 5
273 20 5
274 20 5
275 20 5
276 20 5
277 20 5
278 20 5
279 20 5
280 20 5
281 20 5
282 20 5
283 20 5
284 20 5
285 20 5
286 20 5
287 20 5
288 20 5
289 20 5
290 20 5
291 20 5
292 20 5
293 20 5
294 20 5
295 20 5
296 20 5
297 20 5
298 20 5
299 20 5
300 20 5
301 20 5
302 20 5
303 20 5
304 20 5
305 20 5
306 20 5
307 20 5
308 20 5
309 20 5
310 20 5
311 20 5
312 20 5
313 20 5
314 20 5
315 20 5
316 20 5
317 20 5
318 20 5
319 20 5
320 20 5
321 20 5
322 20 5
323 20 5
324 20 5
325 20 5
326 20 5
327 20 5
328 20 5
329 20 5
330 20 5
331 20 5
332 20 5
333 20 5
334 20 5
335 20 5
336 20 5
337 20 5
338 20 5
339 20 5
340 20 5
341 20 5
342 20 5
343 20 5
344 20 5
345 20 5
346 20 5
347 20 5
348 20 5
349 20 5
350 20 5
351 20 5
352 20 5
353 20 5
354 20 5
355 20 5
356 20 5
357 20 5
358 20 5
359 20 5
360 20 5
361 20 5
362 20 5
363 20 5
364 20 5
365 20 5
366 20 5
367 20 5
368 20 5
369 20 5
370 20 5
371 20 5
372 20 5
373 20 5
374 20 5
375 20 5
376 20 5
377 20 5
378 20 5
379 20 5
380 20 5
381 20 5
382 20 5
383 20 5
384 20 5
385 20 5
386 20 5
387 20 5
388 20 5
389 20 5
390 20 5
391 20 5
392 20 5
393 20 5
394 20 5
395 20 5
396 20 5
397 20 5
398 20 5
399 20 5
400 20 5
401 20 5
402 20 5
403 20 5
404 20 5
405 20 5
406 20 5
407 20 5
408 20 5
409 20 5
410 20 5
411 20 5
412 20 5
413 20 5
414 20 5
415 20 5
416 20 5
417 20 5
418 20 5
419 20 5
420 20 5
421 20 5
422 20 5
423 20 5
424 20 5
425 20 5
426 20 5
427 20 5
428 20 5
429 20 5
430 20 5
431 20 5
432 20 5
433 20 5
434 20 5
435 20 5
436 20 5
437 20 5
438 20 5
439 20 5
440 20 5
441 20 5
442 20 5
443 20 5
444 20 5
445 20 5
446 20 5
447 20 5
448 20 5
449 20 5
450 20 5
451 20 5
452 20 5
453 20 5
454 20 5
455 20 5
456 20 5
457 20 5
458 20 5
459 20 5
460 20 5
461 20 5
462 20 5
463 20 5
464 20 5
465 20 5
466 20 5
467 20 5
468 20 5
469 20 5
470 20 5
471 20 5
472 20 5
473 20 5
474 20 5
475 20 5
476 20 5
477 20 5
478 20 5
479 20 5
480 20 5
481 20 5
482 20 5
483 20 5
484 20 5
485 20 5
486 20 5
487 20 5
488 20 5
489 20 5
490 20 5
491 20 5
492 20 5
493 20 5
494 20 5
495 20 5
496 20 5
497 20 5
498 20 5
499 20 5
500 20 5
501 20 5
502 20 5
503 20 5
504 20 5
505 20 5
506 20 5
507 20 5
508 20 5
509 20 5
510 20 5
511 20 5
512 20 5
513 20 5
514 20 5
515 20 5
516 20 5
517 20 5
518 20 5
519 20 5
520 20 5
521 20 5
522 20 5
523 20 5
524 20 5
525 20 5
526 20 5
527 20 5
528 20 5
529 20 5
530 20 5
531 20 5
532 20 5
533 20 5
534 20 5
535 20 5
536 20 5
537 20 5
538 20 5
539 20 5
540 20 5
541 20 5
542 20 5
543 20 5
544 20 5
545 20 5
546 20 5
547 20 5
548 20 5
549 20 5
550 20 5
551 20 5
552 20 5
553 20 5
554 20 5
555 20 5
556 20 5
557 20 5
558 20 5
559 20 5
560 20 5
561 20 5
562 20 5
563 20 5
564 20 5
565 20 5
566 20 5
567 20 5
568 20 5
569 20 5
570 20 5
571 20 5
572 20 5
573 20 5
574 20 5
575 20 5
576 20 5
