1
-90  90  0
4
0  60  55
60  80  70
80  100  90
100  180  115
1  8
0   55    0  0.0   0     -0.1634768     0.01594248  -0.0002041208   1.765456e-06  -7.402325e-09   1.143112e-11       112.8643   0.0005049519
0   55    0  0.0   1     -0.1304031      0.0120554  -0.0001145736   8.163061e-07  -2.729335e-09    2.81154e-12       93.52613   0.0006359857
1   55    0  0.0   0    -0.08936706    0.008029494  -3.181921e-05   1.846269e-08   8.777398e-10  -3.287294e-12       94.93687   0.0006138895
1   55    0  0.0   1     -0.1271634     0.01241016  -0.0001201685     8.4564e-07   -2.77493e-09   2.874429e-12       96.84686   0.0006060999
2   55    0  0.0   0    -0.09034333     0.00795332  -2.837763e-05  -3.895715e-08    1.20496e-09  -3.754401e-12       99.39283   0.0006015889
2   55    0  0.0   1     -0.1164668     0.01074078  -7.845466e-05   3.866477e-07  -5.282236e-10   -1.01865e-12       100.4978   0.0005942922
3   55    0  0.0   0    -0.09361257    0.008296981  -3.434188e-05   2.635956e-08   7.814105e-10  -2.640379e-12       105.1901   0.0005900902
3   55    0  0.0   1     -0.1122687     0.01058024  -7.872111e-05   4.181185e-07  -8.186306e-10  -1.769512e-13       105.9748   0.0005963479
4   55    0  0.0   0    -0.08359427    0.007521695  -2.062541e-05  -8.297718e-08   1.150745e-09  -2.989866e-12       109.1788   0.0005829444
4   55    0  0.0   1    -0.08327722     0.00773176   -2.54631e-05  -3.182305e-08   8.971787e-10  -2.511606e-12       106.8756   0.0005737966
5   55    0  0.0   0    -0.08232916    0.007676459  -2.741413e-05   2.112983e-08   4.953093e-10  -1.536218e-12       106.3292   0.0006081756
5   55    0  0.0   1    -0.09182574    0.009008876  -5.220842e-05   2.324338e-07  -3.412648e-10  -2.950434e-13       110.0989   0.0005636379
6   55    0  0.0   0    -0.07587879    0.006703861  -1.521535e-05  -2.889623e-08   4.693374e-10    -1.1294e-12       114.0843    0.000561099
6   55    0  0.0   1     -0.1015559    0.009147028  -5.002238e-05   1.895448e-07  -1.340461e-10  -5.690096e-13       122.8731   0.0005685136
7   55    0  0.0   0    -0.06565166     0.00523937   1.537343e-05  -3.065956e-07   1.586483e-09  -2.757676e-12       125.7017   0.0005896479
7   55    0  0.0   1     -0.1008342    0.009468803  -6.080848e-05   3.281781e-07  -8.820789e-10   8.595377e-13       121.0011   0.0005878394
8   55    0  0.0   0     -0.0505081    0.004694883   2.223626e-05  -3.369716e-07   1.620316e-09  -2.687458e-12       124.6252   0.0005470063
8   55    0  0.0   1    -0.04797199    0.004157749   3.037687e-05  -3.997754e-07   1.852862e-09  -3.020528e-12       127.9675   0.0005970909
9   55    0  0.0   0    -0.04434171    0.005175362   -2.64477e-06  -1.296425e-08  -1.106061e-11   1.341025e-13       130.1961    0.000520074
9   55    0  0.0   1    -0.03602907    0.003061961   4.020863e-05  -4.077797e-07   1.667867e-09  -2.484957e-12       133.3202   0.0008218614
10   55    0  0.0   0    -0.07845233    0.007186209    -2.0069e-05    1.41567e-08    1.94615e-10  -4.510667e-13       142.7257   0.0005784484
10   55    0  0.0   1    -0.05756147    0.005122555   7.244469e-06  -1.570911e-07   7.049811e-10  -1.034199e-12       142.4013   0.0005670408
11   55    0  0.0   0    -0.07419033    0.006751124  -1.687119e-05   1.703391e-08   9.834413e-11  -2.261401e-13       154.1829   0.0004628418
11   55    0  0.0   1     -0.0636617    0.005493195  -4.101857e-07   -8.36373e-08   3.914572e-10  -5.532345e-13       154.5042   0.0004723592
12   55    0  0.0   0    -0.07510408    0.006263923  -1.219858e-05   3.421334e-09   8.683882e-11  -1.548789e-13        167.189   0.0004184677
12   55    0  0.0   1    -0.06492908    0.005584906  -3.121658e-06    -5.0382e-08   2.349519e-10  -3.087595e-13        164.634   0.0004476413
13   55    0  0.0   0      -0.075991    0.007058091  -2.259448e-05   6.351094e-08  -7.922805e-11    2.40243e-14        174.825   0.0004104662
13   55    0  0.0   1    -0.06920576     0.00625053  -1.208922e-05   3.722402e-09   7.614893e-11  -1.262022e-13       172.1726    0.000378281
14   55    0  0.0   0    -0.07237993    0.007304826  -2.706842e-05   8.707827e-08   -1.00365e-10  -3.219993e-14       152.2225   0.0005185933
14   55    0  0.0   1    -0.07199449    0.006824835  -1.698812e-05   7.286965e-09   1.675902e-10  -3.531789e-13       150.8915   0.0004977082
15   55    0  0.0   0    -0.07250411    0.007279286  -2.446995e-05   6.412893e-08  -3.854948e-11  -7.367963e-14       161.6268   0.0004844832
15   55    0  0.0   1    -0.06493483    0.006469328  -1.420481e-05   4.711457e-09   1.183435e-10   -2.25532e-13       159.2359   0.0005308679
16   55    0  0.0   0    -0.07641777    0.006496568  -1.365856e-05   6.210763e-09   8.766147e-11  -1.587368e-13       171.7789   0.0004876973
16   55    0  0.0   1     -0.0737138    0.006123012  -1.088903e-05   1.246818e-09    7.38938e-11  -1.206617e-13       172.4019   0.0004778261
17   55    0  0.0   0    -0.06901069     0.00590421  -7.290334e-06  -2.009391e-08   1.219551e-10  -1.538005e-13       182.9276   0.0004317915
17   55    0  0.0   1    -0.07361167    0.006084756  -1.055091e-05   1.296584e-09   6.288569e-11  -9.462487e-14        180.695   0.0004950304
18   55    0  0.0   0    -0.07363227    0.006284592  -1.158071e-05   2.457421e-09   6.298094e-11  -9.307373e-14       193.1434   0.0003329817
18   55    0  0.0   1    -0.07337854    0.006040402  -1.019984e-05   7.226073e-10   5.814686e-11  -8.318135e-14       192.2209   0.0003707225
19   55    0  0.0   0    -0.07843299    0.007333246  -2.584049e-05   8.422324e-08  -1.491382e-10   1.098856e-13       200.2654   0.0003384643
19   55    0  0.0   1    -0.07290495    0.006745651  -1.993515e-05   5.811227e-08  -9.711161e-11   7.217906e-14       201.1861   0.0002240614
20   55    0  0.0   0    -0.05636482    0.006306633  -1.293919e-05   4.261575e-09   9.131635e-11  -1.619767e-13       171.7948   0.0004379335
20   55    0  0.0   1    -0.06935718    0.007168544  -2.610251e-05   9.214853e-08  -1.749772e-10   1.373825e-13       167.9905   0.0004975341
21   55    0  0.0   0    -0.06096449    0.006315876  -1.274107e-05   5.475408e-09   7.475495e-11  -1.282148e-13       180.0084   0.0004526025
21   55    0  0.0   1    -0.06384988    0.006535296   -1.69507e-05   3.486786e-08  -1.431946e-11  -2.966285e-14       178.7733   0.0004504953
22   55    0  0.0   0    -0.06027659    0.006924989  -2.275636e-05   7.206967e-08    -1.2544e-10   9.339529e-14       185.3166   0.0004070269
22   55    0  0.0   1    -0.06310344    0.007006059  -2.420778e-05   8.222845e-08  -1.548115e-10   1.234212e-13       185.5247    0.000383602
23   55    0  0.0   0    -0.06157392    0.007005872  -2.366029e-05   7.549043e-08  -1.285705e-10   8.952074e-14       195.3792   0.0003420081
23   55    0  0.0   1    -0.06195023    0.007003607  -2.385666e-05   7.751512e-08  -1.369063e-10   1.008201e-13       193.7372   0.0003798731
24   55    0  0.0   0    -0.06136464    0.006917492  -2.233324e-05   6.799714e-08  -1.127902e-10   7.879361e-14       204.8562   0.0002925832
24   55    0  0.0   1    -0.05822576    0.006581864  -1.799024e-05   4.388664e-08  -5.287552e-11   2.445977e-14       203.9724   0.0002813469
25   55    0  0.0   0    -0.06187811     0.00673031  -1.979014e-05   5.501479e-08  -8.510773e-11   5.797139e-14       212.9813   0.0002638886
25   55    0  0.0   1    -0.06489242    0.006906413  -2.204223e-05   6.689133e-08  -1.121327e-10   7.959505e-14       213.5022   0.0003055322
26   55    0  0.0   0    -0.07335908    0.007243168  -2.664398e-05   9.465224e-08  -1.822686e-10   1.450792e-13       189.1805   0.0003281003
26   55    0  0.0   1    -0.07058949    0.006934915  -2.368068e-05   8.161783e-08  -1.559127e-10   1.253462e-13        188.913   0.0003391106
27   55    0  0.0   0    -0.08223769    0.007503665  -2.895497e-05   1.055403e-07  -2.097913e-10    1.72019e-13       197.0252   0.0003418936
27   55    0  0.0   1    -0.07188117    0.006605184  -1.846844e-05   5.171331e-08  -8.493673e-11   6.499905e-14       197.1804    0.000295945
28   55    0  0.0   0    -0.06591166    0.006756184  -2.044656e-05   6.037307e-08  -9.987745e-11   7.192785e-14        204.529   0.0003008353
28   55    0  0.0   1    -0.07024538    0.006800311  -2.121475e-05   6.660698e-08  -1.208376e-10   9.602549e-14       204.1365   0.0002986156
29   55    0  0.0   0    -0.07240401    0.007476802  -2.850483e-05   9.960795e-08  -1.881102e-10   1.460875e-13       210.8356   0.0002171573
29   55    0  0.0   1    -0.06275315    0.006645196  -1.922854e-05   5.262175e-08  -7.587679e-11   4.277735e-14       197.2052   0.0007895438
30   55    0  0.0   0    -0.04218109    0.006535676  -1.997236e-05    6.10647e-08  -1.050037e-10   7.746825e-14       217.3335   0.0002254644
30   55    0  0.0   1    -0.04569949    0.006585549  -2.049633e-05   6.526507e-08  -1.211164e-10   9.808728e-14       215.2791   0.0002386373
31   55    0  0.0   0    -0.04417859    0.006661111  -2.121824e-05   6.717183e-08  -1.201833e-10   9.111401e-14       224.7905   0.0002372692
31   55    0  0.0   1    -0.04003072    0.006319825  -1.774832e-05   5.102711e-08  -8.582801e-11    6.39872e-14       225.3266   0.0001714017
32   55    0  0.0   0    -0.05793828    0.007088552  -2.578622e-05   8.998397e-08  -1.691965e-10   1.302911e-13       198.9802    0.000370727
32   55    0  0.0   1     -0.0566308      0.0067558  -2.094588e-05   6.252546e-08  -1.023653e-10   7.150549e-14       201.0437    0.000269937
33   55    0  0.0   0    -0.05187127    0.006491227   -1.76784e-05   4.358143e-08  -5.356753e-11   2.566024e-14       207.2335   0.0003311689
33   55    0  0.0   1    -0.06210147    0.007128083  -2.529207e-05   8.636131e-08  -1.634864e-10   1.295327e-13       205.4718   0.0003319423
34   55    0  0.0   0    -0.05282184    0.006791022  -2.175234e-05   6.856596e-08  -1.238643e-10   9.743438e-14       211.3966   0.0002676258
34   55    0  0.0   1    -0.04711515    0.006594309  -1.970958e-05   5.838671e-08  -9.969385e-11   7.521667e-14       213.0155   0.0002911598
35   55    0  0.0   0    -0.04748794    0.006657172  -2.088157e-05   6.401627e-08  -1.094944e-10   7.954783e-14       220.1128   0.0002470701
35   55    0  0.0   1    -0.04136331    0.006306429  -1.658349e-05   4.131493e-08  -5.554077e-11   3.221885e-14        221.664   0.0002129537
36   55    0  0.0   0    -0.04279014    0.006372314  -1.759103e-05   4.850732e-08  -7.713103e-11   5.395871e-14       229.2195   9.319807e-05
36   55    0  0.0   1    -0.05876025    0.007239338  -2.434304e-05   6.585226e-08  -8.124634e-11   3.054272e-14        3498.38    0.009996717
37   55    0  0.0   0    -0.02572072    0.005444295  -7.487439e-06    2.67482e-10   2.627548e-11  -2.791494e-14       238.7466   0.0001284794
37   55    0  0.0   1     -0.0369054    0.006326727  -1.861084e-05   5.769849e-08  -1.041612e-10   8.046407e-14       235.6647   2.198891e-05
38   55    0  0.0   0    -0.04785296    0.006731716  -2.264999e-05   7.704978e-08  -1.463063e-10   1.166311e-13        209.285   0.0002505332
38   55    0  0.0   1    -0.04967518    0.006802195  -2.196465e-05   6.884421e-08  -1.206085e-10   9.089977e-14       209.7312   0.0002608532
39   55    0  0.0   0    -0.03292759    0.005885931  -1.259765e-05   2.378884e-08  -1.952018e-11   4.814075e-15       218.3103   0.0001699887
39   55    0  0.0   1    -0.04335364    0.006622134  -2.090418e-05   6.715387e-08  -1.244273e-10   9.950463e-14       214.9176   0.0002466993
40   55    0  0.0   0    -0.03212818    0.005934954  -1.353793e-05   3.053218e-08  -4.026362e-11   2.643873e-14       224.0976   0.0002038056
40   55    0  0.0   1    -0.03732816    0.006329436  -1.798148e-05   5.259346e-08  -8.948668e-11   6.671421e-14       223.7958   0.0001538115
41   55    0  0.0   0    -0.04031853    0.006539547  -1.950177e-05   5.599824e-08  -8.986255e-11   6.204704e-14        229.657   0.0001823481
41   55    0  0.0   1    -0.03295575    0.006176385  -1.552595e-05    3.60974e-08  -4.395052e-11   2.258608e-14       232.1578   0.0002157911
42   55    0  0.0   0    -0.02201148    0.005638561  -1.114215e-05   2.061871e-08  -2.068913e-11    1.09052e-14       238.4815   0.0001825663
42   55    0  0.0   1    -0.03595782    0.006618328  -2.132343e-05   6.717115e-08  -1.172818e-10   8.521295e-14       237.1827   9.923429e-05
43   55    0  0.0   0    -0.03206377    0.006145026  -1.594577e-05   4.191385e-08  -6.569927e-11    4.64445e-14       246.4704   5.089312e-05
43   55    0  0.0   1    -0.03014521    0.006099788  -1.561337e-05   4.068522e-08  -6.298413e-11   4.396881e-14       245.3626   2.843402e-05
44   55    0  0.0   0    -0.05090546    0.006504496  -1.836215e-05    5.15043e-08  -8.369374e-11   6.028808e-14       220.7767    0.000231394
44   55    0  0.0   1    -0.04601384    0.006454471  -1.912153e-05   5.851452e-08  -1.031637e-10   7.837298e-14       220.0395   0.0002256494
45   55    0  0.0   0    -0.04982112    0.006486187  -1.845723e-05   5.268859e-08  -8.703054e-11   6.270331e-14       225.6841   0.0001903269
45   55    0  0.0   1    -0.05389289     0.00689256  -2.260713e-05   6.864212e-08  -1.124463e-10   7.628238e-14       225.4286   0.0002614788
46   55    0  0.0   0    -0.04137117    0.006695289  -2.188296e-05   7.007735e-08  -1.249793e-10    9.27892e-14         232.12    0.000172346
46   55    0  0.0   1     -0.0380933    0.006370612  -1.817023e-05   5.250574e-08   -8.88068e-11    6.61871e-14       231.1666   0.0002157228
47   55    0  0.0   0    -0.04080823    0.006710127  -2.162822e-05   6.890197e-08  -1.249273e-10   9.510561e-14       237.2218   0.0001321125
47   55    0  0.0   1     -0.0406806    0.006700859  -2.197823e-05   7.002289e-08  -1.247099e-10   9.292092e-14       235.1567   0.0001499325
48   55    0  0.0   0    -0.03947299    0.006324928   -1.71689e-05   4.562586e-08   -7.08612e-11   4.919998e-14       245.1976   0.0001200808
48   55    0  0.0   1    -0.04151898    0.006438875  -1.845069e-05   5.245276e-08  -8.509776e-11   5.871719e-14       245.2171   0.0001162288
49   55    0  0.0   0    -0.02614998    0.005761535  -1.248099e-05   2.744189e-08  -3.685621e-11   2.437697e-14       252.2108   4.532362e-05
49   55    0  0.0   1    -0.02633581    0.005815475  -1.207479e-05   2.311449e-08  -2.414894e-11   1.191729e-14       251.7149   0.0001269272
50   55    0  0.0   0    -0.02606755    0.006075199  -1.572367e-05   4.188237e-08  -6.579328e-11   4.738139e-14       228.1275   0.0001380714
50   55    0  0.0   1    -0.03193642    0.006469314  -2.073655e-05   6.898987e-08  -1.306144e-10   1.039552e-13       225.6001   0.0001718346
51   55    0  0.0   0    -0.03204706    0.006172229  -1.633018e-05   4.486857e-08  -7.469989e-11   5.658889e-14       233.7986   0.0001502646
51   55    0  0.0   1    -0.03251934    0.006247142  -1.694804e-05   4.619765e-08  -7.415545e-11    5.38808e-14       233.4136   0.0002847076
52   55    0  0.0   0    -0.03229722    0.006353484  -1.815345e-05   5.058877e-08  -7.921888e-11   5.340971e-14       239.8597   0.0001871791
52   55    0  0.0   1    -0.03051417     0.00634569  -1.847336e-05   5.323794e-08  -8.636649e-11   5.958656e-14       241.9296   7.284823e-05
53   55    0  0.0   0    -0.02630558    0.005934042   -1.19974e-05   1.458696e-08   1.004935e-11   -2.58727e-14       5514.792    0.005489443
53   55    0  0.0   1    -0.01478336    0.005391262  -7.647953e-06  -1.159786e-09   3.627876e-11   -4.21333e-14       3299.158    0.004383052
54   55    0  0.0   0     -0.0188842    0.005600623   -8.95038e-06   2.477773e-09   3.017916e-11  -3.737201e-14       3903.231    0.009953008
54   55    0  0.0   1    -0.01713753    0.005827458  -1.291968e-05   2.675727e-08  -3.134008e-11   1.753006e-14       253.8249   3.587608e-05
55   55    0  0.0   0   -0.004951755    0.005492367  -1.081346e-05   1.930413e-08  -2.098036e-11   1.114469e-14       287.8957   0.0001098541
55   55    0  0.0   1     0.01253691    0.004430722   5.590516e-08  -2.736808e-08    6.72769e-11  -4.951624e-14       1447.569   6.150047e-05
0   70    0  0.0   0     -0.1267325     0.01211313    -0.00013705   1.232768e-06   -5.43389e-09   8.677182e-12       108.0866   0.0005579612
0   70    0  0.0   1    -0.07050637    0.005908779  -7.235892e-06  -2.966849e-08   3.280744e-10  -1.274963e-12       95.12162   0.0006198615
1   70    0  0.0   0     -0.1124676     0.01069579  -9.325543e-05   6.747993e-07  -2.372279e-09   2.715699e-12       97.15822   0.0006288454
1   70    0  0.0   1    -0.09542502     0.00844173  -3.624657e-05   2.279466e-08   1.042094e-09  -3.901324e-12       93.61957   0.0006530304
2   70    0  0.0   0    -0.08959472    0.007692575  -2.494483e-05  -4.355091e-08    1.10583e-09  -3.437679e-12       98.86303   0.0006419048
2   70    0  0.0   1    -0.09376287    0.008092833  -2.860419e-05  -4.342611e-08   1.229631e-09  -3.800415e-12       99.00773   0.0006308885
3   70    0  0.0   0    -0.08153661    0.006948698  -1.053198e-05  -1.667104e-07   1.535413e-09  -3.808569e-12       103.7201   0.0006196672
3   70    0  0.0   1    -0.09036756    0.008036821  -3.127725e-05   2.085952e-08   7.276758e-10  -2.468171e-12       105.1189   0.0005900469
4   70    0  0.0   0    -0.08280483     0.00742975  -2.235061e-05  -3.457298e-08   8.279331e-10  -2.335212e-12       109.4461   0.0006039524
4   70    0  0.0   1     -0.0918129    0.008461635  -4.097949e-05   1.220685e-07   2.083871e-10  -1.398771e-12       110.3186   0.0005848706
5   70    0  0.0   0    -0.08494185    0.007740898  -2.814317e-05   2.368703e-08   5.239675e-10  -1.699315e-12        113.504   0.0005802319
5   70    0  0.0   1    -0.07528422    0.006882712  -9.957673e-06  -1.424919e-07    1.20345e-09   -2.71648e-12       113.4727   0.0005835281
6   70    0  0.0   0     -0.0586689    0.004594451   2.675763e-05  -4.032154e-07   2.016531e-09  -3.552286e-12       118.9879   0.0005681616
6   70    0  0.0   1    -0.06658841    0.005497224   1.378303e-05  -3.167282e-07   1.737401e-09  -3.187979e-12       120.0772   0.0005524938
7   70    0  0.0   0    -0.07769193    0.006615961  -1.595062e-05   3.613808e-09   2.202245e-10  -5.626322e-13       117.5253   0.0006022209
7   70    0  0.0   1     -0.0914013    0.007893091  -2.686006e-05   1.815631e-08   4.009961e-10  -1.122108e-12       124.0095   0.0005660226
8   70    0  0.0   0    -0.04674432    0.004197425   2.739499e-05  -3.496901e-07   1.588419e-09  -2.579392e-12       128.9388   0.0004874132
8   70    0  0.0   1    -0.03454668    0.002785782   4.855033e-05  -5.010501e-07   2.104386e-09  -3.251319e-12       128.0982   0.0005135503
9   70    0  0.0   0    -0.06206567    0.005570864   5.714356e-06  -1.802736e-07   9.133561e-10  -1.494842e-12       134.9818   0.0004819274
9   70    0  0.0   1    -0.04083705    0.003443359   3.481275e-05   -3.68492e-07   1.500192e-09  -2.204129e-12         134.04   0.0005467193
10   70    0  0.0   0    -0.06407211    0.005784529   -1.84373e-08  -1.173206e-07   6.048152e-10  -9.471597e-13       144.1111    0.000479056
10   70    0  0.0   1     -0.0578764    0.004918796    8.57863e-06  -1.502734e-07   6.397511e-10  -9.183046e-13       141.9908   0.0004777271
11   70    0  0.0   0    -0.05643435    0.004946292   8.114414e-06  -1.332078e-07   5.153273e-10  -6.668045e-13       152.6732   0.0004878405
11   70    0  0.0   1    -0.05888483    0.004759981   1.041517e-05  -1.509111e-07   5.807904e-10  -7.540821e-13       152.2337   0.0004458869
12   70    0  0.0   0    -0.06059785    0.004743376   9.059879e-06  -1.272604e-07   4.565537e-10  -5.491306e-13       165.9406   0.0004308193
12   70    0  0.0   1    -0.05801506    0.004715427   1.037714e-05  -1.397536e-07   5.034258e-10  -6.103236e-13       165.8263   0.0003587372
13   70    0  0.0   0    -0.08582209    0.007473122  -2.881412e-05   1.114185e-07  -2.435425e-10   2.237253e-13       172.4613   0.0003500664
13   70    0  0.0   1    -0.06355118    0.005604078  -3.666491e-06  -4.351066e-08   2.010589e-10  -2.560432e-13       172.4817   0.0003712091
14   70    0  0.0   0    -0.06854137    0.006385704  -1.138409e-05  -2.036627e-08   2.257353e-10  -3.982683e-13        149.031   0.0005108384
14   70    0  0.0   1    -0.07664556    0.006968973   -2.00023e-05   3.705486e-08   5.054944e-11  -1.991032e-13       149.1055   0.0004923314
15   70    0  0.0   0    -0.07585726    0.007200595  -2.262406e-05   5.432541e-08   -2.29737e-11  -7.520687e-14       158.1702    0.000463332
15   70    0  0.0   1    -0.07268971    0.004958433  -1.848104e-07  -6.479353e-10  -2.001225e-12   -8.40264e-15       145.6175   0.0008739947
16   70    0  0.0   0    -0.07172933    0.005728473  -2.274853e-06  -6.223543e-08   2.705754e-10  -3.410768e-13        172.904   0.0004320545
16   70    0  0.0   1    -0.06670229    0.005270893   5.838862e-07  -6.551541e-08   2.511974e-10  -2.977058e-13       170.0534   0.0004823935
17   70    0  0.0   0    -0.06449839    0.005197059   2.427513e-06  -7.676836e-08   2.742143e-10  -3.090974e-13       183.2404   0.0003725692
17   70    0  0.0   1    -0.07209271    0.005546801  -3.037624e-06  -4.091771e-08   1.694297e-10  -1.968555e-13       181.2743   0.0004465698
18   70    0  0.0   0    -0.07010905    0.005750914  -4.668006e-06  -3.454726e-08   1.544849e-10  -1.807621e-13       192.6563   0.0004108485
18   70    0  0.0   1    -0.07506991    0.005925467  -9.647547e-06    5.17721e-09   2.787452e-11  -3.929906e-14       189.0695   0.0003895129
19   70    0  0.0   0    -0.08067771    0.007126146  -2.261663e-05   6.737059e-08  -1.120498e-10   8.025068e-14       197.1572   0.0003424162
19   70    0  0.0   1    -0.07263042    0.006366029  -1.491057e-05   3.254905e-08  -4.011743e-11   2.434921e-14        200.341   0.0002659316
20   70    0  0.0   0    -0.06422402     0.00643637  -1.328757e-05   2.865859e-09   1.008743e-10  -1.778405e-13       169.7712   0.0004341371
20   70    0  0.0   1    -0.06257051    0.006209921  -1.184049e-05    2.80384e-09    7.91784e-11  -1.344794e-13        168.791    0.000442945
21   70    0  0.0   0    -0.07164974    0.006806169   -1.87738e-05   4.028287e-08  -1.643393e-11   -4.23684e-14       178.7513   0.0004446681
21   70    0  0.0   1      -0.065841    0.006260105  -1.187252e-05   1.590003e-09   7.990996e-11  -1.284094e-13       177.3044   0.0004203451
22   70    0  0.0   0    -0.05481172    0.006059775  -1.059098e-05   7.904114e-10    6.28886e-11  -9.225478e-14       184.7404   0.0004117862
22   70    0  0.0   1    -0.05401407    0.005947816   -9.89803e-06   2.933971e-10   5.650326e-11  -7.896776e-14       183.4778   0.0003820703
23   70    0  0.0   0    -0.06506475    0.006755662  -1.921037e-05   4.919707e-08  -6.334276e-11   3.071315e-14       193.4819   0.0002618835
23   70    0  0.0   1    -0.06414295    0.006730288  -1.909565e-05   4.789814e-08   -5.74206e-11    2.27938e-14       192.6596   0.0003244486
24   70    0  0.0   0    -0.06833575    0.007018208  -2.268712e-05   6.977458e-08  -1.204158e-10   8.913446e-14       201.9477   0.0002652538
24   70    0  0.0   1    -0.06820063    0.006914958  -2.134121e-05    6.10174e-08  -9.342991e-11   5.910229e-14       203.0775   0.0002097882
25   70    0  0.0   0    -0.06785701    0.006767759  -1.965517e-05   5.474108e-08  -8.725937e-11   6.191507e-14        210.876    0.000220961
25   70    0  0.0   1    -0.06929704    0.006751166  -1.892288e-05   4.694103e-08   -5.83738e-11   2.724147e-14       213.4406   0.0001966238
26   70    0  0.0   0     -0.0732341    0.006685398  -1.748325e-05   3.654496e-08   -2.16723e-11  -1.751149e-14       189.4242    0.000291748
26   70    0  0.0   1    -0.07047195    0.006319015  -1.282934e-05   1.053022e-08   4.534628e-11  -8.259896e-14        189.609   0.0003424816
27   70    0  0.0   0    -0.06978324    0.006148935  -1.064874e-05    2.41253e-10   6.215609e-11  -8.779611e-14       197.1461   0.0003086093
27   70    0  0.0   1    -0.07925731    0.006797764  -2.029278e-05   6.183992e-08  -1.119441e-10   9.082334e-14       193.9904   0.0003379435
28   70    0  0.0   0     -0.0719529    0.006783737  -2.051924e-05   6.283504e-08  -1.129918e-10   8.983329e-14       202.7162   0.0002783393
28   70    0  0.0   1    -0.06281326    0.005892497   -9.14853e-06  -5.130912e-10   4.660073e-11  -5.922502e-14       205.5855   0.0002658277
29   70    0  0.0   0    -0.06416773    0.006487393  -1.590287e-05   3.341578e-08  -3.370486e-11   1.290405e-14       211.6516   0.0001474011
29   70    0  0.0   1     -0.0642268    0.006375069  -1.492297e-05   2.850774e-08  -1.986164e-11  -2.699386e-15       209.8601   0.0002952504
30   70    0  0.0   0    -0.05530548     0.00690472  -2.255341e-05   7.162717e-08  -1.291315e-10    9.94231e-14       215.1143   0.0002558401
30   70    0  0.0   1    -0.05244374    0.006542675  -1.817123e-05   4.788096e-08  -7.031793e-11   4.536832e-14       216.6867   0.0002338779
31   70    0  0.0   0    -0.05323826    0.006777356  -2.059151e-05   5.935751e-08  -9.659464e-11   6.783929e-14       223.8349   0.0002122455
31   70    0  0.0   1    -0.05619689    0.006886894  -2.184893e-05   6.502624e-08  -1.079405e-10    7.62652e-14       224.8734   0.0001769994
32   70    0  0.0   0    -0.05603628    0.006506483  -1.743483e-05   4.189673e-08  -4.692802e-11   1.525395e-14       199.6827   0.0003002658
32   70    0  0.0   1    -0.05093849    0.005932178  -9.682905e-06  -4.837827e-12   5.077214e-11  -6.680085e-14       200.0686   0.0003139897
33   70    0  0.0   0    -0.05952159       0.006556  -1.739869e-05   4.089985e-08  -4.762977e-11   2.141697e-14         205.75   0.0002766565
33   70    0  0.0   1    -0.05723318    0.006465907  -1.664907e-05   3.967133e-08  -5.075904e-11   2.848338e-14        204.604   0.0002763399
34   70    0  0.0   0    -0.05063243    0.006326985  -1.580474e-05   3.646246e-08  -4.487971e-11   2.416215e-14       213.1525   0.0002515297
34   70    0  0.0   1    -0.06107195    0.007129066  -2.481776e-05   8.263473e-08  -1.543555e-10   1.210945e-13       212.4147   0.0002318386
35   70    0  0.0   0    -0.05314987    0.006535927   -1.75806e-05   4.319717e-08  -5.831781e-11   3.539184e-14       217.8633   0.0002538181
35   70    0  0.0   1    -0.05863997    0.006934139  -2.181423e-05   6.335829e-08  -1.018674e-10   7.012402e-14       219.2371   0.0002051308
36   70    0  0.0   0    -0.04791683    0.006293945   -1.50022e-05   3.101384e-08  -3.205425e-11   1.374768e-14         226.75   0.0001551538
36   70    0  0.0   1    -0.04999468    0.006446545  -1.702057e-05   4.161992e-08  -5.618279e-11   3.342629e-14        227.225   0.0001640729
37   70    0  0.0   0    -0.04616926    0.006349147  -1.610388e-05   3.723488e-08  -4.570145e-11   2.346354e-14       235.0823   0.0002328619
37   70    0  0.0   1    -0.04920494    0.006479721  -1.741438e-05   4.387044e-08   -6.22618e-11   3.930541e-14        234.754   0.0001462633
38   70    0  0.0   0     -0.0559471    0.006772517  -2.108806e-05   6.482585e-08  -1.144398e-10   8.812532e-14       207.4748   0.0002594935
38   70    0  0.0   1    -0.06234599    0.007261789  -2.656966e-05   9.199373e-08  -1.754093e-10   1.388254e-13       207.5312   0.0002999839
39   70    0  0.0   0    -0.05581126    0.006930499  -2.325631e-05   7.652484e-08    -1.4303e-10    1.13377e-13       214.1306   0.0002466435
39   70    0  0.0   1    -0.05184785    0.006642883  -1.905227e-05   5.104018e-08  -7.530604e-11   4.813141e-14       216.4437   0.0002500032
40   70    0  0.0   0    -0.04810415    0.006422622  -1.650857e-05   3.755234e-08  -4.394881e-11   2.158443e-14       223.6864   0.0001798699
40   70    0  0.0   1    -0.04840618    0.006592689  -1.946526e-05    5.71546e-08  -9.766261e-11   7.306092e-14       221.8922   0.0001221669
41   70    0  0.0   0    -0.04626179    0.006503672  -1.827993e-05   4.954774e-08  -7.686287e-11   5.244428e-14        228.486   0.0002430832
41   70    0  0.0   1    -0.05045907    0.006873103  -2.233423e-05   6.946378e-08  -1.215763e-10   8.988425e-14       228.6504   0.0001480605
42   70    0  0.0   0    -0.04434647     0.00641237  -1.607244e-05   3.170569e-08  -2.139651e-11  -6.026998e-15       1653.913    0.007237553
42   70    0  0.0   1     -0.0414763    0.006416979  -1.723316e-05    4.35966e-08  -6.241664e-11   3.970751e-14       237.4299   0.0001381158
43   70    0  0.0   0    -0.04843866    0.006727682  -2.086661e-05   6.221085e-08   -1.05092e-10   7.494801e-14       244.4734   4.059352e-05
43   70    0  0.0   1    -0.04378443    0.006472052  -1.774443e-05    4.62865e-08   -6.96251e-11   4.636977e-14       245.6626   4.785977e-05
44   70    0  0.0   0    -0.05966224    0.006750037  -1.974035e-05   5.448055e-08  -8.537145e-11   5.869975e-14        219.194   0.0002230075
44   70    0  0.0   1    -0.05701616    0.006665147  -1.913589e-05   5.145117e-08  -7.710302e-11   5.054078e-14       219.9411   0.0001750604
45   70    0  0.0   0    -0.05354286    0.006422343  -1.658845e-05   4.053852e-08  -5.722479e-11   3.755215e-14       223.8966   0.0001810479
45   70    0  0.0   1    -0.05081669    0.006338334  -1.571017e-05   3.462561e-08  -3.906166e-11   1.792885e-14       225.7304   0.0001659788
46   70    0  0.0   0     -0.0490272    0.006737877  -2.029076e-05   5.690598e-08  -8.994126e-11   6.181154e-14        230.447   0.0001347486
46   70    0  0.0   1    -0.04719119    0.006603692  -1.962597e-05   5.633029e-08  -9.251562e-11   6.606028e-14       228.5705   0.0002506458
47   70    0  0.0   0    -0.04931592    0.006874277  -2.221337e-05   6.842711e-08  -1.200051e-10   8.936823e-14       234.4186   0.0002104461
47   70    0  0.0   1    -0.04451696    0.006570896  -1.904565e-05   5.140194e-08  -7.665496e-11   4.853222e-14        237.379   0.0001314397
48   70    0  0.0   0    -0.04442138    0.006170373  -1.405639e-05   2.775015e-08  -2.922948e-11   1.446527e-14        245.497   6.193531e-05
48   70    0  0.0   1     -0.0463988    0.006294995  -1.469859e-05   2.870961e-08  -2.756886e-11    1.05928e-14       243.7051   6.883158e-05
49   70    0  0.0   0     -0.0443197    0.006389654  -1.704829e-05   4.311912e-08  -6.276192e-11   4.071584e-14        248.595   0.0001069387
49   70    0  0.0   1    -0.04244942    0.006414753  -1.698996e-05   4.249632e-08   -6.15923e-11   3.989531e-14       247.9445   0.0001391013
50   70    0  0.0   0    -0.04657034    0.006867153  -2.311952e-05   7.538622e-08  -1.375178e-10   1.050203e-13       225.0212   0.0001030642
50   70    0  0.0   1    -0.03910545    0.006369131   -1.70579e-05   4.309863e-08  -6.050864e-11   3.771233e-14        227.434   9.696881e-05
51   70    0  0.0   0    -0.04314212     0.00637776  -1.678366e-05   4.222895e-08   -6.26513e-11   4.357221e-14       232.5126   9.442658e-05
51   70    0  0.0   1    -0.03881279    0.006260068  -1.635966e-05   4.254356e-08  -6.586101e-11   4.677023e-14       234.3035   6.974586e-05
52   70    0  0.0   0     -0.0369861    0.006218095  -1.558775e-05   3.670588e-08  -4.874764e-11   2.926915e-14       241.7129   4.099487e-13
52   70    0  0.0   1    -0.03362236    0.006089724  -1.417575e-05    2.96233e-08  -3.234602e-11   1.511865e-14       244.7546   8.120837e-13
53   70    0  0.0   0    -0.03805848    0.006355168  -1.734628e-05   4.591417e-08  -7.020349e-11   4.717587e-14       242.9808   4.288307e-05
53   70    0  0.0   1    -0.03357921    0.006065295  -1.382713e-05   2.815075e-08  -3.045448e-11   1.448382e-14       248.6843   2.616757e-13
54   70    0  0.0   0    -0.01549016    0.004957998  -1.607775e-06  -3.066941e-08   9.516925e-11  -8.369312e-14       296.1636   5.281559e-13
54   70    0  0.0   1    -0.02322593    0.005843081  -1.272891e-05   2.671122e-08  -3.348983e-11   2.024469e-14       249.7157   0.0005478301
55   70    0  0.0   0      -0.020027    0.005943652  -1.425392e-05   3.201629e-08  -4.285373e-11   2.512804e-14       284.2535    7.19428e-05
55   70    0  0.0   1    -0.01025674    0.005439078  -8.948506e-06   8.636972e-09   2.173789e-12  -6.241823e-15       285.8127   7.076985e-05
0   90    0  0.0   0    -0.07036532     0.00590128  -8.000285e-06  -2.777804e-08   3.953554e-10    -1.6013e-12       93.01384   0.0006333832
0   90    0  0.0   1    -0.07126589      0.0060309  -8.726285e-06  -3.048257e-08    4.03547e-10  -1.525456e-12       94.57528   0.0006187347
1   90    0  0.0   0     -0.1373351     0.01395413  -0.0001676852   1.444859e-06  -6.037908e-09   9.213275e-12       116.8921   0.0005500831
1   90    0  0.0   1    -0.08545671    0.007676764  -2.757187e-05   9.901352e-09    7.89799e-10  -2.970153e-12       94.76917   0.0006375406
2   90    0  0.0   0    -0.05430166    0.003929146   4.905852e-05  -7.229394e-07   4.060419e-09  -8.354617e-12       97.39728   0.0006508604
2   90    0  0.0   1    -0.08829074    0.007717601   -2.52425e-05  -3.581051e-08   1.041788e-09  -3.274281e-12        99.2578   0.0006374478
3   90    0  0.0   0    -0.08338594     0.00696204  -8.283014e-06  -2.019792e-07   1.733744e-09  -4.200017e-12       103.0889   0.0006223819
3   90    0  0.0   1    -0.08845191    0.007895383  -2.964637e-05    1.96652e-08   6.798941e-10  -2.334409e-12       104.7131   0.0005930874
4   90    0  0.0   0     -0.0911821    0.008257915    -3.7449e-05   9.546762e-08   3.036783e-10  -1.543864e-12       109.5389   0.0005862787
4   90    0  0.0   1     -0.1103764     0.01026562  -7.273557e-05    3.87964e-07  -8.538758e-10   2.215987e-13       111.4268   0.0005811367
5   90    0  0.0   0    -0.06399498    0.005621756   1.076676e-05  -3.014828e-07   1.785549e-09  -3.545438e-12       112.6409   0.0005700022
5   90    0  0.0   1    -0.08318303    0.007794437  -2.815082e-05   2.281658e-08   5.157289e-10  -1.659149e-12       113.8251   0.0005823792
6   90    0  0.0   0    -0.08084904    0.006854591  -1.571616e-05  -3.364013e-08    5.21198e-10  -1.280902e-12       114.0412   0.0005869532
6   90    0  0.0   1    -0.07710744    0.006601241  -7.198933e-06  -1.336316e-07   1.005803e-09  -2.109956e-12       120.5717   0.0005596735
7   90    0  0.0   0     -0.0567524    0.004400509    2.67449e-05  -3.737972e-07   1.773114e-09  -2.971438e-12       124.4065   0.0005938778
7   90    0  0.0   1    -0.06041439    0.005252276   1.518133e-05  -2.951807e-07   1.509017e-09  -2.622446e-12       125.0413   0.0005825538
8   90    0  0.0   0    -0.03180002    0.002666584   5.537556e-05  -5.772941e-07   2.435243e-09  -3.757181e-12       127.1214   0.0004687186
8   90    0  0.0   1    -0.01220521   0.0008070032   8.093962e-05  -7.449236e-07   2.966039e-09  -4.413101e-12       126.0844   0.0005417809
9   90    0  0.0   0    -0.04849784    0.004500361   2.072282e-05  -2.741057e-07   1.178135e-09  -1.765804e-12        131.856   0.0004913455
9   90    0  0.0   1     -0.0373236    0.003270254   3.630217e-05  -3.681796e-07   1.454932e-09  -2.086567e-12       131.4662   0.0005080225
10   90    0  0.0   0      -0.045655    0.004216188   2.219801e-05  -2.562959e-07   1.004528e-09  -1.381963e-12       143.6634   0.0004768833
10   90    0  0.0   1    -0.03875706    0.003198838   3.662355e-05   -3.56292e-07   1.336431e-09  -1.801628e-12       145.0986   0.0004464393
11   90    0  0.0   0     -0.0485366    0.004269186    1.79189e-05  -1.980013e-07   7.155763e-10  -9.009842e-13       152.5009   0.0004274063
11   90    0  0.0   1    -0.04194041    0.003465175   2.887271e-05  -2.717953e-07   9.522305e-10  -1.189234e-12       155.6245   0.0003825591
12   90    0  0.0   0    -0.04871654    0.003781238   2.176171e-05  -2.010434e-07   6.523008e-10  -7.430626e-13       165.2229   0.0003435604
12   90    0  0.0   1    -0.05435542    0.004555502   1.134665e-05  -1.389096e-07   4.841953e-10  -5.744745e-13        163.129   0.0004059185
13   90    0  0.0   0    -0.05398865    0.005079605   2.227014e-06  -7.058033e-08   2.493289e-10  -2.773603e-13       172.7545   0.0003355878
13   90    0  0.0   1    -0.05957938     0.00523791   2.294411e-06  -8.425265e-08   3.252016e-10  -3.951876e-13       171.8871   0.0003532397
14   90    0  0.0   0    -0.06436606    0.006020841  -5.435471e-06  -6.362567e-08   3.701061e-10  -5.804544e-13       151.4235   0.0004382956
14   90    0  0.0   1    -0.05390206    0.005001388   1.027671e-05  -1.722167e-07   7.150196e-10  -9.891784e-13       149.3223   0.0005046144
15   90    0  0.0   0    -0.06972492    0.006810127  -1.883927e-05   4.152007e-08  -1.613025e-11  -5.229134e-14       155.8675   0.0005207559
15   90    0  0.0   1    -0.06807535    0.006377849  -1.297575e-05   2.130035e-09   1.113527e-10  -2.093068e-13        157.961    0.000481709
16   90    0  0.0   0    -0.05850981    0.004833859   8.933511e-06  -1.277941e-07   4.533168e-10  -5.371842e-13       174.2463   0.0004505514
16   90    0  0.0   1     -0.0547243     0.00440661   1.213355e-05  -1.352589e-07   4.466032e-10  -5.055699e-13       171.5726   0.0004624853
17   90    0  0.0   0    -0.05598234    0.004559305   1.106395e-05  -1.281468e-07   4.134135e-10  -4.503067e-13       183.7562   0.0004159739
17   90    0  0.0   1    -0.05995109    0.004694065   7.955623e-06  -1.053985e-07   3.432623e-10  -3.717783e-13       181.0622   0.0004620552
18   90    0  0.0   0    -0.06602086     0.00556182  -3.211044e-06  -3.799195e-08   1.518643e-10  -1.678199e-13        189.669   0.0003975772
18   90    0  0.0   1    -0.05656406    0.004576434   7.472607e-06  -9.249169e-08   2.835644e-10   -2.89351e-13       190.8792   0.0003789625
19   90    0  0.0   0    -0.06742437    0.006171462  -1.063413e-05   2.406808e-10   6.085963e-11  -8.670998e-14       201.1649   0.0003025359
19   90    0  0.0   1    -0.06704867    0.005916681  -9.106881e-06   -1.07205e-09   4.813994e-11  -6.070601e-14       198.4255   0.0003320885
20   90    0  0.0   0    -0.07032584    0.006931206  -2.080311e-05    5.25637e-08  -4.598554e-11  -1.894891e-14       169.0979   0.0004192195
20   90    0  0.0   1    -0.06397594    0.006249106   -1.19871e-05   2.100096e-09   8.594348e-11  -1.481379e-13       169.0028   0.0004639567
21   90    0  0.0   0    -0.06067541    0.005988227  -8.605318e-06  -1.473864e-08   1.180017e-10  -1.637962e-13       176.6744   0.0004440972
21   90    0  0.0   1    -0.05233283    0.005305877  -5.817361e-07  -5.752606e-08   2.228349e-10  -2.598669e-13       177.1236   0.0003858908
22   90    0  0.0   0    -0.05510888     0.00603456  -1.036449e-05   5.308983e-10   6.232149e-11  -9.266756e-14       184.2135   0.0004242391
22   90    0  0.0   1    -0.05639532    0.006040528  -1.041695e-05   8.410762e-10   6.095225e-11  -9.054926e-14       184.3476   0.0004004273
23   90    0  0.0   0    -0.05833548    0.006274206  -1.308633e-05   1.445185e-08   2.735336e-11  -5.835424e-14       193.1566   0.0002893415
23   90    0  0.0   1     -0.0577207     0.00619587  -1.263148e-05   1.499689e-08   1.790678e-11  -4.176044e-14       192.0095   0.0003544504
24   90    0  0.0   0     -0.0619233    0.006507725  -1.609846e-05   3.232867e-08   -2.36345e-11  -3.418361e-15       201.1498    0.000301731
24   90    0  0.0   1    -0.05782846     0.00614497  -1.209877e-05    1.29332e-08   1.946182e-11  -3.942285e-14       201.5664    0.000288022
25   90    0  0.0   0    -0.06397933    0.006500491  -1.655119e-05   3.869617e-08  -4.855529e-11   2.612348e-14       212.4818   0.0002081707
25   90    0  0.0   1    -0.06257902    0.006259971  -1.344762e-05   2.078898e-08    -2.4937e-12  -1.687481e-14        213.063   0.0001953953
26   90    0  0.0   0    -0.07320074    0.006606627  -1.641493e-05   3.242427e-08  -1.767655e-11  -1.531805e-14       187.1663   0.0003655585
26   90    0  0.0   1    -0.06385263    0.005943072  -9.209574e-06  -4.301664e-09   7.132208e-11  -9.802794e-14       187.4456   0.0003780767
27   90    0  0.0   0    -0.06740977    0.005984598  -9.446251e-06   -9.48644e-10   5.247293e-11  -6.897005e-14       194.8455   0.0003627669
27   90    0  0.0   1    -0.06375405    0.005648224  -5.599527e-06  -2.164628e-08   1.045419e-10  -1.181677e-13       195.7909   0.0003554054
28   90    0  0.0   0    -0.06421157    0.006100791  -1.121206e-05   8.785421e-09   2.732114e-11  -4.443236e-14       203.1697   0.0003054725
28   90    0  0.0   1    -0.06606527     0.00606474   -1.07994e-05   7.166516e-09   2.922155e-11  -4.411198e-14       203.5774   0.0002610694
29   90    0  0.0   0    -0.07144205    0.006943032  -2.101529e-05   5.896437e-08  -9.141536e-11   6.059078e-14        209.359   0.0002710526
29   90    0  0.0   1    -0.06681643    0.006499493  -1.631123e-05   3.751961e-08  -4.790719e-11   2.850785e-14       209.5732   0.0002413508
30   90    0  0.0   0    -0.05503291    0.006793164  -2.072122e-05   6.044689e-08  -9.997575e-11   7.186362e-14       214.8267   0.0002459182
30   90    0  0.0   1    -0.05808008    0.006840002  -2.124836e-05   6.322239e-08  -1.066876e-10   7.773932e-14       215.2222   0.0002221688
31   90    0  0.0   0     -0.0489599    0.006406605  -1.628506e-05   3.851174e-08  -5.154598e-11   3.167245e-14       224.6457   0.0001478194
31   90    0  0.0   1    -0.05552449    0.006753241   -2.01536e-05   5.674672e-08  -9.022994e-11   6.218217e-14       223.4093   0.0002231154
32   90    0  0.0   0    -0.05721217    0.006379882  -1.481594e-05   2.517907e-08  -3.772233e-12   -2.41552e-14       199.2309   0.0003215707
32   90    0  0.0   1    -0.05241244    0.005991141  -1.015299e-05   5.889175e-10    5.52385e-11  -7.678886e-14       199.6686    0.000288912
33   90    0  0.0   0    -0.05075922    0.005879394  -9.337576e-06  -2.210608e-10   4.711948e-11  -6.023311e-14       205.5008   0.0002740032
33   90    0  0.0   1    -0.05689502    0.006445365  -1.625318e-05   3.672046e-08  -4.236906e-11   2.028506e-14       204.5966   0.0002711262
34   90    0  0.0   0    -0.04918228    0.006225054  -1.452838e-05   2.985103e-08   -2.99193e-11   1.143627e-14       211.7479   0.0002714372
34   90    0  0.0   1    -0.04876649    0.006162711  -1.339925e-05   2.415984e-08  -1.883368e-11   4.579556e-15       211.6254   0.0002465002
35   90    0  0.0   0    -0.05070916    0.006325391  -1.551402e-05   3.564402e-08   -4.73429e-11   3.020582e-14        217.129   0.0003148927
35   90    0  0.0   1    -0.05437828    0.006695883  -1.988608e-05    5.66512e-08  -9.117254e-11   6.316556e-14       217.7714   0.0002747679
36   90    0  0.0   0    -0.04485735    0.006043507  -1.212207e-05   1.630842e-08   2.479909e-12  -1.690722e-14        227.963   0.0001679821
36   90    0  0.0   1    -0.04506166    0.006042036  -1.205753e-05    1.60003e-08    2.60799e-12  -1.624946e-14       227.7177   0.0001551019
37   90    0  0.0   0    -0.05219558    0.006612118  -1.842377e-05   4.751243e-08  -6.883147e-11   4.384271e-14       231.9953   0.0003000491
37   90    0  0.0   1    -0.05485853    0.006806788  -2.057124e-05    5.77953e-08  -9.053695e-11   6.042761e-14       233.1793    0.000157747
38   90    0  0.0   0    -0.05732776    0.006797666  -2.043573e-05   5.643759e-08  -8.251686e-11   4.898236e-14       209.9953    0.000238359
38   90    0  0.0   1    -0.05874722    0.006932366   -2.18336e-05    6.28944e-08  -9.664218e-11   6.112256e-14       208.5998   0.0002790738
39   90    0  0.0   0    -0.04973035    0.006364043  -1.573562e-05   3.469271e-08  -3.936169e-11   1.869155e-14       215.1083   0.0002408916
39   90    0  0.0   1    -0.05006758    0.006448605  -1.673304e-05   3.981991e-08  -5.126562e-11   2.880608e-14       214.7542   0.0002304855
40   90    0  0.0   0    -0.05262265    0.006636224  -1.901196e-05     5.1749e-08  -8.013809e-11   5.462013e-14       221.2779   0.0002195861
40   90    0  0.0   1    -0.04963074    0.006612906   -1.94687e-05    5.60872e-08  -9.242644e-11   6.573985e-14       220.7948   0.0002711529
41   90    0  0.0   0    -0.05404172    0.006802691  -1.951409e-05   4.529958e-08  -4.445977e-11   6.819815e-15       4775.342   7.628949e-05
41   90    0  0.0   1    -0.04347588    0.006311052  -1.569965e-05    3.53934e-08  -4.245422e-11   2.183865e-14       230.5806   0.0001119612
42   90    0  0.0   0     -0.0449036    0.006408827  -1.643143e-05   3.753699e-08  -4.553831e-11    2.34534e-14       238.8511   0.0001501594
42   90    0  0.0   1    -0.04749998    0.006592744  -1.843034e-05   4.784207e-08  -7.038275e-11   4.586203e-14        235.282   0.0001347025
43   90    0  0.0   0      -0.047924    0.006534685  -1.787768e-05   4.563163e-08  -6.664835e-11   4.310835e-14       242.4336    0.000215431
43   90    0  0.0   1     -0.0457216    0.006427895   -1.66492e-05   3.943449e-08  -5.245256e-11   3.104752e-14       245.8614   8.838175e-05
44   90    0  0.0   0    -0.05735608    0.006507505  -1.622385e-05   3.314006e-08  -2.885852e-11   4.365802e-15       221.8932   0.0001895908
44   90    0  0.0   1    -0.05563735    0.006516304   -1.74518e-05   4.461607e-08   -6.64991e-11   4.540479e-14       217.9944   0.0002197291
45   90    0  0.0   0    -0.04483312    0.005860607  -1.011872e-05    6.77724e-09   2.309654e-11  -3.354507e-14       224.7923   0.0001968733
45   90    0  0.0   1    -0.04315488     0.00577437  -8.975512e-06   1.636773e-10   3.990293e-11  -4.901662e-14       226.4615   0.0001988724
46   90    0  0.0   0    -0.03972221    0.006146988  -1.443839e-05   3.114633e-08  -3.720141e-11   2.044971e-14        231.381   0.0001085301
46   90    0  0.0   1    -0.03797276    0.005905711  -1.158889e-05   1.700084e-08  -5.939997e-12  -4.982015e-15        230.477   0.0001841244
47   90    0  0.0   0    -0.03793638    0.006215669  -1.562533e-05   3.752867e-08  -5.197066e-11   3.275653e-14       235.9382   5.988734e-05
47   90    0  0.0   1    -0.03892669    0.006154769  -1.451571e-05      3.139e-08  -3.840109e-11   2.207776e-14       234.9419   0.0001485558
48   90    0  0.0   0    -0.03245312    0.005505712  -7.608354e-06  -5.000026e-10   2.835163e-11   -3.00632e-14       245.7621   6.187426e-06
48   90    0  0.0   1    -0.03956003    0.005987736  -1.238032e-05   2.075112e-08   -1.45336e-11    1.82911e-15       245.5787   1.401934e-13
49   90    0  0.0   0     -0.0439956    0.006273343   -1.43676e-05   2.400123e-08  -8.948077e-12  -1.177553e-14       5643.757   8.515882e-05
49   90    0  0.0   1    -0.04269482    0.006209189  -1.336424e-05    1.92041e-08   3.399198e-13  -1.802886e-14       1867.646     0.00896945
50   90    0  0.0   0    -0.04514575     0.00659588   -1.87702e-05   4.881839e-08  -6.857483e-11   4.094218e-14       226.1547    9.98365e-05
50   90    0  0.0   1    -0.04965567    0.006888412  -2.210501e-05   6.638662e-08   -1.10811e-10   7.825872e-14       225.7328   0.0001053874
51   90    0  0.0   0    -0.04762819    0.006576614   -1.87308e-05   5.065562e-08   -7.85489e-11    5.39338e-14       232.8808   8.798422e-05
51   90    0  0.0   1    -0.04595014    0.006483768  -1.755182e-05   4.530059e-08  -6.859084e-11   4.748226e-14       232.3124   0.0001431069
52   90    0  0.0   0    -0.04435951    0.006454481  -1.628084e-05   3.175724e-08  -2.092774e-11  -6.349192e-15       3304.555    0.008336073
52   90    0  0.0   1    -0.03921752    0.006212202  -1.365714e-05   1.993272e-08   2.236056e-12  -2.257485e-14       5097.077    0.003896977
53   90    0  0.0   0    -0.03984705    0.006137978  -1.281284e-05   1.609282e-08   8.962074e-12    -2.6281e-14       1596.999    0.002282806
53   90    0  0.0   1    -0.03861405    0.006208023  -1.438596e-05   2.847454e-08  -2.900561e-11   1.280208e-14       246.0942   1.815215e-15
54   90    0  0.0   0    -0.03546911    0.006249426   -1.57369e-05   3.595228e-08  -4.512269e-11   2.445328e-14       252.6493    4.72844e-15
54   90    0  0.0   1    -0.03016996    0.006033654  -1.346059e-05   2.675691e-08  -2.968729e-11   1.564909e-14       251.6474   3.894606e-05
55   90    0  0.0   0    -0.02923638    0.006229741  -1.605212e-05   3.753137e-08   -5.13149e-11   3.024525e-14       284.3317   6.147641e-09
55   90    0  0.0   1    -0.02384323    0.006086811  -1.470944e-05   3.216981e-08  -4.201791e-11   2.444593e-14       284.1287    3.67421e-12
0  115    0  0.0   0     -0.0771577     0.00640746  -1.234997e-05  -4.017192e-08   6.494394e-10  -2.281611e-12       93.32132   0.0006457863
0  115    0  0.0   1    -0.07858473    0.006506166  -1.232236e-05  -4.511189e-08   6.482997e-10  -2.183272e-12       94.35712   0.0006189379
1  115    0  0.0   0    -0.08698427    0.007764529   -2.86291e-05   7.362484e-09   8.622355e-10  -3.196572e-12       94.40773    0.000643321
1  115    0  0.0   1     -0.0870583     0.00781946   -2.91831e-05   8.675969e-09   8.661812e-10  -3.186597e-12       95.12674   0.0006422812
2  115    0  0.0   0    -0.09153334    0.007789813  -2.532595e-05  -5.022126e-08   1.159809e-09  -3.534621e-12       99.29283   0.0006363567
2  115    0  0.0   1     -0.1147533     0.01049922  -7.792768e-05    4.22014e-07  -8.280647e-10   -3.49197e-13       100.2092   0.0006352494
3  115    0  0.0   0    -0.09297373    0.008125505  -3.274741e-05   2.597952e-08   7.530219e-10  -2.595641e-12        104.319   0.0006178161
3  115    0  0.0   1    -0.09350755    0.008241663  -3.323796e-05   2.472918e-08   7.534163e-10  -2.555584e-12       105.0442   0.0006029319
4  115    0  0.0   0    -0.06980741    0.006073284   3.085526e-06  -2.563211e-07   1.737597e-09  -3.747394e-12       107.8208   0.0006048192
4  115    0  0.0   1    -0.09907543    0.009135387  -5.205759e-05   2.098144e-07  -1.338605e-10   -8.67882e-13       111.3432   0.0005803992
5  115    0  0.0   0    -0.06772105     0.00604518   2.250228e-06  -2.299344e-07   1.513536e-09  -3.151734e-12       113.0044   0.0006028228
5  115    0  0.0   1    -0.07449503    0.006933318  -1.186238e-05  -1.229304e-07    1.11948e-09  -2.580249e-12       113.9243   0.0005794612
6  115    0  0.0   0    -0.06589873    0.005260479     1.4734e-05  -3.022343e-07    1.61861e-09  -2.956946e-12        119.892   0.0005800175
6  115    0  0.0   1    -0.08329656    0.007060787  -1.290293e-05   -1.05922e-07   9.540561e-10  -2.081023e-12       121.2223   0.0005607012
7  115    0  0.0   0    -0.07953685    0.006739035  -1.769601e-05   8.556018e-09   2.547629e-10   -7.09431e-13       120.2336   0.0006013492
7  115    0  0.0   1    -0.08409113    0.007500296  -2.363084e-05   1.393961e-08   3.538495e-10  -9.814512e-13       121.7151   0.0006006872
8  115    0  0.0   0    -0.05086965    0.004653146   1.982225e-05  -2.932953e-07   1.393453e-09  -2.324766e-12       128.8982    0.000552739
8  115    0  0.0   1    -0.03182663    0.002492045   5.373665e-05  -5.414063e-07   2.249828e-09  -3.451032e-12       127.6202   0.0005185946
9  115    0  0.0   0    -0.05240583      0.0046589   2.041614e-05  -2.860425e-07   1.260526e-09  -1.918596e-12       135.4289   0.0005370527
9  115    0  0.0   1    -0.05410573    0.004651287   1.705698e-05  -2.489067e-07   1.118881e-09  -1.740127e-12       135.5749   0.0005378424
10  115    0  0.0   0    -0.05843486    0.005161512   9.410825e-06  -1.760036e-07   7.667483e-10  -1.112869e-12       144.8162   0.0005033443
10  115    0  0.0   1    -0.05537316    0.004606495   1.582989e-05  -2.162104e-07   8.955881e-10  -1.275444e-12       144.3184   0.0005160482
11  115    0  0.0   0    -0.05840524     0.00509741   6.320436e-06  -1.258805e-07   5.065537e-10  -6.704336e-13         154.68    0.000479166
11  115    0  0.0   1    -0.05162907    0.004136299   2.019594e-05  -2.194084e-07   8.021064e-10  -1.023457e-12        156.194    0.000460287
12  115    0  0.0   0    -0.05523899    0.004307771   1.371976e-05  -1.486829e-07    4.99066e-10  -5.774145e-13       166.2976   0.0004144766
12  115    0  0.0   1    -0.06252968    0.005105073   5.530845e-06  -1.107244e-07   4.217974e-10  -5.246404e-13       165.8585    0.000438678
13  115    0  0.0   0    -0.06943072    0.006145537  -1.078094e-05   5.916686e-10   7.011819e-11  -1.086255e-13       175.2907   0.0003388158
13  115    0  0.0   1    -0.07037258    0.006223128   -1.15919e-05   2.503636e-09    7.71301e-11  -1.305435e-13        172.008   0.0003992573
14  115    0  0.0   0    -0.06390273    0.006076923   -6.41886e-06   -5.77742e-08   3.550263e-10  -5.652745e-13       152.8101   0.0004456866
14  115    0  0.0   1    -0.05649579    0.005308142   5.895573e-06  -1.450643e-07   6.359207e-10  -8.997428e-13       152.0312   0.0004630443
15  115    0  0.0   0    -0.06402076    0.006302107  -1.014782e-05  -2.280951e-08   1.948029e-10  -3.045543e-13       159.0532   0.0004786239
15  115    0  0.0   1    -0.05889156    0.005622434  -1.471104e-06  -7.644064e-08    3.55899e-10  -4.920078e-13       161.1521   0.0004810009
16  115    0  0.0   0    -0.06245391    0.005143138   5.171848e-06   -1.06485e-07   3.946193e-10  -4.731986e-13       173.5483   0.0004608292
16  115    0  0.0   1    -0.05456421    0.004322598    1.42046e-05  -1.527061e-07   5.052874e-10  -5.733174e-13       173.8789    0.000435029
17  115    0  0.0   0    -0.06144782    0.005029972   5.268269e-06  -9.704634e-08    3.37312e-10  -3.803998e-13       184.5069   0.0004314679
17  115    0  0.0   1    -0.06153361     0.00481269   6.596339e-06  -9.887413e-08   3.295459e-10  -3.616459e-13       183.1482   0.0004221089
18  115    0  0.0   0    -0.07436414    0.006165793  -1.006681e-05  -3.226557e-09    7.09143e-11  -9.736042e-14        191.039   0.0004208063
18  115    0  0.0   1    -0.06443484    0.005112051   8.981833e-07  -5.613999e-08   1.909172e-10  -2.008728e-13       191.4166   0.0003910557
19  115    0  0.0   0    -0.06602776    0.006119718  -1.023028e-05   1.486559e-11   5.448812e-11  -7.306962e-14       197.9622    0.000385739
19  115    0  0.0   1    -0.06905112    0.006024552  -9.895038e-06    9.14103e-11   5.238134e-11  -7.057167e-14       200.5775   0.0003262573
20  115    0  0.0   0    -0.06100402    0.006142254  -9.777162e-06  -1.581459e-08   1.473102e-10  -2.223421e-13       170.0548   0.0004588707
20  115    0  0.0   1    -0.05966134    0.005919546  -7.150757e-06  -2.983484e-08   1.811318e-10  -2.519801e-13       170.1743   0.0004632181
21  115    0  0.0   0    -0.06189912    0.006139858  -1.104492e-05   1.264311e-09    7.06362e-11  -1.119833e-13       178.9009   0.0004120653
21  115    0  0.0   1    -0.06618409    0.006273416  -1.258308e-05   1.055865e-08   4.292097e-11   -8.02976e-14       177.8795   0.0004400381
22  115    0  0.0   0    -0.05850769    0.006215238  -1.160281e-05    2.08818e-09   7.002731e-11  -1.095188e-13       187.1639    0.000409764
22  115    0  0.0   1    -0.05608266    0.006097158  -1.102276e-05   1.614531e-09   6.661649e-11  -1.029759e-13       186.4297    0.000397772
23  115    0  0.0   0     -0.0631557    0.006655386  -1.801953e-05   4.386089e-08   -5.46141e-11   2.694034e-14       192.7511    0.000342915
23  115    0  0.0   1    -0.06513753     0.00675537     -1.987e-05   5.624076e-08  -8.873379e-11   6.025777e-14       193.1169   0.0003490467
24  115    0  0.0   0    -0.06380083    0.006646324  -1.754642e-05   3.867524e-08   -3.57489e-11   4.433466e-15       203.8507   0.0002908608
24  115    0  0.0   1    -0.05992126    0.006370161  -1.515763e-05   3.003527e-08  -2.344506e-11   2.135569e-16       202.7051   0.0003229884
25  115    0  0.0   0    -0.06740687    0.006840653  -2.046268e-05   5.813096e-08  -9.281533e-11   6.407726e-14       211.1007   0.0003292387
25  115    0  0.0   1    -0.06765193     0.00666851  -1.838969e-05   4.651881e-08  -6.341791e-11   3.674441e-14       213.4347   0.0002395595
26  115    0  0.0   0    -0.06980937    0.006499262  -1.526878e-05   2.463221e-08   8.080703e-12  -4.622013e-14       190.1964   0.0003187797
26  115    0  0.0   1    -0.06845709    0.006250642  -1.221135e-05   8.473464e-09   4.704788e-11  -8.152332e-14       189.9005   0.0003377394
27  115    0  0.0   0    -0.06960867    0.006140381  -1.065708e-05   5.522363e-10   6.195417e-11  -8.951755e-14       198.3482   0.0003119645
27  115    0  0.0   1    -0.07313946    0.006327169   -1.35025e-05   1.910554e-08   8.010003e-12  -3.228589e-14        196.991   0.0003095688
28  115    0  0.0   0    -0.05998112     0.00589621  -9.261012e-06  -2.436333e-10   4.771849e-11  -6.261606e-14       205.0407   0.0003152742
28  115    0  0.0   1    -0.06863071      0.0063554  -1.483192e-05    2.98257e-08  -2.659292e-11   5.839408e-15       205.1869   0.0003103418
29  115    0  0.0   0    -0.06118018     0.00635827  -1.510061e-05    3.12948e-08  -3.051105e-11   9.717205e-15       210.8512   0.0002676813
29  115    0  0.0   1    -0.07007737    0.006766844  -1.947684e-05   5.347668e-08  -8.441546e-11   5.963484e-14       209.8574   0.0002678274
30  115    0  0.0   0    -0.05361995    0.006719825  -1.970829e-05   5.388722e-08  -8.108652e-11   5.223669e-14       215.7376   0.0002473382
30  115    0  0.0   1    -0.05895827    0.006880817  -2.117685e-05   5.954536e-08  -9.073333e-11   5.808501e-14        217.331   0.0002657486
31  115    0  0.0   0    -0.06847357    0.007516881  -2.605944e-05   7.242366e-08  -9.456173e-11    3.99563e-14       2478.531    0.002836432
31  115    0  0.0   1    -0.05797952    0.006834807   -2.03292e-05   5.349129e-08   -7.34877e-11   4.033244e-14       227.7176   0.0001539933
32  115    0  0.0   0    -0.06009702    0.006563192  -1.708919e-05   3.788813e-08  -3.561529e-11   4.579247e-15       200.5666   0.0002987374
32  115    0  0.0   1    -0.06421895    0.006785642  -1.936522e-05    4.76461e-08  -5.424804e-11   1.760439e-14       200.4165   0.0003020113
33  115    0  0.0   0    -0.06012022    0.006587693  -1.791845e-05   4.471805e-08  -5.838444e-11   3.059708e-14       206.9059   0.0002974589
33  115    0  0.0   1    -0.06075993    0.006712343  -1.925938e-05   5.151039e-08  -7.517292e-11   4.664857e-14        206.385   0.0003071596
34  115    0  0.0   0    -0.08032015    0.008119391  -3.327375e-05   1.076088e-07  -1.664196e-10   9.027778e-14       992.5611    0.009528824
34  115    0  0.0   1    -0.05516583    0.006635181  -1.842746e-05   4.602846e-08  -5.943116e-11   3.030382e-14       213.2941   0.0003000987
35  115    0  0.0   0    -0.04996821     0.00627178  -1.464445e-05    2.95936e-08   -2.93907e-11   1.137236e-14       222.0525   0.0001813967
35  115    0  0.0   1    -0.05640778    0.006722591  -1.942668e-05   5.195447e-08  -7.740931e-11   5.030673e-14       218.7044   0.0002258244
36  115    0  0.0   0    -0.05178504    0.006514034  -1.751477e-05   4.341751e-08  -5.913715e-11   3.464009e-14       228.2559   0.0001812493
36  115    0  0.0   1    -0.05324604    0.006533978  -1.724275e-05   4.094709e-08  -5.248915e-11   2.893177e-14       227.6235   0.0001275877
37  115    0  0.0   0    -0.05360786      0.0067891  -2.102352e-05   6.188254e-08  -1.027234e-10   7.250484e-14        235.323   0.0001297372
37  115    0  0.0   1    -0.05179073    0.006759615  -2.061605e-05   6.013184e-08  -9.939711e-11   6.997494e-14       232.9601   0.0002011818
38  115    0  0.0   0    -0.06181018    0.007085592  -2.348753e-05   7.186723e-08  -1.194668e-10   8.231967e-14       209.8714   0.0002623301
38  115    0  0.0   1    -0.06004388    0.006931206  -2.119561e-05    5.82281e-08  -8.493601e-11   5.131661e-14       208.5849   0.0002822907
39  115    0  0.0   0     -0.0511092    0.006370076  -1.477111e-05   2.569397e-08  -1.119298e-11  -1.066184e-14       217.3316   0.0002161783
39  115    0  0.0   1    -0.05193027    0.006545418   -1.74327e-05   4.120667e-08  -4.948868e-11   2.301698e-14       216.3527   0.0002762663
40  115    0  0.0   0    -0.05689724    0.006937696   -2.26456e-05     7.0757e-08  -1.244937e-10   9.230321e-14       221.6526   0.0001974287
40  115    0  0.0   1    -0.04940094     0.00645309   -1.64229e-05   3.645781e-08  -4.033377e-11   1.659134e-14       223.5172   0.0002353802
41  115    0  0.0   0    -0.04872031    0.006598329  -1.896396e-05   5.194538e-08   -8.09376e-11   5.486921e-14       229.4238   0.0001614601
41  115    0  0.0   1    -0.04531029    0.006401141  -1.647899e-05   3.847773e-08  -4.825188e-11   2.588183e-14       231.7074   9.892777e-05
42  115    0  0.0   0    -0.04877408    0.006621081  -1.836063e-05   4.578449e-08  -6.265967e-11   3.725541e-14       238.4971   0.0001330004
42  115    0  0.0   1    -0.04586676    0.006561143  -1.840574e-05   4.832403e-08  -7.195705e-11   4.722466e-14       237.4039   0.0001013011
43  115    0  0.0   0    -0.04855645    0.006573449  -1.820523e-05   4.627385e-08  -6.505774e-11   3.891901e-14       245.5948   0.0002468914
43  115    0  0.0   1    -0.03086997     0.00543573  -6.062501e-06  -9.714485e-09   5.042789e-11  -4.843238e-14       251.2226   2.805734e-06
44  115    0  0.0   0    -0.06122064     0.00675777  -1.966729e-05   5.280508e-08  -7.825465e-11   4.974689e-14       217.2954   0.0003130054
44  115    0  0.0   1    -0.07658423    0.007635354  -2.745418e-05   8.055945e-08  -1.139907e-10    5.52007e-14       350.1075   0.0005553979
45  115    0  0.0   0    -0.05412051    0.006430081  -1.672548e-05   4.086337e-08  -5.670826e-11   3.548868e-14       222.6402   0.0002786823
45  115    0  0.0   1    -0.05740504    0.006460422  -1.585558e-05   3.394165e-08   -3.84761e-11   1.911764e-14       225.9708   0.0002004224
46  115    0  0.0   0    -0.04648458    0.006398757  -1.622376e-05   3.630091e-08  -4.228549e-11   2.029887e-14       231.0562   0.0002408184
46  115    0  0.0   1    -0.05179951    0.006632456  -1.833384e-05    4.58843e-08  -6.419604e-11   3.968034e-14       229.1515   0.0002776155
47  115    0  0.0   0    -0.04912572    0.006738166  -2.000232e-05   5.417529e-08  -8.142581e-11   5.226761e-14       234.6524   0.0001796316
47  115    0  0.0   1    -0.05616695    0.006970782  -2.054862e-05   4.781561e-08  -4.841033e-11   1.066551e-14       3468.324   0.0001129161
48  115    0  0.0   0    -0.05201408     0.00649421  -1.621302e-05    3.15091e-08  -2.213322e-11  -4.053876e-15       3083.034    0.002859913
48  115    0  0.0   1    -0.05027701    0.006535741  -1.632564e-05   3.010744e-08   -1.63559e-11  -9.682117e-15        5020.31    0.000252553
49  115    0  0.0   0    -0.04506482    0.006285947  -1.409555e-05   2.238224e-08  -5.571839e-12  -1.414806e-14       5138.762    0.006118249
49  115    0  0.0   1    -0.04767966    0.006515664  -1.620858e-05    2.97101e-08  -1.643281e-11  -8.252545e-15       8576.165    0.007271211
50  115    0  0.0   0    -0.05067851    0.006992595  -2.349389e-05   7.391487e-08   -1.28712e-10   9.360493e-14       225.6897   0.0001692352
50  115    0  0.0   1    -0.04721546    0.006729512  -1.984709e-05   5.317286e-08  -7.716105e-11   4.715286e-14       227.5288   0.0001370084
51  115    0  0.0   0    -0.04882421    0.006670431  -1.969408e-05   5.524357e-08  -8.845209e-11    6.13884e-14       234.1394   7.912021e-05
51  115    0  0.0   1      -0.047676    0.006590474  -1.851476e-05   4.917043e-08  -7.601211e-11   5.288193e-14       232.3576   0.0001497644
52  115    0  0.0   0    -0.04614675    0.006528467  -1.680891e-05   3.317679e-08  -2.216813e-11  -6.393991e-15        4095.63   0.0008372772
52  115    0  0.0   1    -0.03867378    0.006227577    -1.4614e-05    2.90944e-08  -2.811751e-11   1.005839e-14       242.7369   5.059603e-13
53  115    0  0.0   0    -0.03863772    0.006070961  -1.236473e-05   1.533376e-08   8.353549e-12  -2.474071e-14       1140.635    0.001432703
53  115    0  0.0   1     -0.0425189    0.006430739  -1.656396e-05    3.83089e-08  -4.936028e-11   2.829446e-14       243.9208   8.329823e-05
54  115    0  0.0   0    -0.04118404     0.00648675   -1.77718e-05   4.457611e-08  -6.241842e-11   3.736925e-14       252.7447   3.644529e-13
54  115    0  0.0   1    -0.03266984    0.006148693  -1.404791e-05   2.714655e-08  -2.660631e-11   1.075001e-14       253.0548     3.1566e-05
55  115    0  0.0   0    -0.02754684    0.006170459  -1.551608e-05    3.52739e-08  -4.714667e-11   2.745555e-14       284.8784   4.267378e-05
55  115    0  0.0   1    -0.02162885    0.006042945  -1.450109e-05   3.160641e-08  -4.097444e-11   2.352703e-14       283.4443   5.778023e-05
