0.5	4.332994
0.505	4.19915772
0.51	4.07779488
0.515	3.967782
0.52	3.86854877
0.525	3.7784616
0.53	3.6970521
0.535	3.6235296
0.54	3.55690725
0.545	3.4968186
0.55	3.44219064
0.555	3.39284088
0.56	3.34832376
0.565	3.30782718
0.57	3.27096496
0.575	3.23724842
0.58	3.20671377
0.585	3.17826822
0.59	3.1519887
0.595	3.1275774
0.6	3.1045147
0.605	3.068288
0.61	3.03346454
0.615	3.00014997
0.62	2.96783558
0.625	2.93663854
0.63	2.9067723
0.635	2.87764652
0.64	2.8496088
0.645	2.822305
0.65	2.795735
0.655	2.76989904
0.66	2.74459094
0.665	2.71948215
0.67	2.6949909
0.675	2.67065385
0.68	2.64655654
0.685	2.62271328
0.69	2.5987545
0.695	2.5747614
0.7	2.55070186
0.705	2.52152982
0.71	2.49230544
0.715	2.46282556
0.72	2.43320723
0.725	2.40356675
0.73	2.37383028
0.735	2.34380826
0.74	2.31404
0.745	2.28403179
0.75	2.25400739
0.755	2.22411774
0.76	2.19407944
0.765	2.16420765
0.77	2.13408732
0.775	2.10432001
0.78	2.07446773
0.785	2.04470104
0.79	2.01503128
0.795	1.98546925
0.8	1.95602521
0.805	1.92073364
0.81	1.88571891
0.815	1.85140104
0.82	1.81762912
0.825	1.78441276
0.83	1.7521503
0.835	1.7205615
0.84	1.6897725
0.845	1.65989213
0.85	1.63104832
0.855	1.603087
0.86	1.57625209
0.865	1.55063832
0.87	1.52585268
0.875	1.5024945
0.88	1.48028756
0.885	1.45921234
0.89	1.43947496
0.895	1.4210559
0.9	1.40391708
0.905	1.39411964
0.91	1.3855404
0.915	1.3781467
0.92	1.3719083
0.925	1.36691502
0.93	1.36335798
0.935	1.36131736
0.94	1.3610805
0.945	1.36316092
0.95	1.36835951
0.955	1.37801412
0.96	1.39391724
0.965	1.41878828
0.97	1.45383
0.975	1.49169458
0.98	1.5087519
0.985	1.48878663
0.99	1.44934075
0.995	1.41417416
1	1.389504963
1.005	1.370667956
1.01	1.358082672
1.015	1.34993628
1.02	1.3449462
1.025	1.342283112
1.03	1.34149678
1.035	1.342259451
1.04	1.344547435
1.045	1.34818823
1.05	1.353100614
1.055	1.359300293
1.06	1.36678504
1.065	1.375597696
1.07	1.385705798
1.075	1.3973238
1.08	1.410343464
1.085	1.424800242
1.09	1.440930568
1.095	1.458575394
1.1	1.477964544
1.105	1.50089112
1.11	1.525588239
1.115	1.552111088
1.12	1.580557315
1.125	1.611038642
1.13	1.643503781
1.135	1.677981903
1.14	1.714657685
1.145	1.753531868
1.15	1.794494121
1.155	1.837722656
1.16	1.883062104
1.165	1.930458915
1.17	1.979861135
1.175	2.03099652
1.18	2.08370325
1.185	2.137493652
1.19	2.191991088
1.195	2.246688756
1.2	2.300795485
1.205	2.351748476
1.21	2.40024402
1.215	2.44522296
1.22	2.485560992
1.225	2.51982332
1.23	2.54666157
1.235	2.564798028
1.24	2.572858566
1.245	2.569853184
1.25	2.554945937
1.255	2.527600628
1.26	2.4879744
1.265	2.436209874
1.27	2.373300972
1.275	2.300454756
1.28	2.219024224
1.285	2.130869348
1.29	2.037669222
1.295	1.941139613
1.3	1.8430456
1.305	1.744525244
1.31	1.646862471
1.315	1.551122605
1.32	1.458255513
1.325	1.368916575
1.33	1.283529642
1.335	1.202480216
1.34	1.12581492
1.345	1.053659777
1.35	0.985980186
1.355	0.922596312
1.36	0.863456953
1.365	0.808224595
1.37	0.756851872
1.375	0.709070192
1.38	0.664617586
1.385	0.623295513
1.39	0.584840511
1.395	0.549196186
1.4	0.516017271
1.405	0.485576986
1.41	0.457306353
1.415	0.431051206
1.42	0.406628972
1.425	0.38391373
1.43	0.362770725
1.435	0.343060024
1.44	0.324689925
1.445	0.307540514
1.45	0.291527454
1.455	0.276564311
1.46	0.262558465
1.465	0.249448576
1.47	0.237169954
1.475	0.225649929
1.48	0.214845827
1.485	0.204697594
1.49	0.195155701
1.495	0.186189786
1.5	0.177744263
1.505	0.16964503
1.51	0.162008246
1.515	0.154799428
1.52	0.147995229
1.525	0.141577167
1.53	0.135511908
1.535	0.129794813
1.54	0.124396102
1.545	0.119297215
1.55	0.11449129
1.555	0.109955849
1.56	0.105679266
1.565	0.101646751
1.57	0.097847372
1.575	0.094264552
1.58	0.090896746
1.585	0.087725566
1.59	0.084739417
1.595	0.081941204
1.6	0.079309382
1.605	0.077086748
1.61	0.075005737
1.615	0.073063909
1.62	0.071247002
1.625	0.069545014
1.63	0.067957715
1.635	0.066468019
1.64	0.065069981
1.645	0.063760337
1.65	0.062528333
1.655	0.061364587
1.66	0.060270088
1.665	0.05923462
1.67	0.058249221
1.675	0.057309951
1.68	0.056411818
1.685	0.055547457
1.69	0.054714241
1.695	0.053904483
1.7	0.05311426
1.705	0.052128247
1.71	0.05116028
1.715	0.050205175
1.72	0.049265632
1.725	0.048335166
1.73	0.047418549
1.735	0.046514255
1.74	0.045620091
1.745	0.044739342
1.75	0.043863792
1.755	0.043006073
1.76	0.042152108
1.765	0.041311077
1.77	0.040476227
1.775	0.039652846
1.78	0.038838761
1.785	0.038030626
1.79	0.03723367
1.795	0.036444583
1.8	0.035661252
1.805	0.034737032
1.81	0.033831676
1.815	0.032955382
1.82	0.032103555
1.825	0.031286144
1.83	0.030501913
1.835	0.029750984
1.84	0.029036552
1.845	0.028358299
1.85	0.027716877
1.855	0.027113227
1.86	0.026546736
1.865	0.026016535
1.87	0.025522636
1.875	0.025063306
1.88	0.024637426
1.885	0.02424332
1.89	0.023880463
1.895	0.02354528
1.9	0.023237565
1.905	0.023098351
1.91	0.022975224
1.915	0.022866796
1.92	0.022769824
1.925	0.022684928
1.93	0.022608643
1.935	0.022541649
1.94	0.022481909
1.945	0.022427963
1.95	0.022378919
1.955	0.022333636
1.96	0.022291307
1.965	0.022249438
1.97	0.022207275
1.975	0.022164896
1.98	0.022119074
1.985	0.022070267
1.99	0.022015298
1.995	0.021954694
2	0.021885329
2.005	0.021641813
2.01	0.021395882
2.015	0.021149943
2.02	0.020905513
2.025	0.020663825
2.03	0.020426423
2.035	0.020192343
2.04	0.019963349
2.045	0.019738564
2.05	0.019520042
2.055	0.019306896
2.06	0.01909826
2.065	0.018895434
2.07	0.018696051
2.075	0.018500627
2.08	0.018308649
2.085	0.018118916
2.09	0.017930947
2.095	0.017742809
2.1	0.017555595
2.105	0.017209137
2.11	0.016870167
2.115	0.016541009
2.12	0.016225012
2.125	0.015922552
2.13	0.015636377
2.135	0.015367797
2.14	0.015117434
2.145	0.014885873
2.15	0.014673523
2.155	0.014480753
2.16	0.014307277
2.165	0.014151509
2.17	0.014013212
2.175	0.013891497
2.18	0.013784227
2.185	0.013689702
2.19	0.013606091
2.195	0.013531371
2.2	0.013462702
2.205	0.013398386
2.21	0.013335913
2.215	0.013271969
2.22	0.013204799
2.225	0.013132248
2.23	0.013051149
2.235	0.012959891
2.24	0.012856849
2.245	0.012739588
2.25	0.012607596
2.255	0.012459928
2.26	0.012295219
2.265	0.01211475
2.27	0.011917951
2.275	0.011707226
2.28	0.011484504
2.285	0.011251842
2.29	0.011013768
2.295	0.010774117
2.3	0.010605647
2.305	0.010417488
2.31	0.010232516
2.315	0.010051617
2.32	0.009873832
2.325	0.009699667
2.33	0.00952873
2.335	0.00936133
2.34	0.00919742
2.345	0.009036449
2.35	0.008878391
2.355	0.008723536
2.36	0.00857184
2.365	0.008422957
2.37	0.008276988
2.375	0.008133773
2.38	0.007993403
2.385	0.007855557
2.39	0.007720491
2.395	0.007587724
2.4	0.007457845
2.405	0.007330044
2.41	0.0072049
2.415	0.007082123
2.42	0.006961609
2.425	0.006843412
2.43	0.006727425
2.435	0.006613544
2.44	0.006501983
2.445	0.00639232
2.45	0.006284539
2.455	0.006179005
2.46	0.006075691
2.465	0.005974031
2.47	0.005874012
2.475	0.005776145
2.48	0.005679881
2.485	0.005585722
2.49	0.005492974
2.495	0.005401782
2.5	0.00531263
2.505	0.005225185
2.51	0.005139087
2.515	0.00505463
2.52	0.004971672
2.525	0.004890323
2.53	0.004810115
2.535	0.004731657
2.54	0.004654464
2.545	0.004578834
2.55	0.004504439
2.555	0.004431271
2.56	0.004359618
2.565	0.004289458
2.57	0.004220044
2.575	0.004152097
2.58	0.004085599
2.585	0.004019824
2.59	0.003955608
2.595	0.003892241
2.6	0.003830124
2.605	0.003768973
2.61	0.003709185
2.615	0.00365034
2.62	0.003592292
2.625	0.003535567
2.63	0.003479618
2.635	0.003424715
2.64	0.003370822
2.645	0.003317818
2.65	0.003265559
2.655	0.003214547
2.66	0.003164129
2.665	0.003114934
2.67	0.003066448
2.675	0.003018666
2.68	0.002971584
2.685	0.002925549
2.69	0.002880196
2.695	0.00283565
2.7	0.002791862
2.705	0.002748864
2.71	0.002706522
2.715	0.002664912
2.72	0.00262407
2.725	0.002583864
2.73	0.002544366
2.735	0.002505615
2.74	0.002467355
2.745	0.002429904
2.75	0.002392861
2.755	0.002356683
2.76	0.002320904
2.765	0.002285903
2.77	0.002251483
2.775	0.002217397
2.78	0.002184004
2.785	0.002151239
2.79	0.002118915
2.795	0.002087323
2.8	0.002055986
2.805	0.002025253
2.81	0.00199523
2.815	0.001965455
2.82	0.001936263
2.825	0.001907481
2.83	0.00187922
2.835	0.001851525
2.84	0.001824226
2.845	0.00179732
2.85	0.001770692
2.855	0.001744832
2.86	0.001719088
2.865	0.001693918
2.87	0.001669082
2.875	0.001644767
2.88	0.001620672
2.885	0.001597236
2.89	0.001573904
2.895	0.001551074
2.9	0.001528457
2.905	0.001506473
2.91	0.001484696
2.915	0.001463157
2.92	0.001442097
2.925	0.00142127
2.93	0.001401016
2.935	0.001380856
2.94	0.001361052
2.945	0.001341575
2.95	0.001322421
2.955	0.001303485
2.96	0.001284993
2.965	0.001266713
2.97	0.001248643
2.975	0.001230884
2.98	0.001213553
2.985	0.001196424
2.99	0.001179497
2.995	0.001162846
3	0.001146462
3.005	0.001130396
3.01	0.001114458
3.015	0.001098822
3.02	0.001083495
3.025	0.001068291
3.03	0.001053381
3.035	0.001038783
3.04	0.001024282
3.045	0.001009993
3.05	0.000995988
3.055	0.000982191
3.06	0.000968589
3.065	0.000955265
3.07	0.000942049
3.075	0.000929059
3.08	0.000916276
3.085	0.000903679
3.09	0.000891276
3.095	0.000879055
3.1	0.000867025
3.105	0.000855173
3.11	0.000843509
3.115	0.000832002
3.12	0.000820687
3.125	0.000809527
3.13	0.000798539
3.135	0.00078772
3.14	0.000777051
3.145	0.000766549
3.15	0.000756203
3.155	0.000746003
3.16	0.000735957
3.165	0.000726062
3.17	0.000716319
3.175	0.000706716
3.18	0.000697244
3.185	0.000687927
3.19	0.000678739
3.195	0.000669686
3.2	0.00066076
3.205	0.000651975
3.21	0.000643314
3.215	0.000634784
3.22	0.000626375
3.225	0.000618087
3.23	0.000609918
3.235	0.000601867
3.24	0.000593942
3.245	0.000586124
3.25	0.000578414
3.255	0.000570826
3.26	0.000563342
3.265	0.000555971
3.27	0.000548695
3.275	0.00054153
3.28	0.000534473
3.285	0.000527509
3.29	0.000520652
3.295	0.000513887
3.3	0.00050722
3.305	0.000500649
3.31	0.000494174
3.315	0.00048778
3.32	0.000481487
3.325	0.00047528
3.33	0.000469159
3.335	0.000463124
3.34	0.000457179
3.345	0.000451316
3.35	0.000445544
3.355	0.000439838
3.36	0.000434215
3.365	0.000428678
3.37	0.00042322
3.375	0.000417828
3.38	0.000412514
3.385	0.000407283
3.39	0.000402115
3.395	0.000397024
3.4	0.000392002
3.405	0.000387054
3.41	0.000382161
3.415	0.000377354
3.42	0.000372601
3.425	0.000367919
3.43	0.000363295
3.435	0.000358737
3.44	0.000354248
3.445	0.000349817
3.45	0.000345448
3.455	0.000341136
3.46	0.000336879
3.465	0.000332689
3.47	0.000328553
3.475	0.000324472
3.48	0.000320449
3.485	0.000316474
3.49	0.000312563
3.495	0.000308698
3.5	0.000304891
3.505	0.000301129
3.51	0.000297422
3.515	0.000293762
3.52	0.000290156
3.525	0.000286593
3.53	0.000283085
3.535	0.00027962
3.54	0.000276197
3.545	0.000272827
3.55	0.000269499
3.555	0.000266217
3.56	0.000262971
3.565	0.000259776
3.57	0.000256626
3.575	0.00025351
3.58	0.00025044
3.585	0.000247414
3.59	0.000244421
3.595	0.000241472
3.6	0.000238564
3.605	0.00023569
3.61	0.000232854
3.615	0.000230058
3.62	0.000227294
3.625	0.000224567
3.63	0.00022188
3.635	0.000219231
3.64	0.000216608
3.645	0.000214023
3.65	0.000211477
3.655	0.000208955
3.66	0.000206474
3.665	0.000204018
3.67	0.000201598
3.675	0.000199209
3.68	0.00019685
3.685	0.000194524
3.69	0.000192225
3.695	0.000189961
3.7	0.000187721
3.705	0.000185512
3.71	0.000183329
3.715	0.000181174
3.72	0.000179048
3.725	0.000176953
3.73	0.000174883
3.735	0.000172835
3.74	0.000170819
3.745	0.000168826
3.75	0.000166856
3.755	0.000164916
3.76	0.000162994
3.765	0.000161101
3.77	0.000159232
3.775	0.000157391
3.78	0.000155565
3.785	0.000153765
3.79	0.00015199
3.795	0.000150237
3.8	0.000148507
3.805	0.000146793
3.81	0.000145104
3.815	0.000143439
3.82	0.000141794
3.825	0.000140164
3.83	0.000138561
3.835	0.000136973
3.84	0.000135412
3.845	0.000133864
3.85	0.000132336
3.855	0.000130829
3.86	0.000129342
3.865	0.000127867
3.87	0.00012642
3.875	0.000124985
3.88	0.000123565
3.885	0.000122169
3.89	0.000120786
3.895	0.000119421
3.9	0.000118076
3.905	0.000116744
3.91	0.000115431
3.915	0.00011413
3.92	0.000112847
3.925	0.000111582
3.93	0.000110329
3.935	0.000109095
3.94	0.000107873
3.945	0.000106666
3.95	0.000105475
3.955	0.000104299
3.96	0.000103135
3.965	0.000101989
3.97	0.000100853
3.975	9.97343E-05
3.98	9.86277E-05
3.985	9.75312E-05
3.99	9.64514E-05
3.995	9.53836E-05
4	9.43276E-05