2.05	0.032336874
2.055	0.032041835
2.06	0.031767204
2.065	0.03151296
2.07	0.031278528
2.075	0.031060235
2.08	0.030860187
2.085	0.030675796
2.09	0.030504528
2.095	0.030347181
2.1	0.0302016
2.105	0.030065005
2.11	0.029938575
2.115	0.029818595
2.12	0.029707611
2.125	0.029602875
2.13	0.029503393
2.135	0.029406899
2.14	0.029315561
2.145	0.029223612
2.15	0.029134566
2.155	0.029046237
2.16	0.028956483
2.165	0.028863995
2.17	0.028770158
2.175	0.028672894
2.18	0.028570169
2.185	0.028462823
2.19	0.028350194
2.195	0.028232381
2.2	0.028103993
2.205	0.027968602
2.21	0.027824289
2.215	0.027669849
2.22	0.027504771
2.225	0.027329236
2.23	0.02714006
2.235	0.026938808
2.24	0.026725679
2.245	0.026497554
2.25	0.026256006
2.255	0.025860559
2.26	0.025452196
2.265	0.025032442
2.27	0.024604056
2.275	0.024166556
2.28	0.023723904
2.285	0.023274963
2.29	0.022822972
2.295	0.022366796
2.3	0.02190959
2.305	0.02145324
2.31	0.02099661
2.315	0.020542711
2.32	0.020090417
2.325	0.01964448
2.33	0.019203758
2.335	0.018769263
2.34	0.01834271
2.345	0.017926567
2.35	0.017517346
2.355	0.017228456
2.36	0.016949033
2.365	0.016677648
2.37	0.016414629
2.375	0.016158586
2.38	0.015909671
2.385	0.015666362
2.39	0.015429334
2.395	0.015196928
2.4	0.014969475
2.405	0.014745531
2.41	0.014525594
2.415	0.014308257
2.42	0.01409385
2.425	0.013881167
2.43	0.013670375
2.435	0.013460302
2.44	0.013251115
2.445	0.013041842
2.45	0.012831695
2.455	0.012593949
2.46	0.012356245
2.465	0.012117503
2.47	0.011877922
2.475	0.011638274
2.48	0.011397677
2.485	0.011156881
2.49	0.010915188
2.495	0.010672479
2.5	0.010429623
2.505	0.010186468
2.51	0.009942361
2.515	0.009697343
2.52	0.009451922
2.525	0.009205491
2.53	0.008958087
2.535	0.008710184
2.54	0.008461512
2.545	0.008212217
2.55	0.007961907
2.555	0.007669824
2.56	0.007378422
2.565	0.007087967
2.57	0.006798074
2.575	0.006510438
2.58	0.006225443
2.585	0.00594292
2.59	0.005664535
2.595	0.005389735
2.6	0.005119557
2.605	0.004854416
2.61	0.004595024
2.615	0.004341527
2.62	0.00409443
2.625	0.003854365
2.63	0.003621781
2.635	0.003396875
2.64	0.003180483
2.645	0.002972795
2.65	0.002774257
2.655	0.002632278
2.66	0.002499198
2.665	0.002374827
2.67	0.002258604
2.675	0.002150303
2.68	0.002049698
2.685	0.001956587
2.69	0.001870718
2.695	0.001791618
2.7	0.001719337
2.705	0.001653395
2.71	0.001593588
2.715	0.001539834
2.72	0.001491553
2.725	0.001448677
2.73	0.001411126
2.735	0.001378469
2.74	0.00135052
2.745	0.001327078
2.75	0.001307751
2.755	0.001292679
2.76	0.001281249
2.765	0.001273622
2.77	0.001269282
2.775	0.001268186
2.78	0.001270052
2.785	0.001274826
2.79	0.001282128
2.795	0.001291915
2.8	0.001303819
2.805	0.001317794
2.81	0.001333818
2.815	0.001351403
2.82	0.001370409
2.825	0.001390816
2.83	0.001412375
2.835	0.001435078
2.84	0.001458446
2.845	0.001482582
2.85	0.001506907
2.855	0.001469682
2.86	0.001433376
2.865	0.001398252
2.87	0.001364027
2.875	0.00133083
2.88	0.001298409
2.885	0.001267219
2.89	0.001236787
2.895	0.001207333
2.9	0.001178842
2.905	0.001151305
2.91	0.001124711
2.915	0.001099158
2.92	0.001074736
2.925	0.001051562
2.93	0.001029762
2.935	0.001009409
2.94	0.000991056
2.945	0.000975114
2.95	0.000962395
2.955	0.00095415
2.96	0.000952401
2.965	0.000959763
2.97	0.00097909
2.975	0.001009477
2.98	0.00103669
2.985	0.001030573
2.99	0.000979208
2.995	0.000908395
3	0.000843558
3.005	0.000791673
3.01	0.000750892
3.015	0.000717988
3.02	0.000690464
3.025	0.000666644
3.03	0.000645431
3.035	0.000626131
3.04	0.000608274
3.045	0.00059157
3.05	0.000575772
3.055	0.000560758
3.06	0.000546399
3.065	0.000532608
3.07	0.000519343
3.075	0.000506529
3.08	0.000494154
3.085	0.000482158
3.09	0.000470539
3.095	0.000459259
3.1	0.000448303
3.105	0.000437659
3.11	0.000427315
3.115	0.000417245
3.12	0.000407455
3.125	0.000397915
3.13	0.000388636
3.135	0.000379588
3.14	0.000370774
3.145	0.000362191
3.15	0.000353827
3.155	0.000345676
3.16	0.000337723
3.165	0.000329975
3.17	0.00032242
3.175	0.000315052
3.18	0.000307865
3.185	0.000300857
3.19	0.000294018
3.195	0.000287346
3.2	0.000280836
3.205	0.000274484
3.21	0.00026829
3.215	0.000262249
3.22	0.000256345
3.225	0.000250591
3.23	0.000244972
3.235	0.000239485
3.24	0.000234136
3.245	0.000228909
3.25	0.000223809
3.255	0.000218828
3.26	0.000213966
3.265	0.000209227
3.27	0.000204593
3.275	0.000200066
3.28	0.000195645
3.285	0.000191334
3.29	0.000187126
3.295	0.000183011
3.3	0.000178988
3.305	0.000175065
3.31	0.000171234
3.315	0.00016749
3.32	0.000163837
3.325	0.000160264
3.33	0.000156777
3.335	0.000153368
3.34	0.000150038
3.345	0.000146793
3.35	0.000143616
3.355	0.000140507
3.36	0.000137478
3.365	0.00013451
3.37	0.000131616
3.375	0.000128793
3.38	0.000126027
3.385	0.000123326
3.39	0.000120688
3.395	0.000118105
3.4	0.000115583
3.405	0.000113123
3.41	0.000110715
3.415	0.000108362
3.42	0.00010606
3.425	0.000103811
3.43	0.000101612
3.435	9.94644E-05
3.44	9.7361E-05
3.445	9.5307E-05
3.45	9.33021E-05
3.455	9.13389E-05
3.46	8.94169E-05
3.465	8.75439E-05
3.47	8.57113E-05
3.475	8.39187E-05
3.48	8.2167E-05
3.485	8.04465E-05
3.49	7.87728E-05
3.495	7.71309E-05
3.5	7.55272E-05
3.505	7.39612E-05
3.51	7.24271E-05
3.515	7.09289E-05
3.52	6.9462E-05
3.525	6.8025E-05
3.53	6.6624E-05
3.535	6.52523E-05
3.54	6.39083E-05
3.545	6.25952E-05
3.55	6.13102E-05
3.555	6.00543E-05
3.56	5.88246E-05
3.565	5.76223E-05
3.57	5.64453E-05
3.575	5.52948E-05
3.58	5.41686E-05
3.585	5.30665E-05
3.59	5.19883E-05
3.595	5.09337E-05
3.6	4.9902E-05
3.605	4.88916E-05
3.61	4.79034E-05
3.615	4.69364E-05
3.62	4.59899E-05
3.625	4.50633E-05
3.63	4.41578E-05
3.635	4.32699E-05
3.64	4.24027E-05
3.645	4.15527E-05
3.65	4.07213E-05
3.655	3.99067E-05
3.66	3.91097E-05
3.665	3.83306E-05
3.67	3.75668E-05
3.675	3.68201E-05
3.68	3.60883E-05
3.685	3.53721E-05
3.69	3.46707E-05
3.695	3.39851E-05
3.7	3.33128E-05
3.705	3.26555E-05
3.71	3.20113E-05
3.715	3.138E-05
3.72	3.07627E-05
3.725	3.01582E-05
3.73	2.95668E-05
3.735	2.89868E-05
3.74	2.84191E-05
3.745	2.78631E-05
3.75	2.73188E-05
3.755	2.67859E-05
3.76	2.62638E-05
3.765	2.57525E-05
3.77	2.52518E-05
3.775	2.47616E-05
3.78	2.42814E-05
3.785	2.38114E-05
3.79	2.33501E-05
3.795	2.28989E-05
3.8	2.24568E-05
3.805	2.2024E-05
3.81	2.15997E-05
3.815	2.1184E-05
3.82	2.0777E-05
3.825	2.03781E-05
3.83	1.99877E-05
3.835	1.96047E-05
3.84	1.923E-05
3.845	1.88627E-05
3.85	1.85025E-05
3.855	1.815E-05
3.86	1.78045E-05
3.865	1.74656E-05
3.87	1.71345E-05
3.875	1.68093E-05
3.88	1.64904E-05
3.885	1.61787E-05
3.89	1.58724E-05
3.895	1.55726E-05
3.9	1.52789E-05
3.905	1.49912E-05
3.91	1.47089E-05
3.915	1.44322E-05
3.92	1.41613E-05
3.925	1.38957E-05
3.93	1.36355E-05
3.935	1.33803E-05
3.94	1.31299E-05
3.945	1.28849E-05
3.95	1.26447E-05
3.955	1.24092E-05
3.96	1.21782E-05
3.965	1.19516E-05
3.97	1.17297E-05
3.975	1.15121E-05
3.98	1.12988E-05
3.985	1.10896E-05
3.99	1.08845E-05
3.995	1.06837E-05
4	1.04866E-05