0 0 54
0 1 59
0 2 66
0 3 71
0 4 56
0 5 65
0 6 5
0 7 12
0 8 2
0 9 7
0 10 14
0 11 18
1 0 50
1 1 55
1 2 62
1 3 67
1 4 57
1 5 60
1 6 8
1 7 13
1 8 6
1 9 11
1 10 19
1 11 23
2 0 43
2 1 47
2 2 51
2 3 63
2 4 69
2 5 61
2 6 9
2 7 1
2 8 10
2 9 15
2 10 26
2 11 30
3 0 38
3 1 42
3 2 46
3 3 58
3 4 70
3 5 64
3 6 4
3 7 3
3 8 22
3 9 27
3 10 31
3 11 35
4 0 48
4 1 49
4 2 37
4 3 39
4 4 36
4 5 68
4 6 16
4 7 0
4 8 34
4 9 33
4 10 21
4 11 20
5 0 41
5 1 44
5 2 45
5 3 40
5 4 52
5 5 53
5 6 17
5 7 32
5 8 28
5 9 25
5 10 24
5 11 29
6 0 137
6 1 132
6 2 133
6 3 136
6 4 140
6 5 125
6 6 89
6 7 88
6 8 76
6 9 81
6 10 80
6 11 77
7 0 128
7 1 129
7 2 141
7 3 142
7 4 108
7 5 124
7 6 104
7 7 72
7 8 75
7 9 73
7 10 85
7 11 84
8 0 143
8 1 139
8 2 135
8 3 130
8 4 111
8 5 112
8 6 100
8 7 106
8 8 94
8 9 82
8 10 78
8 11 74
9 0 138
9 1 134
9 2 123
9 3 118
9 4 109
9 5 117
9 6 97
9 7 105
9 8 99
9 9 87
9 10 83
9 11 79
10 0 131
10 1 127
10 2 119
10 3 114
10 4 121
10 5 116
10 6 96
10 7 93
10 8 103
10 9 98
10 10 91
10 11 86
11 0 126
11 1 122
11 2 115
11 3 110
11 4 120
11 5 113
11 6 101
11 7 92
11 8 107
11 9 102
11 10 95
11 11 90
