1
-90   90   0
3
0   75   60
75   105   90
105   180   120
0  7
0  60   0   1   3.403162e-06     0.00556357   0.0001869337    3.58055e-08   0.0008297825      -25.47774      0.6288834
0  60   0   0   2.687365e-06    0.004886763   0.0002944018   1.477444e-07   0.0009218296      -32.67946      0.6241707
1  60   0   1   2.849314e-06    0.004994724   1.000569e-06   6.331875e-05   0.0002467481            -40      0.4930239
1  60   0   0   2.449822e-06    0.005140523   0.0001567664   4.552882e-05   0.0009991885      -39.99928      0.6048197
2  60   0   1   2.157623e-06         0.0045   5.735727e-05   9.100404e-05   0.0006993093            -40        0.66895
2  60   0   0   3.235721e-06    0.006363836   0.0003027118   1.012837e-08   0.0002668124      -23.69748      0.6689442
3  60   0   1   3.593614e-06    0.006200799   0.0002897654   2.006606e-06   0.0007867452      -39.43197      0.6400857
3  60   0   0   3.324621e-06    0.006446216   0.0001890701   2.614518e-05   0.0006919628      -33.05852      0.6472088
4  60   0   1   3.211239e-06    0.005785932   0.0002827062   1.000006e-08   0.0009999984      -35.45012      0.6873495
4  60   0   0   3.162537e-06    0.005547718   0.0002551309   1.912554e-08   0.0006120289      -21.29764      0.7076364
5  60   0   1   4.099743e-06     0.00688167   0.0002763966   1.000115e-08   0.0009999977      -26.83072      0.7250827
5  60   0   0   3.009965e-06         0.0045   0.0003259188   1.000049e-08   0.0009999998      -39.31884      0.6771594
6  60   0   1    4.51084e-06    0.007392638   0.0002654822   1.001752e-08          0.001      -39.99994      0.6600212
6  60   0   0   2.578571e-06         0.0045   0.0001060812   7.542605e-05   0.0007190032      -39.99999      0.6480599
7  60   0   1   4.932337e-06     0.00777848   0.0001027082   2.492688e-05          0.001            -40      0.6581963
7  60   0   0   3.387389e-06    0.005631307    7.74376e-05   4.773081e-05   0.0009549035      -33.66807      0.6781013
8  60   0   1   5.670448e-06    0.009011325   0.0002456775   6.715895e-06   0.0005680433      -21.33749      0.7041056
8  60   0   0   6.928191e-06     0.01080174   0.0001378605   8.695186e-06   0.0004668141      -16.71992        0.70102
9  60   0   1   4.657729e-06     0.01021821    1.00076e-06   9.035266e-05   0.0009494084      -39.99904       0.665538
9  60   0   0   6.710331e-06    0.009948786   1.000673e-06   3.513228e-05   0.0001504534            -40      0.4954059
10  60   0   1   4.934747e-06    0.007003477   2.361821e-06    8.53125e-05   0.0009994312      -25.43636      0.7269063
10  60   0   0   8.847713e-06     0.01059502   0.0001789674   7.722236e-08   0.0009999969      -30.61565      0.7207506
11  60   0   1   5.712469e-06    0.009242527   1.000026e-06   6.089555e-05   0.0004104948      -38.86899      0.6536208
11  60   0   0    9.47154e-06     0.01365937   8.345942e-06    5.38611e-06   0.0009082423      -15.34789      0.8107127
12  60   0   1   5.382415e-06    0.007719977   1.000322e-06   9.159582e-05   0.0003799964            -40      0.6841475
12  60   0   0   8.009661e-06     0.01055657   0.0001530373   1.280536e-07   0.0006932448      -16.44972      0.8471502
13  60   0   1   7.455702e-06     0.01001519   1.000071e-06   7.238131e-05   0.0009280934      -39.99993       0.742569
13  60   0   0   5.994006e-06    0.007413633   1.000037e-06   8.764601e-05          0.001            -40      0.7588935
14  60   0   1   5.334118e-06    0.005384798   5.156247e-05   6.226678e-05   0.0005969763      -39.99974      0.6770404
14  60   0   0   5.613442e-06    0.005156629   0.0002485205   1.000009e-08   0.0009999637       -36.8212      0.7343229
15  60   0   1   5.417516e-06    0.005814044   4.479308e-05   4.948547e-05   0.0008041549      -39.99987      0.7106015
15  60   0   0   6.086878e-06    0.005992853   1.000002e-06   5.948635e-05   0.0009124636            -40      0.7164172
16  60   0   1   7.307136e-06    0.007072822          1e-06   5.748736e-05   0.0005559573            -40       0.686763
16  60   0   0   6.769181e-06    0.007412954   5.968033e-05   5.903036e-05   0.0009999997            -40      0.7494918
17  60   0   1   8.437461e-06     0.00780203          1e-06   6.726802e-05   0.0008755182            -40      0.7385046
17  60   0   0   1.163611e-05    0.009305009   1.000005e-06   3.212285e-05   0.0003842927            -40      0.6681086
18  60   0   1   9.808305e-06    0.009750695   1.000005e-06   4.780999e-05   0.0007325025      -20.67318      0.8017201
18  60   0   0   1.071874e-05    0.008558861   1.071172e-06   7.390416e-05   0.0008298309      -39.99879      0.7534547
19  60   0   1   8.475554e-06    0.008567701   7.289271e-05   2.740006e-05          0.001      -35.95673      0.8172667
19  60   0   0   1.024701e-05    0.008764269   0.0001304883   1.001802e-08          0.001      -26.99887      0.8640062
20  60   0   1   7.250573e-06    0.008370775   0.0001915011   1.000662e-08          0.001      -28.43897      0.8014982
20  60   0   0   7.266685e-06    0.008778487   1.000088e-06   5.725319e-05   0.0005111198      -39.50356      0.7036211
21  60   0   1   7.454793e-06     0.01008997          1e-06   5.572585e-05   0.0003257009            -40      0.6866276
21  60   0   0   8.784445e-06    0.009831036   0.0001180242   1.388689e-05   0.0002186309      -39.99875      0.6691058
22  60   0   1   9.106815e-06     0.01036633    0.000101722   1.024831e-08          0.001      -25.41418      0.8289662
22  60   0   0   7.608793e-06    0.008545536   0.0001621313   1.000027e-08          0.001      -33.71478       0.811492
23  60   0   1   6.020774e-06     0.00870035   3.946457e-05   4.242496e-05   0.0004107919      -39.99999      0.7558442
23  60   0   0   6.849196e-06    0.008226006   1.038732e-06   5.010374e-05   0.0003081451      -35.19901      0.7374293
24  60   0   1   5.536867e-06    0.007632463   1.000011e-06   7.250111e-05          0.001      -31.05106      0.8646015
24  60   0   0   7.359337e-06     0.01065255   0.0001167843   9.355289e-06   0.0009999976      -32.16563      0.8718669
25  60   0   1   7.440797e-06     0.01034442   1.000009e-06   4.388853e-05   0.0004550154      -21.54942      0.8478214
25  60   0   0   6.072785e-06    0.008086936    1.00002e-06   4.859856e-05   0.0002486761      -34.93464      0.7341592
26  60   0   1   4.862107e-06    0.005787154   1.687358e-05   4.121559e-05          0.001      -26.17036      0.8223925
26  60   0   0   4.314699e-06    0.004500072   7.446996e-05   3.026297e-05   0.0009999986      -39.99997      0.7960519
27  60   0   1   6.401719e-06    0.007347037   0.0001558755   1.000008e-08          0.001      -39.99999      0.8145152
27  60   0   0    6.11952e-06    0.006652894   3.780227e-05   4.466972e-05   0.0004661416      -39.98603      0.7593681
28  60   0   1   6.998906e-06    0.006414716   0.0001338717   2.268611e-06          0.001            -40      0.8349918
28  60   0   0   6.433652e-06    0.006081889   0.0001472744   1.000071e-08          0.001      -28.15242      0.8703495
29  60   0   1   5.949035e-06    0.006838247   1.000008e-06   5.339777e-05          0.001            -40      0.8336741
29  60   0   0   8.806496e-06      0.0097354   9.653096e-05   1.000592e-08          0.001      -35.35575      0.8563571
30  60   0   1   8.042793e-06     0.01034209   0.0001010563   1.004741e-08   0.0009999998        -20.392      0.9643439
30  60   0   0   5.939494e-06    0.007365764   1.000116e-06   5.781067e-05   0.0006462911      -39.99995      0.8348196
31  60   0   1   6.783949e-06    0.007850091    4.48099e-05   2.750126e-05   0.0009999996      -39.99998      0.8710341
31  60   0   0   6.415078e-06    0.005878178   4.040961e-05   2.472811e-05          0.001      -32.25595      0.8950236
32  60   0   1   7.504915e-06    0.009000082   8.333671e-05   1.964824e-05   0.0007023276      -39.99952      0.8080329
32  60   0   0    5.73383e-06    0.007066878   1.000049e-06   6.155381e-05    0.000563436      -39.99999      0.7894989
33  60   0   1   7.989969e-06    0.008009728   0.0001289852   1.000101e-08          0.001            -40      0.8442373
33  60   0   0   6.635411e-06    0.007609069   1.000004e-06   5.782907e-05          0.001            -40      0.8235199
34  60   0   1    5.70149e-06    0.004945132   3.256523e-05   5.292721e-05          0.001      -29.51811      0.8971796
34  60   0   0   6.506506e-06    0.007679157   6.926784e-05   3.605562e-05          0.001      -34.48919      0.8763705
35  60   0   1   7.379316e-06    0.007520273   0.0001402719   1.000049e-08   0.0007368407      -39.99991      0.8546956
35  60   0   0    5.77733e-06    0.006623727   1.000023e-06   6.739137e-05   0.0008106033      -26.74888      0.8911121
36  60   0   1   6.907338e-06    0.007889237   0.0001112413   7.469525e-06          0.001      -37.23326      0.8756191
36  60   0   0   8.224202e-06    0.007988816   0.0001184884   1.000342e-08          0.001      -27.58525      0.9022161
37  60   0   1   5.915521e-06    0.007319905          1e-06   6.020979e-05   0.0006325032      -39.99998      0.8681876
37  60   0   0   9.672519e-06     0.01099878   8.305534e-05   1.243545e-06   0.0009999999      -23.56273      0.9733203
38  60   0   1    6.25303e-06    0.008064805   0.0001099146   1.001123e-08   0.0009999999      -21.00363      0.9472327
38  60   0   0   5.312745e-06    0.005502835   1.000002e-06   5.046135e-05          0.001       -22.8774      0.9093259
39  60   0   1   6.404549e-06    0.007387194   9.563572e-05   1.000467e-08          0.001      -20.17109      0.9524411
39  60   0   0   4.788461e-06    0.005049124   3.293854e-05   3.867856e-05          0.001      -21.57129      0.9420482
40  60   0   1   6.400361e-06    0.006405483   0.0001220888   1.001485e-08          0.001            -40      0.8841836
40  60   0   0   4.956138e-06    0.005746768   2.798723e-05   4.142535e-05          0.001            -40      0.8783481
41  60   0   1   6.295125e-06    0.006477574   0.0001088968   1.003848e-08   0.0009999999            -40      0.9054767
41  60   0   0   6.089837e-06    0.007467232    8.32724e-05   9.295143e-06   0.0009999999      -38.62092      0.9140078
42  60   0   1   6.813567e-06    0.007371344   0.0001006879   1.000049e-08   0.0009999992      -34.92516      0.9478631
42  60   0   0   7.030036e-06    0.007431128   8.202515e-05   6.034818e-07   0.0009999998      -18.43824       1.010938
43  60   0   1   7.180591e-06    0.008018145   0.0001002918   1.000062e-08   0.0009999999      -38.26347      0.9371283
43  60   0   0   5.095403e-06    0.005519771   1.000003e-06   4.778206e-05          0.001      -25.17126      0.9676566
44  60   0   1   5.649204e-06    0.007698533   1.000017e-06    6.05818e-05          0.001      -27.50729      0.9046824
44  60   0   0   7.801978e-06    0.009157415   1.000007e-06   4.377872e-05   0.0006801688      -26.55989      0.8801695
45  60   0   1   7.607267e-06     0.00967539   0.0001229647   1.000355e-08   0.0009999999      -38.25276      0.8765772
45  60   0   0   9.529892e-06     0.01193592   0.0001229505   1.000005e-08          0.001            -40      0.8807522
46  60   0   1   7.363791e-06    0.008256037   0.0001240288   5.054508e-06          0.001      -27.60372      0.9575018
46  60   0   0   7.800325e-06     0.01184755   1.016815e-06    3.93756e-05   0.0009999967      -17.93803      0.9795046
47  60   0   1   6.581214e-06    0.008434057   3.940614e-05   2.000133e-05          0.001      -13.07656       1.054214
47  60   0   0   7.745035e-06     0.01103441   9.024697e-05   1.003881e-08          0.001      -24.97842      0.9738716
48  60   0   1   8.362483e-06     0.01152871   9.684488e-05   4.891113e-06          0.001            -40      0.9236645
48  60   0   0   5.288551e-06    0.007192598   1.000003e-06   5.670253e-05          0.001      -34.85283      0.9247605
49  60   0   1   6.398827e-06    0.006819275   1.000068e-06   4.849098e-05          0.001      -22.59177       1.014473
49  60   0   0   5.221526e-06    0.007664326   1.000124e-06   5.150421e-05          0.001      -17.32152       1.049871
50  60   0   1   1.297767e-05     0.01387745   0.0001233766   1.001647e-08          0.001      -39.99998      0.8754556
50  60   0   0   1.015357e-05       0.010209   0.0001420118    1.00001e-08          0.001            -40      0.8618893
51  60   0   1   9.201001e-06     0.01106078   1.000003e-06   5.746448e-05   0.0009999987      -15.31501       1.041761
51  60   0   0   7.160855e-06    0.007958555    0.000102954   1.193477e-05    0.000405378      -39.99998      0.8540235
52  60   0   1   1.109193e-05     0.01246072    8.06146e-05   1.417396e-05   0.0009999999      -26.76732       0.965455
52  60   0   0   9.350992e-06    0.009766304   0.0001017985   1.000105e-08          0.001      -31.97466      0.9402724
53  60   0   1   7.135627e-06    0.008980506   8.243486e-05    1.00114e-08          0.001      -32.32062      0.9495069
53  60   0   0    7.19969e-06     0.01024517   1.000035e-06   2.603592e-05          0.001      -22.41051      0.9658352
54  60   0   1   6.783416e-06     0.01160587   8.706704e-05   1.002071e-08   0.0009999991      -27.06822       1.007072
54  60   0   0   7.823949e-06     0.01182886   8.126943e-05   1.000017e-08          0.001      -36.54767      0.9578906
55  60   0   1   6.740648e-06    0.009772441   6.925617e-05   1.000218e-08          0.001      -39.56139      0.9821591
55  60   0   0   6.699961e-06      0.0104263   6.739433e-05   1.000006e-08   0.0009999998      -30.77812       1.017245
0  90   0   1   3.869498e-06    0.006053507    0.000226601   1.015733e-05   0.0002042695      -39.99999      0.5088019
0  90   0   0    3.40051e-06    0.006330567   0.0002170599    2.74528e-05          0.001            -40      0.6160637
1  90   0   1   4.078744e-06    0.007325048   7.838438e-06    4.89308e-05   0.0002459685      -39.99999      0.4942716
1  90   0   0   3.773363e-06    0.007132739    0.000284105   4.707203e-06   0.0009901795      -39.94811      0.6019894
2  90   0   1   3.441735e-06     0.00524447   0.0003539961   4.686252e-06   0.0008503867      -39.95977      0.6688733
2  90   0   0   3.033336e-06    0.006015909   0.0001254609    5.75489e-05   5.638448e-05       -39.9672      0.4635779
3  90   0   1   3.702045e-06    0.006315866    0.000332878   1.010013e-08   0.0009999696      -35.66233      0.6864872
3  90   0   0   4.492346e-06    0.008420832   0.0002213052   4.227695e-06   0.0003540136       -39.9941      0.5699892
4  90   0   1   3.597172e-06    0.006124643   0.0003026619   2.207895e-07   0.0009995068       -37.2048      0.6764079
4  90   0   0   4.200554e-06    0.007420089   0.0002318617    1.40359e-08   0.0001565394      -39.99999       0.529864
5  90   0   1   4.664972e-06    0.007479165   0.0002866599   1.001278e-08   0.0009999984       -32.1439      0.7044377
5  90   0   0   4.181905e-06    0.006822188   0.0002889266   1.000288e-08          0.001      -28.38819      0.7176591
6  90   0   1   5.558659e-06    0.008155376   0.0001964223   5.991197e-08   0.0006401344      -15.45857      0.7474349
6  90   0   0   5.353587e-06    0.008198075   0.0002575802   2.937826e-06   0.0008904893      -30.83691      0.6844668
7  90   0   1   5.564949e-06    0.008049976   0.0002086961   1.000017e-08          0.001      -20.47869      0.7670023
7  90   0   0   5.987998e-06      0.0101443   0.0001282838   3.526623e-06   0.0006581335      -15.07525      0.7597916
8  90   0   1   6.947202e-06     0.01210895   9.679449e-05   4.655311e-05   0.0006692732       -39.7049      0.6124744
8  90   0   0   7.552563e-06      0.0105428   0.0003098465   1.250538e-08   0.0009999993            -40      0.6613771
9  90   0   1   5.475524e-06    0.008892509   1.367654e-06   8.128046e-05   0.0003421362      -35.99937      0.6021484
9  90   0   0   5.769587e-06    0.008381498   2.576195e-06   8.014353e-05   0.0002215626      -39.99979      0.5640764
10  90   0   1   7.605113e-06    0.008346826   0.0002758432   5.316704e-08   0.0008237241      -39.20759      0.6819561
10  90   0   0   9.099586e-06     0.00992676   0.0002526716   9.220336e-07   0.0009999999            -40      0.7032629
11  90   0   1   6.066314e-06     0.00828253    3.72179e-05   6.201035e-05   0.0005398533      -39.93548        0.67327
11  90   0   0   7.648378e-06    0.007994817   0.0001931906   1.000098e-08          0.001      -32.61403      0.7503315
12  90   0   1   8.006825e-06    0.008414655          1e-06   8.051034e-05   0.0003207491            -40      0.6546449
12  90   0   0   7.860288e-06    0.008907995   1.000018e-06   7.232273e-05   0.0003672282            -40      0.6644563
13  90   0   1   7.788194e-06    0.008462811   1.402066e-05   7.849182e-05    0.000990768      -37.03841      0.7511017
13  90   0   0   7.420506e-06     0.00762892   1.534419e-05    7.99742e-05   0.0009999958      -36.31529      0.7548035
14  90   0   1   6.794734e-06    0.006104742   0.0001459868    2.19347e-05   0.0004864514            -40      0.6480899
14  90   0   0   6.244215e-06    0.005041406   5.748495e-05   5.568404e-05   0.0009999967            -40      0.7136321
15  90   0   1    5.82842e-06    0.005979515   1.000001e-06   6.986159e-05          0.001            -40       0.723738
15  90   0   0   8.315673e-06     0.00755802   0.0001200472   3.505095e-06   0.0009999015      -22.39461      0.7962874
16  90   0   1   9.337236e-06    0.007590626   1.000021e-06   4.924196e-05   0.0005530489            -40      0.6779619
16  90   0   0   8.651353e-06    0.006528555    1.00403e-06   6.991054e-05   0.0007088682      -39.99995      0.7098187
17  90   0   1   1.051871e-05     0.00679542          1e-06   5.637026e-05   0.0005885019      -39.99997      0.6910167
17  90   0   0   1.055964e-05    0.005897972   1.000043e-06   7.806631e-05          0.001            -40      0.7470452
18  90   0   1   8.943997e-06     0.00708778   6.320754e-06   9.482132e-05      0.0006594      -29.56487      0.7574923
18  90   0   0   1.564703e-05     0.01038786    0.000200256   1.000435e-08          0.001            -40       0.772259
19  90   0   1   1.247951e-05    0.009386098   9.584972e-05   1.000039e-08          0.001      -19.75509      0.8611659
19  90   0   0   1.226587e-05    0.008419603   0.0001933931   1.000446e-08          0.001      -37.77667      0.8154175
20  90   0   1   9.545152e-06     0.00919689   0.0001272561   9.071983e-06   0.0009999999      -27.39723      0.7874747
20  90   0   0   7.155278e-06    0.006344774    0.000117327    4.07196e-05          0.001            -40      0.7501233
21  90   0   1   8.087939e-06     0.00837682   1.001239e-06   6.287794e-05   0.0005186433      -29.68484      0.7447765
21  90   0   0   1.024337e-05    0.009022137   0.0001099715   2.632293e-07   0.0007908286      -13.81525      0.8929778
22  90   0   1    9.66667e-06     0.01017471   0.0001073823   1.000644e-08          0.001      -26.32382      0.8218746
22  90   0   0   1.046309e-05      0.0105107   7.853641e-05    1.00509e-08   0.0009999999      -19.76954      0.8492158
23  90   0   1   9.854656e-06     0.01078381   4.862616e-05    4.26432e-06   0.0007462906      -12.25972      0.9443481
23  90   0   0   9.079772e-06    0.008391721     3.6748e-05   1.560678e-05    0.000810157      -13.42119      0.9378906
24  90   0   1   9.237236e-06     0.01074113   0.0001301732   1.021783e-08          0.001       -26.0982      0.8824717
24  90   0   0   9.463439e-06    0.009388138     0.00012068   1.063986e-08   0.0009999999        -23.571      0.8879597
25  90   0   1   8.719402e-06     0.01028391   1.000044e-06   4.052297e-05   0.0004637804      -24.08372      0.8214675
25  90   0   0   6.781486e-06    0.007093658   1.000002e-06   5.694306e-05    0.000347769      -37.09365        0.76438
26  90   0   1   6.625779e-06    0.007415698   0.0001251111   1.005945e-08          0.001      -39.99995      0.7985216
26  90   0   0   4.231038e-06    0.004753775   6.291958e-06   5.995705e-05          0.001            -40      0.7880362
27  90   0   1   6.256961e-06    0.004859456   1.000587e-06   6.814855e-05   0.0009340715            -40      0.7902833
27  90   0   0   8.022063e-06    0.007289701   6.926742e-05     2.4479e-05          0.001            -40      0.7952547
28  90   0   1   8.188875e-06     0.00664221   0.0001255076   1.005885e-08   0.0009999993      -26.75286      0.8724267
28  90   0   0    7.47838e-06    0.004745804   5.996609e-05   2.949044e-05          0.001      -30.16162      0.8473915
29  90   0   1   6.423944e-06    0.005115279   1.000001e-06   5.776349e-05          0.001            -40      0.8243596
29  90   0   0   7.009999e-06    0.005963131   5.400603e-05   3.372622e-05          0.001            -40      0.8388675
30  90   0   1   8.798455e-06    0.007100844   0.0001063088   1.009777e-08   0.0007143484      -26.61407      0.8858406
30  90   0   0   8.224162e-06    0.005873846   0.0001376139   1.019303e-08   0.0006866691            -40      0.8565904
31  90   0   1   7.526681e-06    0.005724315     5.4193e-05   2.693862e-05          0.001      -38.53801      0.8731264
31  90   0   0   8.118389e-06    0.005385173   8.762255e-05   5.927592e-06          0.001      -31.90425      0.8811344
32  90   0   1   9.113945e-06    0.007160278   0.0001322324    1.00366e-08   0.0004213016            -40      0.7637682
32  90   0   0   9.054955e-06    0.007556391   0.0001274054   1.000243e-08   0.0009999997      -23.27106      0.8882823
33  90   0   1   7.893113e-06    0.007283956   1.003127e-06   5.002678e-05          0.001      -28.22335      0.8498074
33  90   0   0   8.787572e-06     0.00718738   0.0001345558   1.001472e-08          0.001       -33.4187      0.8481285
34  90   0   1    9.65977e-06    0.007763737   8.819823e-05   1.000021e-08          0.001      -18.95972      0.9272466
34  90   0   0   8.842025e-06    0.007711768   0.0001293097   1.000348e-08          0.001      -26.72804      0.8957217
35  90   0   1   9.359298e-06     0.00861827   8.607595e-05    9.22034e-06   0.0009999999      -25.18347      0.9104069
35  90   0   0   9.230721e-06     0.00843756   5.370114e-05   1.604497e-05   0.0009999999      -15.51688      0.9672702
36  90   0   1   8.054224e-06    0.007536991   9.129298e-05   1.637064e-05          0.001      -36.57569      0.8740469
36  90   0   0   7.820048e-06    0.006265946   9.611334e-05    1.68374e-05          0.001            -40      0.8691148
37  90   0   1   8.662488e-06     0.00741951   0.0001090878   1.000004e-08          0.001       -25.9135      0.9487677
37  90   0   0   9.291223e-06    0.007172056   0.0001154607   1.000587e-08          0.001      -35.78031      0.9228839
38  90   0   1   6.114642e-06     0.00629637   9.544081e-05   9.339132e-06          0.001            -40      0.8526051
38  90   0   0   7.231918e-06    0.007098907   9.853216e-05   1.000054e-08          0.001       -30.1345      0.8696603
39  90   0   1   6.779504e-06    0.005596053   1.000022e-06   3.142868e-05   0.0009999996      -14.12278      0.9852568
39  90   0   0   7.478572e-06    0.006920128   9.917326e-05   1.000042e-08          0.001      -19.10064      0.9617306
40  90   0   1   6.760897e-06      0.0063456    0.000105358   8.786486e-06   0.0009999995      -39.99998      0.8793816
40  90   0   0   5.881263e-06    0.005099177   0.0001189763   1.000012e-08          0.001      -39.99954      0.8723641
41  90   0   1   5.463271e-06    0.005056688   1.000005e-06   5.148925e-05          0.001            -40      0.8769068
41  90   0   0   6.675607e-06    0.005614329    0.000106475    1.00083e-08          0.001            -40       0.887743
42  90   0   1   6.907977e-06    0.004748095   5.530006e-05   1.765627e-05   0.0009999953      -17.46629       1.020714
42  90   0   0   7.047272e-06     0.00509559   0.0001058408   1.011782e-08   0.0009999188      -27.28009      0.9639841
43  90   0   1   7.388292e-06    0.006003393   0.0001040723   1.000031e-08          0.001      -31.85251      0.9403449
43  90   0   0   8.328565e-06     0.00741538   8.377997e-05   1.010336e-08   0.0009999999      -29.70847      0.9458293
44  90   0   1   9.459928e-06    0.008906627   0.0001017275   1.000373e-08          0.001      -19.82727      0.9442089
44  90   0   0   8.700782e-06     0.00709227   1.001041e-06   4.439725e-05   0.0009999972      -16.44021      0.9692653
45  90   0   1   8.390932e-06    0.008410128   0.0001239941   1.000023e-08          0.001      -27.83677      0.9107981
45  90   0   0   8.927455e-06    0.008056864   0.0001303757   1.002891e-08   0.0009999999      -39.26353      0.8807592
46  90   0   1   8.173497e-06    0.007524545   0.0001314327   1.000007e-08          0.001      -31.50329      0.9262029
46  90   0   0   8.352839e-06    0.008316343   0.0001125226   1.000315e-08          0.001      -28.65843      0.9266413
47  90   0   1   7.600091e-06    0.008392677   0.0001051989   1.000903e-08   0.0009999649       -21.8375      0.9890101
47  90   0   0   7.854363e-06    0.009014327   8.428082e-05   7.994562e-06   0.0005734862      -32.55686      0.8930023
48  90   0   1   8.205906e-06    0.008617977   0.0001059827   1.000056e-08          0.001      -32.31546      0.9344679
48  90   0   0   9.138685e-06     0.01063627   9.078957e-05   1.000942e-08          0.001      -29.67063      0.9413112
49  90   0   1   9.008962e-06     0.01011238   7.377892e-05   1.126848e-05          0.001      -27.78605      0.9791337
49  90   0   0   8.797181e-06     0.01039095   9.741736e-05          1e-08          0.001      -27.50826       0.979337
50  90   0   1   1.448386e-05    0.009703583   0.0001257984   1.000036e-08          0.001            -40      0.8574789
50  90   0   0   1.117044e-05    0.006213714   0.0001421179   1.001201e-08          0.001       -36.4377      0.8532412
51  90   0   1   9.778182e-06    0.007121303   4.722954e-05   4.760267e-05   0.0004001694            -40       0.842614
51  90   0   0   8.735701e-06    0.007187596   0.0001390494   1.013548e-08   0.0009999995      -39.01312      0.9112783
52  90   0   1   1.191753e-05    0.009251058   2.652351e-05   4.022873e-05          0.001      -27.01636      0.9508029
52  90   0   0   9.237425e-06    0.006660378   5.614017e-05   2.090707e-05   0.0009999999      -23.98794      0.9628502
53  90   0   1   6.306289e-06    0.004810795   1.000001e-06    3.86261e-05          0.001      -24.32611      0.9564845
53  90   0   0   8.420528e-06    0.009598079   7.207567e-05   1.001621e-08          0.001      -26.84927      0.9504285
54  90   0   1   8.311591e-06    0.008727118   7.717761e-05   1.003597e-08          0.001      -26.71065      0.9874943
54  90   0   0   8.207887e-06    0.008154004   7.250752e-05   1.098521e-06          0.001      -29.54749      0.9531391
55  90   0   1   6.428439e-06    0.006974155   2.247264e-05   2.697183e-05   0.0009999988      -21.44623        1.04517
55  90   0   0    7.76745e-06    0.008815194   7.019278e-05   1.000422e-08   0.0009999945      -31.42461        1.00274
0 120   0   1   3.398508e-06    0.005487318   0.0002630801   1.106852e-08   0.0005312006      -26.52463      0.6296809
0 120   0   0   3.679017e-06    0.006312911   0.0002090974   1.000235e-08   0.0004478773      -39.58272      0.5473509
1 120   0   1   6.282212e-06     0.01164961   1.000009e-06   7.004637e-08   0.0001962948            -40      0.4510843
1 120   0   0   3.100896e-06    0.006086405   0.0002492929   2.114815e-05          0.001      -39.99988      0.6119634
2 120   0   1   3.174957e-06    0.005362806   0.0002221622   3.730425e-05    0.000472028      -39.99999        0.66895
2 120   0   0    2.11455e-06     0.00454715   3.616208e-06   0.0001059153    0.000446169      -39.89887      0.6656646
3 120   0   1   2.701705e-06         0.0045   0.0002246993   3.739203e-05          0.001            -40      0.6668283
3 120   0   0    3.66219e-06    0.007173549   0.0002843575   1.000026e-08   0.0009999998      -29.05283      0.6825964
4 120   0   1    3.60191e-06    0.005641446   0.0002737729   5.167211e-08   0.0009989768      -39.97165       0.672703
4 120   0   0   3.330944e-06    0.005302022   0.0002957458   1.001444e-08   0.0009999999      -39.99999      0.6692802
5 120   0   1   4.842991e-06    0.007386682   0.0001962993   1.000871e-08   0.0007186962      -19.69638      0.7278244
5 120   0   0   5.025011e-06    0.008637647   0.0001969898   1.049697e-08   0.0009999999      -33.48588      0.6578031
6 120   0   1   5.453245e-06    0.008179851   0.0002301388   1.011375e-08   0.0009999664      -27.58661      0.7076133
6 120   0   0   4.474769e-06    0.006592798   0.0002335869   1.000418e-08    0.000999936      -20.07092      0.7474497
7 120   0   1   6.218102e-06    0.009446559   0.0001381771    9.61791e-08   0.0007298403      -17.65446      0.7670731
7 120   0   0   5.170275e-06    0.009219146    0.000187091   5.639941e-08   0.0009999863      -25.60652      0.7316522
8 120   0   1    6.08263e-06    0.009961125   0.0002224415   1.718708e-05   0.0009139757      -37.56489      0.6597105
8 120   0   0   7.015053e-06    0.009899706   1.640956e-06   2.582687e-05   0.0006081198      -18.27289      0.6745163
9 120   0   1   4.068003e-06    0.006827735   1.113709e-05   7.358642e-05   0.0008339993      -31.51103      0.6826212
9 120   0   0   8.039332e-06     0.01272064   1.000144e-06    1.83086e-05   0.0001666367            -40      0.4902287
10 120   0   1   7.596674e-06    0.008650214   0.0001473826   1.376534e-08   0.0009999973      -18.18811      0.7757935
10 120   0   0   8.187749e-06    0.009807271   0.0001503474   9.342171e-06   0.0009691325      -24.75326      0.7542757
11 120   0   1   4.441143e-06    0.005635855          1e-06   7.167687e-05    0.000925785      -39.99996      0.7068623
11 120   0   0   7.624203e-06    0.009145853   0.0001495272   1.065597e-08    0.000999987      -35.10954      0.7378687
12 120   0   1   8.311649e-06    0.009374451    0.000242842   1.135378e-08   0.0004391603      -39.99999       0.722089
12 120   0   0   5.594033e-06    0.006552808   1.762326e-05   8.121051e-05   0.0003264555      -39.99999      0.6676487
13 120   0   1   8.159458e-06    0.009784889   1.000043e-06   5.020778e-05   0.0005241119      -35.85289       0.703572
13 120   0   0   6.962077e-06     0.01019635   4.094888e-05   5.812705e-05   0.0009999999      -26.80467      0.7935472
14 120   0   1   5.280764e-06    0.005691352   0.0001725538   1.655225e-05   0.0009999991      -26.84273      0.7643534
14 120   0   0   5.367255e-06    0.005754467   0.0002061972   1.001981e-08          0.001            -40      0.7381899
15 120   0   1   5.312333e-06     0.00621776   1.000002e-06   4.203238e-05   0.0009999801      -27.52194      0.7506286
15 120   0   0   6.800047e-06    0.007464229   0.0001289951   2.237755e-07   0.0007092099        -38.942      0.7085868
16 120   0   1   6.583693e-06    0.004592402          1e-06   5.565312e-05   0.0004471495      -39.99943      0.6691517
16 120   0   0   8.909146e-06    0.005803517   0.0001126377   1.000227e-08   0.0009999999       -25.7195      0.7891223
17 120   0   1   8.382603e-06    0.005739291   1.000003e-06   6.056533e-05   0.0006985597            -40      0.7073219
17 120   0   0   8.619317e-06         0.0045    1.00004e-06   7.097428e-05   0.0005137232      -39.99999      0.6941939
18 120   0   1   8.788701e-06    0.005955397          1e-06   7.703148e-05   0.0008809744      -34.36952      0.7635146
18 120   0   0   1.066581e-05    0.004500001    8.04378e-05   6.292021e-05          0.001            -40      0.7744158
19 120   0   1   8.872632e-06    0.006783063   0.0002273117   1.000034e-08          0.001      -39.23752      0.8078704
19 120   0   0   1.353866e-05    0.009039786   0.0001405017   1.002801e-08          0.001      -34.30099      0.8103827
20 120   0   1   7.993069e-06    0.007575027   6.094408e-06   4.476609e-05          0.001      -26.42053      0.7859977
20 120   0   0   7.033661e-06     0.00628212     1.0216e-06   4.878827e-05   0.0009999714      -28.30815      0.7695249
21 120   0   1   6.851147e-06    0.006736841    3.74128e-06   5.239545e-05   0.0009964377       -17.4507      0.8720217
21 120   0   0   7.286714e-06    0.005353511   0.0001828574    1.00213e-08   0.0009999969      -33.27014      0.8071504
22 120   0   1   7.182672e-06    0.006458618   0.0001089243   1.001682e-08          0.001      -26.16761      0.8338255
22 120   0   0   7.647825e-06    0.006417122   0.0001428535   1.000379e-08   0.0009999999            -40      0.7920642
23 120   0   1   6.657812e-06    0.006650107   5.690212e-05   1.598866e-05   0.0008025382      -14.37136      0.9443375
23 120   0   0   7.734876e-06    0.008165568   0.0001268694   2.006804e-08   0.0004773098      -39.99986      0.7773377
24 120   0   1   6.098873e-06    0.007311493   1.000004e-06   4.937017e-05          0.001      -18.35079      0.9144957
24 120   0   0   6.620267e-06    0.006082784   8.576545e-06   5.475716e-05   0.0009999999       -28.1999      0.8642124
25 120   0   1   5.864582e-06    0.008109234   1.000083e-06   4.588941e-05   0.0003037325      -31.12965      0.7760142
25 120   0   0   6.405124e-06    0.006935825   1.000009e-06   4.053315e-05   0.0003418517       -26.6453      0.8038109
26 120   0   1   3.854705e-06    0.004500007   5.397983e-05   2.849303e-05          0.001            -40      0.7996275
26 120   0   0   3.508273e-06         0.0045   3.458257e-05   4.630021e-05   0.0009999999            -40      0.8045037
27 120   0   1   6.704129e-06    0.005628305   0.0001068228   1.000033e-08   0.0009999999      -24.54733       0.858362
27 120   0   0   6.004016e-06         0.0045   0.0001390592   1.000095e-08   0.0009999998       -31.8193      0.8267755
28 120   0   1   5.957779e-06         0.0045   6.517113e-05   2.306918e-05   0.0009999996      -35.52809      0.8341977
28 120   0   0   6.743509e-06    0.005806043   3.088068e-05   2.384544e-05          0.001      -23.74081       0.871886
29 120   0   1   5.757668e-06     0.00557243   6.507172e-06   3.942834e-05   0.0009999999      -33.71618      0.8381852
29 120   0   0   7.056058e-06    0.005749791   0.0001065771   1.047088e-08          0.001            -40      0.8284276
30 120   0   1   7.233613e-06    0.006211036   9.358492e-05   1.002922e-08          0.001      -23.61526      0.9387643
30 120   0   0   6.284944e-06    0.005260091    3.89029e-06   4.410182e-05   0.0004895959      -39.99995      0.8048798
31 120   0   1   7.473333e-06    0.004878436   9.414366e-05    1.00001e-08          0.001            -40      0.8643365
31 120   0   0   7.945122e-06    0.006522024   9.525478e-05   1.008838e-08          0.001            -40      0.8710546
32 120   0   1   7.427375e-06    0.006220823   0.0001001993   1.223943e-05   0.0004455066      -36.55017      0.7665161
32 120   0   0   8.223995e-06    0.005710531   0.0001417558   1.004992e-08   0.0007216756      -39.97472       0.818817
33 120   0   1   7.140992e-06    0.005876105   0.0001355403   1.000062e-08          0.001       -35.7186      0.8422078
33 120   0   0   5.779377e-06    0.004518109   1.000203e-06   5.740674e-05          0.001            -40      0.8267478
34 120   0   1      8.342e-06    0.005945248   0.0001027765   1.002743e-08          0.001      -39.99982      0.8490338
34 120   0   0    7.69931e-06    0.005914823   0.0001093475    1.00367e-08          0.001      -29.84505      0.8766068
35 120   0   1   6.171634e-06    0.005188585   0.0001435105   1.009416e-08     0.00070565      -39.99998      0.8591744
35 120   0   0   7.524357e-06    0.007018515   0.0001113318   1.000001e-08          0.001      -28.07434      0.9133725
36 120   0   1   8.239643e-06    0.008101737   0.0001034695    1.00051e-08          0.001            -40        0.87011
36 120   0   0   7.517802e-06    0.007839624   7.047271e-05   9.799878e-06          0.001            -40      0.8667891
37 120   0   1   6.553751e-06    0.004827909   0.0001198093   1.000133e-08          0.001       -35.2923      0.9319798
37 120   0   0   5.706769e-06    0.006146877   1.000001e-06     5.1382e-05   0.0003628153            -40      0.8313334
38 120   0   1   4.775034e-06         0.0045   9.298286e-05   1.289012e-05          0.001            -40       0.858793
38 120   0   0   5.899731e-06    0.006856296   9.279565e-05   1.001232e-08          0.001            -40      0.8334363
39 120   0   1   6.060884e-06         0.0045   1.004172e-06   3.289915e-05   0.0009999998      -18.43718      0.9502883
39 120   0   0   5.046572e-06         0.0045   1.000506e-06    4.36437e-05   0.0009999994      -19.12238      0.9666799
40 120   0   1   5.129188e-06         0.0045   0.0001137624          1e-08          0.001            -40      0.8854436
40 120   0   0     6.1433e-06    0.005603749   0.0001051345   1.070713e-08   0.0009999999            -40      0.8711564
41 120   0   1    5.70118e-06         0.0045   5.483534e-05    1.66531e-05   0.0009999999        -34.158      0.8865292
41 120   0   0   5.437756e-06         0.0045   7.292274e-05   1.148751e-05          0.001            -40      0.8789746
42 120   0   1   5.874167e-06         0.0045   9.831737e-05   1.004547e-08   0.0009999996      -25.84045       0.975066
42 120   0   0   5.183417e-06    0.004511793   1.000005e-06   4.561024e-05   0.0006574191      -28.71358      0.9012752
43 120   0   1   7.359265e-06    0.006421546   0.0001017057   1.000071e-08          0.001       -36.5855      0.9213369
43 120   0   0   7.461656e-06    0.005330425   8.874498e-05   1.000781e-08          0.001      -33.12238      0.9365021
44 120   0   1   6.368881e-06    0.004836184   1.000494e-06   5.513517e-05   0.0007966751      -27.48749      0.8880037
44 120   0   0   7.500435e-06    0.005591695   0.0001215859    1.00536e-08   0.0009999997      -23.71589       0.927681
45 120   0   1   8.740688e-06    0.008027195   9.623338e-05   1.006063e-08          0.001      -38.92508      0.8712063
45 120   0   0   6.007212e-06    0.004958167   5.263526e-05   3.751751e-05          0.001            -40       0.867693
46 120   0   1   7.745338e-06    0.007075433   0.0001136194   1.000082e-08          0.001      -27.67457      0.9370884
46 120   0   0   7.765736e-06     0.00747109   8.849906e-05   1.000892e-08          0.001      -24.86323      0.9447807
47 120   0   1   6.201861e-06    0.005307896    1.00049e-06   3.543968e-05    0.000994771      -15.13223       1.026454
47 120   0   0   7.576616e-06    0.008744036   9.733683e-05   1.025997e-08   0.0005066442      -32.98575      0.8864968
48 120   0   1   6.884007e-06    0.006895839   0.0001098189   1.001802e-08          0.001      -30.17645      0.9545975
48 120   0   0   7.596782e-06    0.006621921   9.887541e-05    1.00111e-08          0.001            -40      0.9204774
49 120   0   1   6.897252e-06    0.007062783   9.924661e-05   1.613491e-06          0.001      -37.83019      0.9566443
49 120   0   0   7.789225e-06      0.0088833   9.197669e-05   1.066385e-08   0.0009999974      -33.23518      0.9703874
50 120   0   1   6.999364e-06    0.005193202   4.103757e-05   6.879753e-05          0.001            -40      0.8663907
50 120   0   0   1.004763e-05    0.007315069   0.0001455312   1.000094e-08          0.001            -40      0.8634567
51 120   0   1   8.942776e-06    0.008420434   1.000045e-06   5.691521e-05          0.001      -21.43452      0.9657596
51 120   0   0    7.66232e-06    0.005237644   0.0001087168   1.000853e-08   0.0009999996      -16.15106       1.023283
52 120   0   1   1.001604e-05     0.01053818   5.326868e-05   3.271308e-05          0.001      -27.85124      0.9466974
52 120   0   0   7.846135e-06    0.006468386   0.0001172953   1.000186e-08          0.001      -31.08079      0.9398917
53 120   0   1   6.271057e-06         0.0045   8.420153e-05   1.003867e-08          0.001            -40       0.929239
53 120   0   0   5.429045e-06    0.006492102   5.071374e-06   3.781629e-05          0.001      -27.87811      0.9491797
54 120   0   1    4.81684e-06    0.004749738   4.013453e-05   2.790931e-05          0.001      -32.47976      0.9526104
54 120   0   0   3.886243e-06         0.0045   1.449909e-06    5.01825e-05          0.001            -40      0.9218929
55 120   0   1   5.294916e-06    0.005037224   4.581474e-05   1.262793e-05    0.000999999      -31.99989      0.9911136
55 120   0   0   5.623131e-06    0.007240259   5.469963e-05   7.263783e-06   0.0009999997      -31.31945       1.000131
