1
-90  90  0
5
0  60  55
60  80  70
80  100  90
100  120  110
120  180  125
0  8
0   55    0  0.0   0    -0.06570257     0.00683455  -4.139813e-05   -8.25395e-08    5.94638e-09  -4.034222e-11         94.249   0.0005394401
0   55    0  0.0   1      -0.073405    0.007096058  -3.583734e-05   -1.78927e-07   4.759804e-09  -2.536045e-11         94.249   0.0005257333
1   55    0  0.0   0    -0.06781085    0.007306159  -5.464781e-05   4.051695e-08   7.222859e-09  -5.542037e-11          90.25   0.0005364841
1   55    0  0.0   1    -0.09967452    0.009793533  -0.0001086034   1.948353e-07   1.311563e-08  -9.786312e-11       92.06435   0.0005360902
2   55    0  0.0   0    -0.02301984    0.001773841   0.0001812931  -4.520438e-06    4.78478e-08  -1.889086e-10       96.74589   0.0004830058
2   55    0  0.0   1    -0.06768036    0.007342567  -5.303417e-05   4.780904e-08   6.138345e-09  -4.422286e-11       93.17586    0.000503438
3   55    0  0.0   0    -0.06812391    0.007080704  -4.685396e-05   3.360468e-08   4.977406e-09  -3.375562e-11       96.83699   0.0004829259
3   55    0  0.0   1    -0.06932711    0.007407322  -5.382755e-05   4.975051e-08   5.848555e-09  -4.034283e-11       104.3657   0.0004601098
4   55    0  0.0   0    -0.05814833    0.006690232  -4.035264e-05   2.968845e-08   3.993395e-09  -2.630182e-11       102.6575   0.0004679001
4   55    0  0.0   1    -0.06432176    0.007168261  -4.892148e-05   5.495461e-08    4.56713e-09  -2.998685e-11       103.9946    0.000461574
5   55    0  0.0   0    -0.07064344    0.007766886  -6.065907e-05   9.209292e-08    5.12451e-09  -3.257037e-11       107.1346   0.0004763396
5   55    0  0.0   1    -0.06692278    0.007622251  -5.483567e-05   5.102531e-08   4.614088e-09  -2.762771e-11       106.7612    0.000460186
6   55    0  0.0   0    -0.02790187    0.004799646  -8.950403e-06  -5.328762e-09   9.248786e-10  -7.445604e-12       125.8829   0.0004340269
6   55    0  0.0   1    -0.06560447    0.007100778   -4.21281e-05    1.73858e-08   2.676524e-09  -1.288917e-11       109.4143   0.0005220285
7   55    0  0.0   0    -0.06055883    0.006413338  -3.111465e-05  -6.950665e-09   1.992427e-09  -1.005951e-11         134.08   0.0005056115
7   55    0  0.0   1    -0.03309169    0.004156259    6.36132e-05  -1.753823e-06   1.669677e-08  -5.562877e-11       124.3398   0.0005357607
8   55    0  0.0   0    -0.06290384     0.00711691  -4.372304e-05   5.261847e-08   2.935546e-09  -1.642598e-11       132.4257   0.0003163607
8   55    0  0.0   1    -0.03001227    0.003077648   9.758312e-05  -2.209171e-06   1.971037e-08  -6.304276e-11         124.95    0.000432233
9   55    0  0.0   0    -0.03984396    0.004791574   3.325428e-05   -1.03665e-06    9.48745e-09  -2.944461e-11         143.74   0.0003333973
9   55    0  0.0   1      -0.035627    0.004100146   4.326557e-05  -1.055295e-06   9.041166e-09  -2.741367e-11         143.74   0.0003913855
10   55    0  0.0   0    -0.05937467    0.006503172  -2.355699e-05  -1.609526e-07   3.056433e-09  -1.135801e-11         160.25   0.0003435423
10   55    0  0.0   1     -0.0386795    0.004206495   4.196683e-05  -1.006665e-06   8.088713e-09  -2.256229e-11       156.7468    0.000301059
11   55    0  0.0   0    -0.05387389    0.006236822   -2.75318e-05   5.384663e-08   6.195257e-10  -2.851381e-12       157.6232   0.0003121717
11   55    0  0.0   1    -0.04243128    0.004655167   2.125705e-05  -6.164219e-07   4.804061e-09  -1.252835e-11       160.2498   0.0002940421
12   55    0  0.0   0    -0.06127459    0.006087683  -2.132848e-05  -1.452689e-08   7.830658e-10  -2.419484e-12        166.498   0.0003130688
12   55    0  0.0   1    -0.04998889    0.005192314   3.144116e-06  -3.287429e-07   2.692869e-09  -6.814926e-12        168.948   0.0003766292
13   55    0  0.0   0    -0.04449802    0.005672236  -1.540143e-05  -2.090294e-08   4.504386e-10  -1.030359e-12       175.6771   0.0003710772
13   55    0  0.0   1    -0.04701789    0.005633123  -1.635388e-05  -1.458636e-08   5.341513e-10  -1.523706e-12       173.6378   0.0004178021
14   55    0  0.0   0    -0.07274484    0.007373908  -4.347816e-05   5.385865e-08   1.835782e-09  -8.226193e-12       154.7332   0.0003999206
14   55    0  0.0   1    -0.06863019    0.006980954   -3.74813e-05   4.177747e-08   1.483678e-09   -6.41095e-12         151.28   0.0004035738
15   55    0  0.0   0    -0.07279117    0.007823313  -6.138299e-05   3.624704e-07   -6.33414e-10  -1.030613e-12         166.89   0.0003549578
15   55    0  0.0   1     -0.0654633    0.006928808  -3.695439e-05   3.751581e-08   1.412314e-09  -5.832954e-12         166.89   0.0003433244
16   55    0  0.0   0    -0.04831991    0.005553721  -1.473207e-05  -1.676455e-08   4.942376e-10  -1.524281e-12       186.7906   0.0001216296
16   55    0  0.0   1    -0.07062226    0.006267088  -2.143685e-05  -5.366993e-08    1.18969e-09  -3.671523e-12        185.269   0.0001113923
17   55    0  0.0   0    -0.08120911    0.006989066  -3.204119e-05   1.555528e-08   9.335919e-10  -3.165497e-12         209.25   0.0001515803
17   55    0  0.0   1    -0.05610033    0.005029896   1.284548e-05  -4.454405e-07    3.09815e-09  -6.943748e-12        206.312   0.0002475049
18   55    0  0.0   0    -0.08910783    0.008183133  -6.959066e-05   5.119655e-07  -1.999701e-09   3.182539e-12        193.984   0.0002659631
18   55    0  0.0   1    -0.07404894    0.006508689  -3.106148e-05   1.195408e-07  -1.936034e-10   1.193629e-13         191.75   0.0003394697
19   55    0  0.0   0    -0.07275948    0.007988477  -7.347216e-05   6.251952e-07  -2.900921e-09   5.470429e-12        194.025   0.0005389413
19   55    0  0.0   1    -0.07256661      0.0077526  -6.949695e-05   5.836991e-07  -2.645698e-09   4.841278e-12        194.025   0.0005357663
20   55    0  0.0   0     -0.0348104    0.005026879   1.110666e-05  -4.614943e-07   3.512139e-09  -8.497725e-12         177.45   0.0002893145
20   55    0  0.0   1    -0.04916868    0.006063791  -1.758034e-05  -1.099876e-07   1.575312e-09  -4.609632e-12         177.45   0.0003264899
21   55    0  0.0   0    -0.04140158    0.005168645   8.435971e-06  -4.086877e-07    3.01912e-09  -7.007242e-12          189.3   0.0002355069
21   55    0  0.0   1    -0.01904862    0.003860222   3.539767e-05  -6.770075e-07    4.27987e-09  -9.238666e-12          189.3    0.000220182
22   55    0  0.0   0    -0.04138694    0.006021437  -2.129163e-05  -3.768118e-09   5.752415e-10  -1.629155e-12         192.65   0.0002336515
22   55    0  0.0   1    -0.03815978    0.005614904  -1.079963e-05    -1.2237e-07   1.206964e-09  -2.899811e-12         192.65   0.0001818288
23   55    0  0.0   0     -0.0257455    0.004969673       3.44e-06  -2.614702e-07   1.781276e-09   -3.70327e-12         206.64   0.0001771469
23   55    0  0.0   1    -0.03005112    0.005327422  -4.343377e-06  -1.957562e-07   1.551738e-09  -3.442936e-12         206.64   0.0001979105
24   55    0  0.0   0   -0.007593516     0.00399057    2.33805e-05  -4.413544e-07   2.488288e-09  -4.683443e-12          224.4   0.0001353602
24   55    0  0.0   1    -0.01345066    0.004282791   1.756535e-05  -3.911741e-07   2.309176e-09  -4.479305e-12          224.4   0.0002140435
25   55    0  0.0   0    -0.01287994    0.004138688   1.672359e-05  -3.352726e-07    1.83102e-09  -3.314456e-12          234.6   0.0002301362
25   55    0  0.0   1   -0.003783806    0.003484752   3.318483e-05   -5.08804e-07   2.630659e-09  -4.644311e-12       245.7357   0.0002276725
26   55    0  0.0   0    -0.05300402    0.006083567   -2.55262e-05   9.103785e-08  -1.585278e-10   2.440002e-13       190.6222   0.0003135507
26   55    0  0.0   1    -0.03945559    0.005209372  -4.741204e-06  -1.336088e-07   9.536711e-10  -1.815253e-12       192.9546    0.000265792
27   55    0  0.0   0     -0.0520455    0.005846458  -1.797816e-05  -9.985987e-09   4.378427e-10  -1.090308e-12       204.1461   0.0002461546
27   55    0  0.0   1    -0.05775155    0.006165417  -2.551756e-05   7.202228e-08   1.223713e-11  -2.414758e-13       202.9088   0.0002558906
28   55    0  0.0   0    -0.05188161    0.006214699  -2.556277e-05   6.160391e-08   7.259872e-11  -3.282534e-13         208.78   0.0002428182
28   55    0  0.0   1    -0.04453538    0.005663064  -1.614944e-05  -1.136826e-08   3.540704e-10  -7.767348e-13       212.1204   0.0001184335
29   55    0  0.0   0    -0.05100164     0.00655113  -3.651595e-05   1.941397e-07  -5.952109e-10   8.439657e-13        216.842   0.0003399979
29   55    0  0.0   1    -0.04599378    0.006245801  -3.010671e-05   1.326097e-07  -3.280732e-10   4.178582e-13       217.0603   0.0002784843
30   55    0  0.0   0    -0.02940283    0.006040845  -2.589564e-05   8.359366e-08  -7.844013e-11  -3.821844e-14       224.2013    0.000148734
30   55    0  0.0   1    -0.02694912    0.005860576  -2.354646e-05   7.535566e-08  -1.009356e-10   8.477642e-14         221.66   0.0003199133
31   55    0  0.0   0    -0.01682403    0.005504982  -1.600747e-05  -4.886276e-09   2.944371e-10  -6.511891e-13         239.84   0.0001131111
31   55    0  0.0   1    0.002318642    0.004208234   1.071288e-05  -2.458583e-07   1.275854e-09   -2.12479e-12         239.84   0.0001569314
32   55    0  0.0   0    -0.02849692    0.005482281  -1.474089e-05  -1.088715e-08   3.012975e-10  -5.954654e-13       204.2671   0.0001354782
32   55    0  0.0   1    -0.02968488    0.005645999  -1.758894e-05  -4.587392e-10   3.702971e-10  -9.549878e-13       206.9116   0.0001756972
33   55    0  0.0   0    -0.03061462    0.005577397  -1.599157e-05  -7.442504e-09    3.25254e-10   -7.24944e-13       213.1421   0.0002698018
33   55    0  0.0   1    -0.03646409    0.005992145  -2.504529e-05   8.623843e-08  -1.202008e-10    6.15474e-14       213.4002   2.775558e-19
34   55    0  0.0   0    -0.02181957    0.005416587  -1.454291e-05   -8.25815e-09   2.760477e-10  -5.644199e-13       218.3286   0.0002543545
34   55    0  0.0   1    -0.02290908    0.005461242  -1.489115e-05  -9.019016e-09    2.83141e-10  -5.643001e-13       218.7577   0.0001752821
35   55    0  0.0   0    -0.01812711    0.005431521   -1.51926e-05   -5.37028e-09   2.686498e-10  -5.621218e-13       227.6617   0.0002368173
35   55    0  0.0   1    -0.02075417    0.005477633  -1.489309e-05  -8.792708e-09   2.673654e-10  -5.147769e-13       226.4362   0.0001596155
36   55    0  0.0   0   -0.009256666    0.005156175  -1.211718e-05  -1.017906e-08   2.051108e-10  -3.662153e-13       235.8916   0.0002787065
36   55    0  0.0   1    -0.01925912    0.005757864  -2.511572e-05   1.093846e-07  -2.956794e-10    4.21386e-13         234.85    0.000182247
37   55    0  0.0   0   -0.006340116    0.005171943   -1.49199e-05    3.98338e-08  -1.163587e-10   3.131304e-13         237.25   0.0001818137
37   55    0  0.0   1    -0.01015579    0.005210385  -1.266189e-05  -8.216344e-09   1.929435e-10  -3.203976e-13       241.5163   0.0002344207
38   55    0  0.0   0    -0.02366946    0.005505793  -1.585261e-05   -4.82588e-09   3.131813e-10  -7.112022e-13       217.9348   0.0002229178
38   55    0  0.0   1     -0.0308184    0.006153439  -3.183778e-05   1.638504e-07  -4.861302e-10   6.844256e-13       217.9319   0.0001685591
39   55    0  0.0   0    -0.01786215    0.005383539  -1.394945e-05  -1.097021e-08   2.490343e-10  -4.269026e-13       222.1267   0.0002540958
39   55    0  0.0   1    -0.01632491    0.005314507  -1.324148e-05  -1.090786e-08    2.26773e-10  -3.599967e-13       222.3195   0.0001505277
40   55    0  0.0   0    -0.01122772    0.005192122  -1.240451e-05  -1.052686e-08   1.998895e-10  -3.050455e-13       230.9672   0.0001345603
40   55    0  0.0   1    -0.03348738    0.006684009  -4.445713e-05   2.963839e-07  -1.129663e-09   1.816291e-12       228.2833   0.0002085961
41   55    0  0.0   0    -0.02257479    0.005818516  -2.286005e-05   6.264159e-08  -1.385779e-11  -1.234795e-13        242.211   8.768007e-05
41   55    0  0.0   1    -0.02638132    0.006282963  -3.419418e-05   1.787497e-07  -5.455409e-10    7.76499e-13       235.7447   0.0002171512
42   55    0  0.0   0    -0.01501326    0.005653425  -2.118558e-05   5.969005e-08  -5.359659e-11   8.264798e-15       247.3975   0.0001325434
42   55    0  0.0   1    -0.01508104    0.005799302  -2.520941e-05   1.050719e-07   -2.76242e-10   4.054356e-13       242.6635   0.0002898826
43   55    0  0.0   0    -0.01348971    0.005775491   -2.68444e-05   1.302934e-07  -3.998073e-10   5.859487e-13         252.09   0.0002948699
43   55    0  0.0   1    -0.02288584    0.006223574  -3.208307e-05   1.527884e-07   -4.25929e-10   5.647162e-13        253.317   0.0001910644
44   55    0  0.0   0    -0.02074833    0.005473018  -1.584623e-05  -3.050453e-09   2.774939e-10  -5.930075e-13       226.0475   0.0002449851
44   55    0  0.0   1    -0.02085709    0.005398088  -1.406042e-05  -8.695454e-09    2.35412e-10  -4.152818e-13       225.6625   0.0003023083
45   55    0  0.0   0    -0.01676871    0.005229486  -1.269643e-05  -8.052105e-09   1.969821e-10  -3.265889e-13       229.2786   0.0003241267
45   55    0  0.0   1    -0.02949986    0.006079583  -2.896134e-05   1.332129e-07  -3.817064e-10   5.742397e-13       231.2113    0.000158728
46   55    0  0.0   0   -0.005862266    0.005153358  -1.254261e-05  -6.418571e-09   1.834729e-10  -3.067345e-13        239.865   0.0002673011
46   55    0  0.0   1    -0.01907617    0.005830863  -2.554553e-05   1.077592e-07  -2.827992e-10   4.102261e-13       238.8188   0.0001779153
47   55    0  0.0   0    -0.02131971    0.006150382  -3.219682e-05   1.674594e-07  -5.276093e-10   7.747966e-13       245.3964   0.0002782639
47   55    0  0.0   1    -0.01590706    0.005703199  -2.330188e-05   8.921199e-08  -2.170136e-10   3.207484e-13       245.4153   0.0002156353
48   55    0  0.0   0   -0.009012797    0.005258567  -1.512135e-05   2.576152e-08   5.639784e-12   1.663762e-14        252.707   0.0001829425
48   55    0  0.0   1     -0.0232439    0.006160673  -3.206446e-05   1.637674e-07  -5.009426e-10    7.10757e-13        251.905   8.280791e-05
49   55    0  0.0   0    -0.01011795       0.005468   -1.88449e-05   5.345088e-08  -8.467157e-11   1.177178e-13       260.5511   0.0001886792
49   55    0  0.0   1    0.000476694    0.005101881  -1.384897e-05   1.959466e-08   3.275214e-11  -4.508551e-14       259.9701   9.229548e-05
50   55    0  0.0   0    -0.02206775    0.006039799  -2.945535e-05   1.416899e-07  -4.183198e-10   6.196168e-13       231.9679   0.0002770553
50   55    0  0.0   1    -0.03060658    0.006565438  -4.072921e-05   2.510584e-07  -9.046868e-10   1.424754e-12       231.1124    0.000292519
51   55    0  0.0   0    -0.02317022    0.006104906   -2.90867e-05   1.232076e-07   -2.93855e-10   3.607122e-13       242.8893   0.0001692078
51   55    0  0.0   1    -0.02752051    0.006299696  -3.286961e-05   1.576416e-07    -4.3467e-10   5.727852e-13       242.1746   0.0002281358
52   55    0  0.0   0   -0.008967962    0.005242575  -1.298457e-05  -7.606931e-09   1.905371e-10  -3.170868e-13       249.2267   0.0002645242
52   55    0  0.0   1   -0.005749005     0.00518586   -1.26366e-05  -7.804798e-09   1.925792e-10  -3.337756e-13       251.9047   6.628387e-12
53   55    0  0.0   0    -0.01455745    0.005808059  -2.411615e-05   8.473642e-08  -1.594297e-10   1.729015e-13         258.49   9.397552e-05
53   55    0  0.0   1    -0.01123116    0.005791129  -2.669866e-05   1.274861e-07  -3.873918e-10   5.721464e-13         253.34   0.0003138965
54   55    0  0.0   0    -0.02087188    0.006330455  -3.619379e-05   2.005092e-07  -6.519318e-10   9.292784e-13       260.3521   0.0003072859
54   55    0  0.0   1  -0.0008494159    0.005486885  -2.108564e-05   7.655401e-08  -1.801813e-10   2.546251e-13            263   0.0002611303
55   55    0  0.0   0  -0.0009017533    0.005739494  -2.577738e-05   1.060355e-07  -2.770555e-10   3.456244e-13       298.2705   0.0001290774
55   55    0  0.0   1   0.0001750124    0.005846815  -2.817687e-05   1.274255e-07  -3.588444e-10   4.585945e-13       294.7337   0.0004686879
0   70    0  0.0   0    -0.08857678     0.00816726  -7.081789e-05   3.104689e-08   1.064671e-08  -8.236612e-11       88.85152   0.0005232291
0   70    0  0.0   1    -0.09262376    0.008510536  -7.277199e-05  -7.184148e-09   1.059099e-08  -7.815314e-11       89.86479    0.000517212
1   70    0  0.0   0      -0.079757    0.007950184  -6.540548e-05   2.547594e-08   9.351126e-09  -7.057237e-11       91.45201   0.0005536662
1   70    0  0.0   1    -0.09021394     0.00890326  -8.747026e-05   1.178005e-07   1.144972e-08  -8.707487e-11       91.04863    0.000553174
2   70    0  0.0   0    -0.05935726    0.005337091   4.214284e-05  -1.986979e-06   2.643089e-08  -1.212357e-10       93.95385   0.0005231217
2   70    0  0.0   1     -0.0768857    0.007868622  -6.457897e-05   1.441418e-07   6.081364e-09  -4.631481e-11       92.19049   0.0005156651
3   70    0  0.0   0    -0.07416953    0.007408569  -5.284847e-05   3.501574e-08    5.95359e-09   -4.09152e-11       99.19463   0.0004899584
3   70    0  0.0   1    -0.08708298    0.008870137  -0.0001021578   8.193008e-07   3.023676e-11  -2.383344e-11       103.6625   0.0004766047
4   70    0  0.0   0    -0.06452337    0.006438007  -9.455565e-06   -7.96399e-07   1.281139e-08  -5.992698e-11       103.9131   0.0004909401
4   70    0  0.0   1    -0.06263525    0.006444892  -8.189325e-06  -8.405537e-07   1.320852e-08  -6.068594e-11       103.3384    0.000479439
5   70    0  0.0   0    -0.04790457    0.005330407   2.162903e-05  -1.134772e-06   1.351135e-08    -5.4085e-11       106.6683   0.0004772264
5   70    0  0.0   1    -0.04118328     0.00467348   5.872997e-05  -1.971979e-06   2.174561e-08  -8.351681e-11       110.6608   0.0004780573
6   70    0  0.0   0     -0.0399961     0.00383888   8.009617e-05  -2.123371e-06   2.089465e-08  -7.336671e-11       112.9844   0.0004814249
6   70    0  0.0   1    -0.05376395    0.005555979   1.513044e-05  -9.668386e-07   1.116094e-08   -4.22655e-11       113.6753   0.0004678074
7   70    0  0.0   0    -0.06434288    0.006323185  -2.770294e-05  -1.199209e-08   1.825651e-09  -9.006597e-12       117.5192   0.0004748847
7   70    0  0.0   1    -0.06689742    0.007092807  -4.115719e-05   2.711276e-08   2.683747e-09  -1.432562e-11       117.7916   0.0004646475
8   70    0  0.0   0    -0.04810647    0.005268829   2.180062e-05  -9.672358e-07   1.017592e-08  -3.565596e-11       130.2772   0.0003459244
8   70    0  0.0   1    -0.05150922    0.005026467   2.606092e-05   -1.00138e-06   1.035389e-08     -3.623e-11       132.8725   0.0003302543
9   70    0  0.0   0    -0.04970911    0.005395485   1.401443e-05  -7.501143e-07   7.556017e-09  -2.470528e-11         143.74   0.0003205553
9   70    0  0.0   1     -0.0452935    0.004302616   4.919108e-05  -1.272675e-06   1.113802e-08  -3.384621e-11       143.7923   0.0003043677
10   70    0  0.0   0    -0.04628313    0.004973333   2.693173e-05  -8.862616e-07   7.764493e-09  -2.267266e-11         155.72   0.0003182236
10   70    0  0.0   1    -0.04386069     0.00417138   4.847873e-05   -1.14014e-06   9.144262e-09  -2.553318e-11         155.72   0.0003025027
11   70    0  0.0   0     -0.0682624    0.006690373  -3.157808e-05   3.456299e-08     1.0435e-09   -4.35066e-12       157.1368   0.0002984364
11   70    0  0.0   1    -0.06074355    0.005776811  -8.321704e-06  -2.380763e-07   2.512279e-09  -7.279059e-12       155.3111   0.0002938205
12   70    0  0.0   0    -0.05786322    0.005218903   8.943309e-06  -4.345177e-07   3.372287e-09  -8.344707e-12       171.7529   0.0002352746
12   70    0  0.0   1    -0.07040143    0.006346075  -2.386658e-05  -1.435474e-08   9.274418e-10  -3.055542e-12       167.1441   0.0003274869
13   70    0  0.0   0    -0.05969525    0.006206723  -2.233837e-05   -1.06881e-08   7.465053e-10  -2.285372e-12       178.7608   0.0002636085
13   70    0  0.0   1     -0.0599079    0.006029665  -1.783452e-05  -6.325159e-08   1.032539e-09   -2.85318e-12       173.7735   0.0003269103
14   70    0  0.0   0    -0.06147167    0.006271749  -1.519149e-05  -2.513353e-07   3.304731e-09  -1.084536e-11       155.9283   0.0002620101
14   70    0  0.0   1    -0.06249635    0.005920324  -2.418359e-07  -4.970482e-07   5.019149e-09  -1.512568e-11       156.3176   0.0003061555
15   70    0  0.0   0       -0.06883    0.007039292  -3.535388e-05   1.418062e-08   1.449599e-09  -5.672616e-12         166.89   0.0003098319
15   70    0  0.0   1    -0.06921306    0.006739641  -3.119228e-05   8.699042e-09     1.2524e-09  -4.833185e-12         166.89   0.0002733362
16   70    0  0.0   0    -0.07349273     0.00641136  -2.013211e-05  -1.037966e-07   1.578503e-09  -4.644252e-12         183.07   0.0001852862
16   70    0  0.0   1    -0.06314529    0.005165623   1.307173e-05  -4.924268e-07   3.655916e-09  -8.795949e-12       191.7499   0.0002447207
17   70    0  0.0   0    -0.05669553    0.005139501   1.116068e-05  -4.211699e-07   2.929963e-09  -6.564153e-12       210.6445    0.000204032
17   70    0  0.0   1    -0.05734065    0.004859901   1.653012e-05  -4.739712e-07   3.201767e-09  -7.132036e-12       205.7506   0.0002188782
18   70    0  0.0   0    -0.08004135    0.007172516   -4.37494e-05   2.498512e-07  -8.585601e-10   1.404005e-12       190.7217   0.0002261614
18   70    0  0.0   1    -0.07224499    0.006181062  -2.424246e-05     6.4888e-08  -1.226318e-11   -8.44498e-14       190.2566   0.0002706947
19   70    0  0.0   0    -0.08581111    0.008354849   -7.64934e-05   6.243425e-07  -2.790206e-09   5.104833e-12        194.025   0.0004390425
19   70    0  0.0   1      -0.085622    0.007989073   -6.98895e-05   5.704155e-07  -2.589052e-09   4.825311e-12        194.025   0.0004750766
20   70    0  0.0   0    -0.04950969    0.006031453  -1.762422e-05  -9.173871e-08   1.384499e-09  -4.058994e-12         177.45   0.0002287791
20   70    0  0.0   1    -0.05632006    0.006166007  -1.821041e-05  -1.128683e-07   1.620601e-09  -4.736482e-12         177.45   0.0002272716
21   70    0  0.0   0    -0.04966959    0.005660864  -4.495935e-06  -2.568985e-07   2.206438e-09    -5.3973e-12          189.3    0.000120322
21   70    0  0.0   1    -0.03496921    0.004628011   1.799514e-05  -4.867411e-07   3.314421e-09  -7.430078e-12          189.3   0.0001406945
22   70    0  0.0   0    -0.04916395    0.006190348  -2.264028e-05  -4.355135e-09   6.322889e-10  -1.835038e-12         192.65   0.0001867717
22   70    0  0.0   1    -0.05108194    0.006188706  -2.255643e-05  -4.738872e-09   6.435216e-10  -1.889885e-12         192.65   0.0001489081
23   70    0  0.0   0    -0.04214213    0.005745768  -1.203189e-05  -1.149436e-07    1.13505e-09  -2.653919e-12         206.64   0.0001676644
23   70    0  0.0   1    -0.04304365    0.005834403  -1.393656e-05  -1.051817e-07   1.150554e-09   -2.79722e-12         206.64   0.0001672027
24   70    0  0.0   0     -0.0231718    0.004717696    9.71227e-06  -3.218218e-07   2.011655e-09  -3.998049e-12          224.4   7.817451e-05
24   70    0  0.0   1    -0.02566124    0.004745638   9.815768e-06  -3.306936e-07    2.08861e-09  -4.185248e-12          224.4   0.0001126586
25   70    0  0.0   0    -0.03445832    0.005198735  -1.329767e-06  -1.944012e-07   1.312823e-09   -2.58652e-12          234.6   4.338755e-05
25   70    0  0.0   1    -0.02441018    0.004510382   1.302298e-05  -3.320594e-07   1.924724e-09  -3.602982e-12          234.6   0.0001269257
26   70    0  0.0   0    -0.06054693    0.006299707  -2.649286e-05   5.915894e-08   2.157591e-10  -8.792744e-13       194.0626   0.0002285093
26   70    0  0.0   1    -0.06743982    0.006791979  -3.937575e-05   2.072132e-07  -5.596192e-10   6.324843e-13       192.9106   0.0002461412
27   70    0  0.0   0    -0.06286399    0.006208378   -2.26483e-05   1.624153e-08   3.742851e-10  -1.046556e-12         202.55    0.000249577
27   70    0  0.0   1    -0.06243173     0.00626259   -2.59129e-05   5.979794e-08   1.476628e-10  -6.285395e-13         202.55   0.0001824678
28   70    0  0.0   0    -0.06213618    0.006598055  -3.481646e-05   1.704857e-07  -4.935856e-10   7.164536e-13         208.78   0.0002047917
28   70    0  0.0   1    -0.06357635    0.006467169  -2.920672e-05   8.358507e-08   4.625133e-11  -4.344652e-13       210.5955    0.000199904
29   70    0  0.0   0    -0.05449124    0.006478436  -3.164372e-05   1.263698e-07   -2.28593e-10   1.477289e-13       217.4014   0.0001778559
29   70    0  0.0   1    -0.05327025    0.006388857  -3.091648e-05   1.286626e-07  -2.751107e-10   2.808938e-13        216.373   0.0002085168
30   70    0  0.0   0    -0.03169577    0.006016057  -2.437876e-05   6.465729e-08   1.861829e-11  -2.223396e-13       223.4241   0.0001916298
30   70    0  0.0   1    -0.04034631    0.006405543  -3.308495e-05   1.521292e-07  -3.825131e-10    4.57662e-13       223.3699   0.0001602493
31   70    0  0.0   0    -0.02207623    0.005582477  -1.564152e-05   -1.62173e-08   3.587013e-10  -7.703225e-13         239.84   6.605619e-05
31   70    0  0.0   1    -0.02425529    0.005513596  -1.343147e-05  -4.326297e-08   4.987269e-10   -1.02569e-12         239.84   6.199232e-05
32   70    0  0.0   0    -0.04752393    0.006448776  -3.287009e-05   1.394407e-07  -2.489709e-10   9.511193e-14       204.4297   0.0002763682
32   70    0  0.0   1    -0.05749878    0.007096721  -4.753049e-05   2.941389e-07  -1.004546e-09   1.471465e-12       203.0348   0.0002260156
33   70    0  0.0   0    -0.05054224    0.006688288  -3.950757e-05   2.216511e-07  -7.170087e-10   1.059649e-12       209.9473    0.000228123
33   70    0  0.0   1    -0.04806986    0.006481413  -3.307157e-05   1.458466e-07  -3.274512e-10   3.327353e-13       210.0243   0.0002069224
34   70    0  0.0   0     -0.0415581     0.00633399  -3.023789e-05   1.139479e-07  -1.675329e-10   3.861433e-14       217.4982   0.0001975515
34   70    0  0.0   1    -0.05060893    0.006925161  -4.359652e-05   2.489758e-07  -7.904657e-10   1.103764e-12       217.6515   0.0002124161
35   70    0  0.0   0    -0.03349703    0.006018878  -2.511166e-05   7.606775e-08   -4.65626e-11  -1.032783e-13       227.3442   0.0001888514
35   70    0  0.0   1    -0.03503075    0.006159678    -2.7632e-05   9.943792e-08  -1.561808e-10   9.905955e-14       225.7405   0.0002501435
36   70    0  0.0   0    -0.03423881    0.006241734  -2.983463e-05   1.207135e-07  -2.456721e-10   2.269607e-13         234.85   0.0001574592
36   70    0  0.0   1    -0.02631683    0.005835349  -2.252167e-05    5.69873e-08   1.802735e-11  -1.857808e-13         234.85   0.0002259862
37   70    0  0.0   0    -0.02903516    0.006140367  -3.035222e-05   1.464523e-07  -4.317153e-10   6.164348e-13       239.6609   0.0001786314
37   70    0  0.0   1     -0.0312319    0.006277885   -3.23582e-05    1.56631e-07  -4.435785e-10   5.957068e-13       240.1363    0.000201282
38   70    0  0.0   0    -0.03528981    0.006011202  -2.554603e-05   8.967508e-08  -1.364195e-10   9.895721e-14       216.9081   0.0001773332
38   70    0  0.0   1    -0.03498178    0.006155566   -2.94729e-05   1.286715e-07  -3.001639e-10    3.45695e-13       215.3145   0.0002561213
39   70    0  0.0   0    -0.02763684    0.005833548  -2.313199e-05   7.280328e-08  -8.625617e-11   4.295118e-14       222.2965   0.0002477337
39   70    0  0.0   1    -0.03118341    0.006011564    -2.4956e-05   7.353945e-08  -2.678969e-11  -1.390756e-13       223.3978   0.0002103252
40   70    0  0.0   0    -0.03196568     0.00617163  -2.961759e-05   1.279689e-07  -3.106509e-10   3.830798e-13       232.0772   0.0001435487
40   70    0  0.0   1    -0.03486267    0.006449367  -3.591432e-05    1.91722e-07    -6.0275e-10   8.762162e-13       229.0114   0.0002270999
41   70    0  0.0   0    -0.02809959    0.006014687  -2.696965e-05   1.080145e-07  -2.447523e-10    2.97074e-13       238.8112   7.888526e-05
41   70    0  0.0   1    -0.03015079    0.006205626  -2.998384e-05   1.264092e-07  -2.823661e-10   2.969887e-13       238.3879   0.0001916948
42   70    0  0.0   0    -0.02659203    0.006163903  -3.032769e-05    1.38004e-07  -3.678887e-10   4.773604e-13       246.5774   0.0001644383
42   70    0  0.0   1    -0.02619411    0.006104734  -2.814027e-05   1.107494e-07  -2.307811e-10   2.396036e-13       246.4304   9.722173e-05
43   70    0  0.0   0     -0.0182253    0.005740214   -2.27568e-05    7.85009e-08  -1.593889e-10   2.022536e-13       253.1553   0.0001598243
43   70    0  0.0   1    -0.01914584    0.005809827  -2.380747e-05   8.371002e-08   -1.60464e-10   1.724008e-13       255.3112   0.0001221412
44   70    0  0.0   0    -0.03957615    0.006280343  -3.079914e-05   1.332835e-07  -3.089884e-10     3.4893e-13       225.5212   0.0001674518
44   70    0  0.0   1    -0.03892445     0.00618542  -2.828977e-05   1.095971e-07  -2.059273e-10   1.662006e-13        227.891   0.0002038552
45   70    0  0.0   0    -0.03225224    0.005866594  -2.282115e-05   6.787873e-08  -7.269387e-11   3.328736e-14       231.9108   0.0001596146
45   70    0  0.0   1    -0.03522836    0.006085768  -2.676598e-05   1.000543e-07  -1.922346e-10   1.905829e-13       231.5089   0.0002060849
46   70    0  0.0   0    -0.02406961    0.005926264  -2.499287e-05   8.447623e-08  -1.193012e-10   6.142129e-14        238.815   0.0001203817
46   70    0  0.0   1     -0.0311858    0.006188303   -2.97755e-05   1.282855e-07  -3.046693e-10    3.49025e-13       238.5673   0.0001544346
47   70    0  0.0   0    -0.02544206    0.006108427  -2.941182e-05   1.337117e-07  -3.665855e-10   5.032757e-13        244.399   0.0002526976
47   70    0  0.0   1    -0.02447182    0.005981993  -2.710499e-05   1.135687e-07    -2.8397e-10   3.770928e-13        243.797   0.0002308337
48   70    0  0.0   0    -0.01924652    0.005643968  -2.075045e-05   6.043382e-08  -7.763748e-11   6.105583e-14       253.8086    0.000161429
48   70    0  0.0   1     -0.0251835    0.006014203  -2.694795e-05   1.053218e-07  -2.211959e-10   2.311132e-13       252.4861   0.0001667831
49   70    0  0.0   0    -0.01371297    0.005476255  -1.781899e-05   4.016449e-08  -2.123792e-11   8.192429e-15       259.9193   0.0001993353
49   70    0  0.0   1    -0.01477567    0.005683278  -2.222988e-05    7.55561e-08  -1.412684e-10   1.553705e-13       259.0607   0.0001938005
50   70    0  0.0   0    -0.02582376    0.005994152   -2.60083e-05   9.630059e-08  -1.901891e-10   2.191431e-13       232.0202   0.0001669792
50   70    0  0.0   1    -0.02726554    0.006140747  -2.970133e-05   1.347061e-07  -3.621902e-10   4.957262e-13       232.3103   0.0001328403
51   70    0  0.0   0    -0.02697524    0.006103746  -2.851505e-05   1.209285e-07  -3.027713e-10   3.990426e-13        241.904   0.0001354897
51   70    0  0.0   1    -0.02461939    0.005988806  -2.630806e-05   1.003098e-07  -2.088129e-10   2.379524e-13       241.1944   0.0002165684
52   70    0  0.0   0    -0.02654816    0.006060049  -2.691876e-05    1.00104e-07  -1.952986e-10   1.996809e-13       247.9514   0.0001856789
52   70    0  0.0   1    -0.02842936     0.00636284  -3.473555e-05   1.803131e-07   -5.50562e-10    7.70629e-13       245.5741   0.0002584977
53   70    0  0.0   0    -0.02013797    0.005933301  -2.612202e-05    1.02625e-07  -2.349593e-10   2.865754e-13        255.582   0.0001875987
53   70    0  0.0   1    -0.02061719    0.006039683  -2.801061e-05   1.181374e-07  -2.959536e-10   3.815847e-13       253.3423   0.0001777945
54   70    0  0.0   0    -0.02356585    0.006270467  -3.303596e-05   1.608115e-07  -4.572099e-10    5.93673e-13       262.5903   0.0002150381
54   70    0  0.0   1    -0.01221863     0.00585818  -2.594112e-05   1.068123e-07  -2.708985e-10    3.57977e-13            263   0.0001396404
55   70    0  0.0   0   -0.006117228    0.005827297  -2.617793e-05    1.02942e-07  -2.481655e-10   2.859904e-13       300.8269   0.0001589307
55   70    0  0.0   1    0.000913551    0.005659611   -2.35902e-05   8.490101e-08  -1.900495e-10   2.165356e-13       298.3765   0.0001453621
0   90    0  0.0   0    -0.08438351    0.007667664  -5.581738e-05   -2.94956e-08   8.577367e-09  -6.559584e-11       89.51819   0.0005156744
0   90    0  0.0   1     -0.1048765     0.01047325  -0.0001788501   2.528397e-06  -1.671126e-08    2.98229e-11       91.47304   0.0005002536
1   90    0  0.0   0    -0.08218669    0.008080871  -6.726232e-05   2.808687e-08    9.59339e-09   -7.27156e-11       90.87367   0.0005546893
1   90    0  0.0   1    -0.09045249    0.008853171  -8.386942e-05   1.010689e-07   1.080969e-08  -8.202564e-11       91.02177   0.0005526402
2   90    0  0.0   0    -0.07540976    0.007394388  -5.269229e-05   2.381304e-08   6.772388e-09  -4.979127e-11       97.07524   0.0005105257
2   90    0  0.0   1    -0.08105364    0.008150971  -6.854057e-05   8.984646e-08   7.858354e-09  -5.776798e-11       97.01566   0.0005040046
3   90    0  0.0   0    -0.07006813     0.00681031  -2.235751e-05  -6.325776e-07   1.260519e-08  -6.572101e-11       101.8033   0.0004925064
3   90    0  0.0   1    -0.06274442    0.006311249   9.224349e-07   -1.11373e-06   1.711595e-08  -8.137743e-11       101.4488    0.000495824
4   90    0  0.0   0    -0.07416367    0.007566766  -5.564507e-05    8.16284e-08   5.003805e-09  -3.385712e-11       102.7992   0.0004904711
4   90    0  0.0   1    -0.06290514    0.006517674  -8.206533e-06  -8.970223e-07   1.420839e-08  -6.578465e-11       107.7484   0.0004792528
5   90    0  0.0   0    -0.06865474    0.007385819  -5.118477e-05   6.731927e-08   4.252488e-09  -2.738297e-11       106.5994   0.0004723065
5   90    0  0.0   1     -0.0640698    0.007309557  -4.936959e-05   5.833966e-08   4.120533e-09  -2.628259e-11       106.4408   0.0004802982
6   90    0  0.0   0    -0.06982274    0.006978283  -3.992685e-05   1.660724e-08   3.067563e-09  -1.746218e-11       110.0978   0.0004932763
6   90    0  0.0   1    -0.06898944    0.007033936  -3.927296e-05   7.063426e-09   2.851084e-09  -1.534535e-11       110.6273   0.0004939674
7   90    0  0.0   0    -0.06581686    0.006416938  -2.899883e-05  -1.062228e-08   1.983945e-09  -1.007512e-11       117.4438    0.000462743
7   90    0  0.0   1    -0.05451705    0.006048725  -6.148155e-06  -5.308065e-07   6.963335e-09  -2.699137e-11       117.5849   0.0004701854
8   90    0  0.0   0    -0.06696366     0.00714356   -4.31091e-05   4.554964e-08   2.926821e-09  -1.631084e-11        126.727   0.0003283185
8   90    0  0.0   1    -0.04155979    0.004308788   4.611284e-05  -1.252483e-06   1.181219e-08  -3.945808e-11       129.7226   0.0003160943
9   90    0  0.0   0    -0.05700746    0.005884554   4.579644e-06  -6.839355e-07    7.48384e-09  -2.526823e-11         143.74   0.0002828856
9   90    0  0.0   1    -0.04109194    0.003981054   5.932911e-05  -1.406894e-06    1.19379e-08  -3.565795e-11         143.74   0.0002945559
10   90    0  0.0   0    -0.05638568     0.00573549   5.886073e-06  -6.137853e-07   6.130919e-09   -1.90525e-11         155.72   0.0002845724
10   90    0  0.0   1    -0.05035163    0.004859829   2.690665e-05  -8.355782e-07   7.180735e-09  -2.085445e-11         155.72   0.0002714727
11   90    0  0.0   0    -0.05787602    0.005757231  -1.431204e-06  -3.933432e-07   3.791064e-09  -1.088798e-11       157.9689   0.0003118072
11   90    0  0.0   1    -0.06096587     0.00589237  -1.043466e-05  -2.315257e-07   2.615057e-09  -7.866443e-12       155.1605   0.0003321176
12   90    0  0.0   0    -0.05501958     0.00513783   9.282706e-06  -4.272155e-07   3.313039e-09  -8.251993e-12       168.7913   0.0003006847
12   90    0  0.0   1     -0.0603527    0.005623559  -3.252726e-06  -2.745425e-07   2.439985e-09  -6.359184e-12        167.183   0.0003104075
13   90    0  0.0   0    -0.05940821    0.006195469  -2.226701e-05  -8.443739e-09   7.205602e-10   -2.21074e-12       176.8322   0.0003290962
13   90    0  0.0   1    -0.06434717    0.006414185  -2.552902e-05   -2.33123e-09   8.712859e-10  -2.888685e-12       176.0698   0.0002635686
14   90    0  0.0   0    -0.05511912    0.005687449   5.196846e-06  -5.479258e-07   5.225814e-09  -1.544859e-11       156.5051    0.000285373
14   90    0  0.0   1    -0.05862939     0.00590114  -5.007435e-06  -3.721627e-07   3.951776e-09  -1.216657e-11       154.6334   0.0002907871
15   90    0  0.0   0    -0.05942332    0.006435067   -2.00518e-05  -1.588468e-07   2.354542e-09  -7.480469e-12         166.89   0.0002624719
15   90    0  0.0   1    -0.05614223    0.005750854  -2.176143e-06  -3.713866e-07   3.531485e-09  -9.936298e-12         166.89   0.0003009162
16   90    0  0.0   0    -0.05814802    0.005284679   9.587352e-06  -4.498781e-07   3.429357e-09  -8.368844e-12         183.07   0.0001993623
16   90    0  0.0   1    -0.05240056     0.00446619   3.079386e-05  -6.980032e-07   4.754819e-09  -1.099001e-11       191.0823   0.0002833206
17   90    0  0.0   0    -0.05592641    0.005201754    1.01869e-05  -4.229188e-07    3.01423e-09  -6.874827e-12       207.0047   0.0002362939
17   90    0  0.0   1    -0.06010561    0.005157462   9.413513e-06  -4.036195e-07   2.896326e-09  -6.664071e-12       205.7529   0.0002710402
18   90    0  0.0   0    -0.07251184    0.006812792  -3.572969e-05   1.662337e-07  -4.426375e-10   6.095534e-13       190.2366   0.0002045384
18   90    0  0.0   1    -0.05920482    0.005241428  -8.282988e-07  -1.944296e-07   1.302898e-09  -2.588127e-12       193.4159   0.0001879457
19   90    0  0.0   0    -0.07785824    0.007800451  -6.234086e-05   4.696461e-07   -2.02412e-09   3.683051e-12        194.025   0.0003733692
19   90    0  0.0   1    -0.07725677    0.007354891  -5.315531e-05   3.773535e-07  -1.577278e-09   2.855272e-12        194.025   0.0004171608
20   90    0  0.0   0    -0.02443609    0.005006032  -9.966126e-06  -1.496703e-08   3.462354e-10  -1.131038e-12       178.3284   7.783464e-05
20   90    0  0.0   1    -0.04469552    0.005388012   2.240956e-07  -3.062173e-07   2.557403e-09  -6.462622e-12         177.45   0.0002107282
21   90    0  0.0   0     -0.0426881    0.005308908   3.845918e-06  -3.490104e-07   2.690907e-09  -6.384169e-12          189.3   0.0001509697
21   90    0  0.0   1    -0.04228233    0.005054927   9.417671e-06  -4.028364e-07   2.927965e-09  -6.776881e-12          189.3   0.0001524362
22   90    0  0.0   0    -0.04645607    0.005993638  -1.618362e-05  -9.167153e-08   1.150042e-09  -2.949993e-12         192.65   0.0001797735
22   90    0  0.0   1    -0.05130404    0.006256858  -2.356457e-05  -3.782376e-09   6.947791e-10  -2.102409e-12         192.65   0.0001723207
23   90    0  0.0   0    -0.04184937    0.005750568  -1.156945e-05  -1.231124e-07   1.184739e-09  -2.763175e-12         206.64   0.0001122631
23   90    0  0.0   1     -0.0409326    0.005644652  -8.736604e-06   -1.61193e-07   1.411301e-09  -3.238061e-12         206.64   0.0001257237
24   90    0  0.0   0    -0.02735206    0.004978854   5.235024e-06  -2.890828e-07   1.912086e-09  -3.909889e-12          224.4   0.0001124178
24   90    0  0.0   1    -0.02606658    0.004796198   8.830947e-06  -3.218488e-07   2.053983e-09  -4.143951e-12          224.4   0.0001415114
25   90    0  0.0   0    -0.02572673    0.004795697   7.146073e-06   -2.77864e-07   1.696071e-09  -3.247827e-12          234.6    0.000117589
25   90    0  0.0   1      -0.026634    0.004700195   8.362772e-06  -2.838075e-07   1.706783e-09  -3.252817e-12          234.6   0.0001481441
26   90    0  0.0   0    -0.05798444    0.006270486   -2.74023e-05   8.330744e-08   3.758212e-11  -4.641984e-13       192.8422    0.000231854
26   90    0  0.0   1    -0.06678536    0.006689421  -3.489564e-05   1.449333e-07   -2.00822e-10   -1.11324e-13       192.7557   0.0002705746
27   90    0  0.0   0    -0.06191853    0.006070263  -1.835574e-05  -3.293496e-08   6.210658e-10   -1.50611e-12         202.55   0.0002173075
27   90    0  0.0   1    -0.06286983    0.006146859  -2.077839e-05  -1.006076e-08   5.369946e-10  -1.402803e-12         202.55   0.0001949528
28   90    0  0.0   0    -0.06463469    0.006692476  -3.421558e-05   1.380952e-07  -2.343939e-10   1.000994e-13         208.78   0.0002394162
28   90    0  0.0   1    -0.05814017    0.006181785  -2.365745e-05   3.859451e-08   2.021692e-10  -6.204878e-13         208.78    0.000219234
29   90    0  0.0   0    -0.05936699    0.006846334  -3.980933e-05   2.071261e-07  -5.951594e-10   7.692621e-13         214.94   0.0001980998
29   90    0  0.0   1    -0.04934488     0.00619513  -2.618178e-05     7.5935e-08  -9.140572e-12  -2.167381e-13       216.5662   0.0001830868
30   90    0  0.0   0    -0.04071701    0.006608063   -3.72518e-05   1.904011e-07  -5.403308e-10   6.942835e-13         221.66   0.0001663987
30   90    0  0.0   1    -0.03935029     0.00639835  -3.321542e-05   1.561401e-07  -4.106604e-10   5.177569e-13         221.66   0.0001760098
31   90    0  0.0   0    -0.01970665    0.005425424  -1.138749e-05   -6.28577e-08   5.826342e-10  -1.163509e-12         239.84   5.311078e-05
31   90    0  0.0   1    -0.02689697    0.005688748   -1.67807e-05  -1.453559e-08   3.878833e-10  -8.746854e-13         239.84   8.765654e-05
32   90    0  0.0   0    -0.05451025     0.00682359  -4.005313e-05   2.071412e-07  -5.568965e-10   6.272153e-13       203.9888   0.0001916499
32   90    0  0.0   1    -0.04709098     0.00636553  -2.948926e-05   1.008903e-07   -7.32012e-11  -1.827224e-13       200.9884   0.0002231575
33   90    0  0.0   0    -0.05104664    0.006650395  -3.690809e-05   1.835455e-07  -4.951011e-10   6.043104e-13       209.6424   0.0001753679
33   90    0  0.0   1    -0.04926682    0.006614061  -3.565317e-05   1.680167e-07  -4.178376e-10   4.729092e-13       208.0259   0.0002756419
34   90    0  0.0   0     -0.0465308    0.006663183  -3.708503e-05   1.818624e-07  -4.842327e-10   5.918043e-13       214.9303   0.0001990926
34   90    0  0.0   1    -0.04652785    0.006577735  -3.464069e-05   1.556446e-07  -3.577445e-10   3.561321e-13       217.6061   0.0001982062
35   90    0  0.0   0    -0.03707534    0.006230376  -2.842757e-05   1.007041e-07  -1.335925e-10   1.294973e-14       226.0224   0.0001833764
35   90    0  0.0   1    -0.03764281    0.006254499  -2.834397e-05   9.489376e-08  -8.876162e-11  -8.799293e-14        227.015   0.0001759923
36   90    0  0.0   0    -0.02891016    0.005924258  -2.249085e-05   4.745123e-08   8.280616e-11  -3.180649e-13         234.85   0.0001671497
36   90    0  0.0   1    -0.02985989     0.00596506  -2.404924e-05   6.702922e-08  -1.763898e-11  -1.388244e-13         234.85   0.0001647345
37   90    0  0.0   0    -0.03129563     0.00626437  -3.080775e-05   1.329794e-07  -3.150203e-10   3.586011e-13       240.0442   0.0001535742
37   90    0  0.0   1    -0.03284644    0.006363319  -3.280169e-05   1.525954e-07  -4.040458e-10   5.069161e-13       239.3912    0.000177857
38   90    0  0.0   0    -0.04724586    0.006780862  -4.087377e-05   2.268405e-07  -6.995545e-10   9.610979e-13        214.773   0.0002406392
38   90    0  0.0   1    -0.03797299    0.006372316  -3.389953e-05   1.708291e-07  -4.879635e-10   6.562458e-13        214.234   0.0002464405
39   90    0  0.0   0    -0.03539542    0.006262595   -3.07965e-05   1.350431e-07  -3.192552e-10   3.682727e-13       221.6782   0.0002115695
39   90    0  0.0   1    -0.03825956    0.006394149  -3.199088e-05   1.351064e-07  -2.854043e-10   2.758885e-13       221.9339   0.0002333449
40   90    0  0.0   0    -0.03823839    0.006514315  -3.556212e-05   1.743212e-07  -4.747833e-10   5.927002e-13       230.7852   0.0001782036
40   90    0  0.0   1    -0.03738597    0.006597721  -3.776935e-05   1.994334e-07  -6.022571e-10   8.298936e-13       228.6572   0.0001926116
41   90    0  0.0   0    -0.02881548    0.006072554  -2.716264e-05   1.012262e-07   -1.85388e-10   1.627416e-13       236.4533   0.0001585358
41   90    0  0.0   1    -0.03087926    0.006272534  -3.124971e-05   1.396815e-07  -3.525719e-10   4.343499e-13       235.2471   0.0002400961
42   90    0  0.0   0    -0.03217409    0.006372272   -3.24741e-05   1.436293e-07  -3.457287e-10    3.84971e-13       246.0792   0.0001095603
42   90    0  0.0   1    -0.02861695    0.006279439  -3.154297e-05   1.419558e-07   -3.64045e-10   4.495352e-13       245.4424   0.0001143507
43   90    0  0.0   0    -0.02692895    0.006214706  -3.088941e-05   1.393988e-07  -3.630222e-10   4.494744e-13       251.9405   0.0001000265
43   90    0  0.0   1    -0.02409965    0.006135702  -3.015482e-05   1.392143e-07  -3.843917e-10   5.092175e-13       252.3173   0.0002075946
44   90    0  0.0   0     -0.0427185    0.006332837  -3.099334e-05   1.344606e-07  -3.156698e-10    3.55646e-13       224.4412   0.0001673276
44   90    0  0.0   1    -0.03593732    0.006033192  -2.559823e-05   8.819752e-08  -1.247195e-10   4.509421e-14        226.962   0.0001497345
45   90    0  0.0   0    -0.03558367    0.006047382  -2.559537e-05   8.620099e-08  -1.151469e-10   3.229448e-14       231.8726   0.0001671901
45   90    0  0.0   1    -0.02888322    0.005626332  -1.605249e-05  -7.627318e-09   2.976823e-10  -6.350762e-13         234.02   9.997463e-05
46   90    0  0.0   0    -0.02650991    0.005961217  -2.469727e-05   8.099232e-08  -1.124422e-10    6.67086e-14       235.7084   0.0001495626
46   90    0  0.0   1    -0.02929971    0.006058403  -2.644446e-05   9.270818e-08  -1.390033e-10   6.893543e-14       237.8577   0.0001786099
47   90    0  0.0   0    -0.02811129    0.006140584  -2.847404e-05   1.153296e-07  -2.557653e-10   2.829305e-13       243.5988   0.0002123786
47   90    0  0.0   1    -0.02270849      0.0058351  -2.304629e-05   7.021471e-08  -7.908333e-11   1.884722e-14       244.5181   0.0002071367
48   90    0  0.0   0    -0.02154186      0.0056917  -2.008263e-05   4.276595e-08   3.583739e-11  -1.646948e-13       253.4487   0.0001315861
48   90    0  0.0   1    -0.02397909     0.00598911  -2.638713e-05    1.00932e-07  -2.073543e-10   2.135366e-13       251.6628   0.0001878001
49   90    0  0.0   0    -0.01492244    0.005559237   -1.86461e-05   4.044258e-08   3.840544e-12  -6.387462e-14       257.6241    0.000218689
49   90    0  0.0   1    -0.01468373     0.00573581  -2.322272e-05   8.490084e-08   -1.82588e-10   2.202314e-13       257.0887   0.0002205822
50   90    0  0.0   0     -0.0291564    0.006236985    -3.0362e-05   1.287274e-07   -2.90383e-10   3.146564e-13       231.0672   0.0001644327
50   90    0  0.0   1    -0.03349168    0.006470235  -3.397703e-05   1.541287e-07  -3.726869e-10    4.14625e-13       232.1514   0.0001455024
51   90    0  0.0   0    -0.03738226    0.006742768  -4.113874e-05   2.310288e-07  -7.387866e-10   1.037807e-12       238.6764   0.0002183004
51   90    0  0.0   1    -0.02782285    0.006257728  -3.179389e-05   1.516229e-07   -4.29551e-10   5.854142e-13       241.0237   0.0001462407
52   90    0  0.0   0    -0.03002483    0.006271509  -3.005291e-05   1.183724e-07  -2.338018e-10   2.086625e-13       245.7323   0.0002279665
52   90    0  0.0   1    -0.02521261    0.006184729  -3.005915e-05   1.326353e-07  -3.395568e-10   4.279718e-13        245.923   0.0002383048
53   90    0  0.0   0    -0.02243108     0.00598922  -2.655882e-05   1.029374e-07  -2.228251e-10   2.468376e-13       254.8382   0.0001688873
53   90    0  0.0   1    -0.01273036     0.00565573  -2.063073e-05    5.48245e-08  -4.334218e-11   -2.06574e-15       255.3894   0.0001403508
54   90    0  0.0   0    -0.01784112      0.0059546   -2.67087e-05   1.056436e-07  -2.381968e-10   2.694955e-13       262.4002   0.0001584783
54   90    0  0.0   1    -0.01489902    0.006059935  -2.939627e-05   1.322481e-07  -3.532387e-10   4.515705e-13            263   0.0001310206
55   90    0  0.0   0   -0.005250809    0.005818202  -2.644702e-05   1.071178e-07   -2.66673e-10   3.120491e-13       297.8023   0.0001979942
55   90    0  0.0   1    0.003933455    0.005583672  -2.231859e-05   7.500582e-08  -1.538906e-10   1.665905e-13       298.0897   0.0001540649
0  110    0  0.0   0    -0.07549371    0.007021411  -4.289473e-05   -4.23399e-08   6.489091e-09   -5.00094e-11       91.35269   0.0004981992
0  110    0  0.0   1    -0.08134122    0.007710418  -5.675102e-05  -2.694357e-08   8.623244e-09   -6.55992e-11       89.76257   0.0005241478
1  110    0  0.0   0    -0.08368289    0.008192491  -7.038357e-05   4.196041e-08   9.927291e-09   -7.53396e-11       90.85884   0.0005541323
1  110    0  0.0   1     -0.1012247     0.01003804  -0.0001320285   1.000182e-06   2.847892e-09  -5.476168e-11       91.43277   0.0005494922
2  110    0  0.0   0    -0.05697114     0.00513229   4.701188e-05  -2.022892e-06   2.634649e-08  -1.198583e-10       96.23931   0.0004995908
2  110    0  0.0   1    -0.08135816    0.008133533  -6.850011e-05   8.371738e-08   8.021811e-09  -5.851283e-11       97.38174   0.0004955865
3  110    0  0.0   0    -0.07404861    0.007356731  -5.123733e-05   4.849435e-08   5.279302e-09  -3.650895e-11       96.95017   0.0005188472
3  110    0  0.0   1    -0.02941741    0.004812871   -7.92191e-06    3.99244e-09   1.278227e-09  -1.438389e-11       108.1806   0.0005105091
4  110    0  0.0   0    -0.07484827    0.007514413    -5.2878e-05   2.825727e-08   5.417658e-09  -3.486383e-11       102.9295    0.000498236
4  110    0  0.0   1    -0.06640384    0.006824385  -2.009025e-05  -6.747429e-07   1.221261e-08  -5.881462e-11       104.6427   0.0004707583
5  110    0  0.0   0    -0.06703943    0.007170154  -4.624137e-05   4.377426e-08   3.924143e-09  -2.472698e-11       106.5464   0.0004762419
5  110    0  0.0   1    -0.05270485    0.006021153  -1.380694e-06  -7.568765e-07   1.054858e-08   -4.52769e-11       106.9415   0.0004776508
6  110    0  0.0   0    -0.06942621    0.006886931   -3.77025e-05   9.633989e-09   2.785001e-09  -1.537264e-11       110.5367   0.0004910222
6  110    0  0.0   1    -0.07295809    0.007330584  -4.610415e-05   3.346467e-08   3.399987e-09  -1.927867e-11       113.0936     0.00046546
7  110    0  0.0   0    -0.06653921    0.006389706  -2.852222e-05  -8.963003e-09   1.867569e-09  -9.312005e-12        117.077   0.0004757846
7  110    0  0.0   1    -0.05197165     0.00558921   1.566417e-05  -9.539625e-07    1.05956e-08  -3.848192e-11        121.671   0.0004456515
8  110    0  0.0   0    -0.04372633    0.004789552   3.693751e-05  -1.191179e-06   1.176908e-08  -4.001671e-11       129.6479   0.0003605055
8  110    0  0.0   1     -0.0379001     0.00364247   7.512416e-05  -1.785797e-06   1.613093e-08  -5.214833e-11       128.4051   0.0003255722
9  110    0  0.0   0    -0.04695143    0.005097518   2.458683e-05  -9.109868e-07    8.64616e-09   -2.74108e-11         143.74    0.000293991
9  110    0  0.0   1    -0.04436799    0.004472004   4.027142e-05  -1.106649e-06   9.822308e-09  -3.011011e-11         143.74   0.0002933487
10  110    0  0.0   0    -0.05300105    0.005509469   1.162565e-05  -6.865499e-07   6.540968e-09  -1.981756e-11         155.72   0.0002792424
10  110    0  0.0   1    -0.05229983    0.005110701   1.766017e-05  -7.017735e-07    6.32403e-09  -1.881369e-11         155.72   0.0002807399
11  110    0  0.0   0    -0.06140221     0.00603122  -1.154694e-05  -2.319119e-07   2.640429e-09  -7.890966e-12       155.8264    0.000395454
11  110    0  0.0   1    -0.05758158    0.005520665   1.669349e-06  -4.044681e-07   3.738547e-09    -1.0583e-11         158.79   0.0003225524
12  110    0  0.0   0    -0.05857729    0.005278529   6.094157e-06  -3.921291e-07   3.115534e-09  -7.787173e-12       169.4689   0.0002791165
12  110    0  0.0   1    -0.07098534     0.00640484  -2.450317e-05  -1.352007e-08   9.503488e-10  -3.146327e-12       168.0258   0.0002957643
13  110    0  0.0   0     -0.0560187     0.00599585  -1.961194e-05   -1.41874e-08   6.271158e-10  -1.794979e-12       177.6641   0.0003107583
13  110    0  0.0   1    -0.06075241    0.006311072  -2.489404e-05    1.09974e-10   8.357038e-10  -2.795461e-12       177.2476   0.0002876438
14  110    0  0.0   0    -0.06217522    0.006331754  -1.290051e-05  -3.322735e-07   4.071212e-09  -1.313841e-11       154.7371    0.000306002
14  110    0  0.0   1    -0.07072485    0.006973398  -3.776093e-05   7.412552e-08   1.112237e-09  -5.265253e-12       151.4794   0.0003117066
15  110    0  0.0   0    -0.06263563    0.006673851  -2.776767e-05  -5.364804e-08   1.718063e-09  -6.058117e-12       168.0152   0.0002820062
15  110    0  0.0   1     -0.0533504    0.005677811  -3.539778e-06  -3.264788e-07   3.155124e-09  -8.916667e-12       167.8014   0.0002660256
16  110    0  0.0   0    -0.06678077    0.005772058  -9.632852e-07  -3.424859e-07    2.90518e-09  -7.375261e-12         183.07   0.0002199639
16  110    0  0.0   1    -0.06237236    0.005139184   1.310258e-05  -4.923497e-07   3.679797e-09  -8.925651e-12         183.07   0.0002344635
17  110    0  0.0   0    -0.05078957     0.00472592    2.26552e-05   -5.58049e-07   3.661217e-09  -8.009396e-12         205.75   0.0002243365
17  110    0  0.0   1    -0.05610127     0.00479699   1.813539e-05  -4.968017e-07   3.343607e-09  -7.444928e-12       204.0337    0.000190742
18  110    0  0.0   0     -0.0834132    0.007401256   -4.70357e-05   2.598071e-07  -7.592644e-10    9.08722e-13       193.1777   0.0001743587
18  110    0  0.0   1    -0.06997033    0.005821863  -1.319578e-05  -7.493317e-08    7.67228e-10  -1.673603e-12       191.1089   0.0002663527
19  110    0  0.0   0    -0.07455527    0.007411048   -5.13272e-05   3.384448e-07  -1.323927e-09   2.311573e-12        194.025   0.0004057775
19  110    0  0.0   1      -0.078068     0.00727265  -5.098141e-05   3.497143e-07   -1.41342e-09   2.498461e-12        194.025   0.0004229129
20  110    0  0.0   0     -0.0556797    0.006251777  -2.046481e-05  -7.686797e-08   1.361526e-09  -4.094817e-12         177.45   0.0001889939
20  110    0  0.0   1    -0.04826896     0.00550997   -1.85942e-06  -2.894277e-07   2.480627e-09  -6.285873e-12         177.45   0.0002149561
21  110    0  0.0   0    -0.04460607    0.005407994   3.739872e-07  -3.000817e-07   2.396582e-09  -5.762017e-12          189.3   0.0001972749
21  110    0  0.0   1    -0.04024271    0.004864705   1.420996e-05  -4.584276e-07   3.218727e-09  -7.324329e-12          189.3   0.0001732184
22  110    0  0.0   0    -0.05057309    0.006226995   -2.28687e-05  -5.652614e-09    6.53546e-10  -1.902554e-12         192.65   0.0001928513
22  110    0  0.0   1     -0.0500239    0.006186724  -2.278334e-05  -4.846627e-09   6.597575e-10   -1.94848e-12         192.65   0.0002026461
23  110    0  0.0   0    -0.03691502    0.005432971  -4.259485e-06  -2.049134e-07   1.614555e-09  -3.603978e-12         206.64   0.0001997099
23  110    0  0.0   1    -0.03612144    0.005263008  -7.733671e-08  -2.455757e-07   1.777733e-09  -3.821989e-12         206.64   0.0001680509
24  110    0  0.0   0    -0.03323246     0.00531989  -2.497739e-06  -2.106402e-07    1.54953e-09  -3.289085e-12          224.4   0.0001311429
24  110    0  0.0   1     -0.0235596    0.004638811   1.183111e-05  -3.472616e-07   2.147043e-09  -4.260248e-12          224.4   0.0001616892
25  110    0  0.0   0    -0.02175657       0.004619   9.433284e-06  -2.883269e-07   1.700597e-09  -3.197513e-12          234.6   0.0001198399
25  110    0  0.0   1    -0.03068163    0.004954135   1.648891e-06  -2.053864e-07    1.29784e-09  -2.481352e-12          234.6   6.397924e-05
26  110    0  0.0   0     -0.0634698    0.006720141  -3.901631e-05   2.122339e-07  -6.131964e-10   7.676637e-13        190.941   0.0003169339
26  110    0  0.0   1    -0.06361684    0.006624794   -3.51507e-05   1.568028e-07  -2.832463e-10      7.386e-14       192.4601   0.0002942741
27  110    0  0.0   0    -0.06871475    0.006579273  -3.067985e-05   9.566513e-08   1.142186e-11  -4.291954e-13         202.55   0.0002067073
27  110    0  0.0   1    -0.06715015    0.006435979  -2.771897e-05   6.598419e-08   1.541602e-10  -6.865791e-13         202.55   0.0002333888
28  110    0  0.0   0    -0.05958861    0.006318191   -2.57189e-05   5.252466e-08   1.665113e-10  -6.123049e-13         208.78   0.0002830636
28  110    0  0.0   1    -0.05872433    0.006265133  -2.658506e-05   7.848192e-08   -2.70992e-11  -1.571186e-13         208.78   0.0002513777
29  110    0  0.0   0    -0.05764943     0.00675287  -3.793119e-05   1.901669e-07  -5.287817e-10   6.769193e-13         214.94   0.0002131886
29  110    0  0.0   1    -0.05470976     0.00652733  -3.319206e-05    1.41651e-07  -2.939169e-10   2.503986e-13         214.94   0.0002574528
30  110    0  0.0   0    -0.03473664    0.006233077  -2.928652e-05   1.121285e-07  -1.831817e-10   8.581247e-14       221.9715   0.0002081203
30  110    0  0.0   1     -0.0394071    0.006397331  -3.335786e-05   1.611401e-07  -4.547608e-10   6.288738e-13         221.66   0.0002065575
31  110    0  0.0   0    -0.02185696    0.005474627  -1.186782e-05  -6.456671e-08   6.213605e-10  -1.279422e-12         239.84   0.0001038367
31  110    0  0.0   1    -0.02882972    0.005687363  -1.554148e-05  -3.392947e-08   4.939729e-10  -1.069217e-12         239.84   6.844955e-05
32  110    0  0.0   0    -0.04911737    0.006386655  -2.973314e-05   9.833682e-08    -2.9615e-11  -3.259582e-13       204.0744   0.0001911662
32  110    0  0.0   1    -0.04989356    0.006454437  -3.082065e-05   1.058394e-07  -4.778807e-11  -3.268784e-13       203.6557   0.0001832543
33  110    0  0.0   0    -0.05394642    0.006772794  -3.893122e-05   1.966348e-07  -5.215152e-10   5.883538e-13       210.3663   0.0001575841
33  110    0  0.0   1    -0.05261118    0.006832607   -4.11301e-05   2.249409e-07  -6.753778e-10   8.885506e-13       210.0806   0.0002615976
34  110    0  0.0   0    -0.04497101    0.006565759  -3.539046e-05   1.682149e-07  -4.270112e-10   4.832289e-13       218.2573   0.0001718997
34  110    0  0.0   1    -0.04256886    0.006369771  -3.054573e-05   1.130357e-07  -1.441595e-10  -4.128939e-14        217.218   0.0002369317
35  110    0  0.0   0    -0.04233753    0.006542736  -3.509515e-05    1.65896e-07  -4.307391e-10   5.236425e-13        224.857   0.0002091432
35  110    0  0.0   1    -0.04358409    0.006639695  -3.705565e-05    1.81909e-07  -4.895716e-10   6.050114e-13       225.3972   0.0001974319
36  110    0  0.0   0    -0.03096883    0.006070385  -2.554362e-05   7.476268e-08  -3.063838e-11  -1.384521e-13         234.85   0.0001708535
36  110    0  0.0   1    -0.02895895    0.005952493  -2.463963e-05   7.738411e-08  -7.660633e-11  -2.359294e-14         234.85   0.0001489867
37  110    0  0.0   0     -0.0318432    0.006365485  -3.406371e-05   1.708488e-07  -4.995837e-10   6.761756e-13       241.3857   0.0001522827
37  110    0  0.0   1    -0.03055226     0.00629012  -3.169959e-05   1.426466e-07  -3.563887e-10   4.185474e-13       240.8397   0.0001644794
38  110    0  0.0   0    -0.03875645    0.006269972  -2.966697e-05   1.163735e-07   -2.00822e-10   1.201634e-13       217.0112    0.000193071
38  110    0  0.0   1    -0.03445585    0.006194089  -3.079022e-05   1.463642e-07  -4.029845e-10   5.553216e-13       213.5559   0.0002972035
39  110    0  0.0   0    -0.03423393    0.006233236  -3.072326e-05   1.347966e-07  -3.138428e-10   3.515901e-13       220.8252   0.0002095202
39  110    0  0.0   1    -0.03271473    0.006093814  -2.647413e-05   8.922934e-08  -1.069648e-10   9.303248e-15       223.7746   0.0001930387
40  110    0  0.0   0    -0.03549299    0.006282633  -3.072494e-05   1.311731e-07  -3.035476e-10   3.487855e-13       228.9688   0.0002435022
40  110    0  0.0   1    -0.03580842    0.006526819  -3.746373e-05   2.049984e-07  -6.522902e-10   9.393944e-13       227.9266    0.000201734
41  110    0  0.0   0    -0.02867702    0.006103556  -2.869558e-05    1.21332e-07  -2.891438e-10   3.497265e-13       235.1956    0.000190039
41  110    0  0.0   1    -0.02842275    0.006182777  -3.040389e-05   1.400459e-07  -3.863914e-10   5.353973e-13       235.7889   0.0001863614
42  110    0  0.0   0    -0.03545424    0.006606108  -3.787331e-05   1.966071e-07  -5.805072e-10   7.724473e-13        242.738   0.0002112273
42  110    0  0.0   1    -0.02255748    0.005923814  -2.483654e-05    8.34892e-08  -1.252019e-10   8.060592e-14       245.4414   0.0001946228
43  110    0  0.0   0    -0.02368078    0.006042042   -2.82534e-05   1.210233e-07  -3.005683e-10   3.646979e-13       251.4081   0.0001435539
43  110    0  0.0   1    -0.02424821      0.0060655  -2.849795e-05   1.227951e-07  -3.122474e-10   3.945505e-13       253.1255   0.0001090265
44  110    0  0.0   0    -0.04694369    0.006618878  -3.823514e-05   2.149531e-07  -7.171981e-10   1.088301e-12       221.7937   0.0002476609
44  110    0  0.0   1    -0.04329533    0.006432136  -3.373893e-05    1.60937e-07  -4.284204e-10   5.350575e-13       224.8343   0.0002202725
45  110    0  0.0   0     -0.0358877    0.006080173  -2.656698e-05   9.961618e-08  -1.986938e-10   2.126909e-13       231.1651   0.0001979878
45  110    0  0.0   1    -0.03674781    0.006125026  -2.730982e-05   1.012875e-07  -1.768155e-10   1.331212e-13       232.2007   0.0001465037
46  110    0  0.0   0    -0.03389195    0.006421981  -3.447273e-05   1.718332e-07  -4.923811e-10   6.504783e-13       235.9552   0.0002214503
46  110    0  0.0   1    -0.02636022    0.005941653   -2.51609e-05   8.756932e-08  -1.405866e-10   1.041384e-13       238.1899   0.0001925522
47  110    0  0.0   0    -0.01900013    0.005659806  -1.965784e-05   3.915121e-08   5.294219e-11  -1.888609e-13       244.7473   0.0002127404
47  110    0  0.0   1    -0.02727355    0.006128433  -2.900558e-05   1.231347e-07  -2.944435e-10   3.465104e-13       245.5664   0.0001757768
48  110    0  0.0   0    -0.03032251    0.006156107  -2.850324e-05   1.111178e-07  -2.258149e-10   2.211101e-13       251.7423   0.0002109599
48  110    0  0.0   1    -0.02551271    0.006062507  -2.688272e-05   9.657667e-08  -1.603614e-10   1.054361e-13        252.227   0.0002304764
49  110    0  0.0   0    -0.00305694    0.005104758  -1.186939e-05  -8.075473e-09   1.669843e-10  -2.688124e-13       259.0702   0.0002172983
49  110    0  0.0   1    -0.01798769    0.005928884  -2.680183e-05   1.160545e-07  -3.106923e-10   4.155255e-13       258.9207   0.0001934024
50  110    0  0.0   0    -0.02946749    0.006231652  -2.986403e-05   1.212938e-07  -2.478347e-10   2.268207e-13       232.5956   0.0001955603
50  110    0  0.0   1    -0.02063652    0.005929392  -2.518566e-05   8.663817e-08  -1.246015e-10   6.025324e-14       232.3254   0.0002085204
51  110    0  0.0   0    -0.02953697    0.006146565  -2.778633e-05   1.019368e-07   -1.79709e-10   1.489812e-13       240.3544    0.000170035
51  110    0  0.0   1    -0.03054837    0.006425266  -3.533319e-05   1.857408e-07  -5.820494e-10   8.412461e-13       238.6017   0.0002445438
52  110    0  0.0   0    -0.02598836    0.006093529  -2.865427e-05    1.20931e-07  -2.883514e-10   3.368185e-13       246.5118   0.0002048276
52  110    0  0.0   1    -0.02902074    0.006371986  -3.323761e-05   1.571698e-07  -4.285978e-10   5.531871e-13       244.9843   0.0002129398
53  110    0  0.0   0    -0.02155158    0.006006622  -2.776934e-05   1.177213e-07  -2.953276e-10   3.762355e-13       251.4636   0.0002420518
53  110    0  0.0   1    -0.01923434     0.00610705  -3.002511e-05   1.371185e-07  -3.634192e-10   4.548178e-13        255.408   7.518146e-05
54  110    0  0.0   0    -0.01281444    0.005810825  -2.619191e-05   1.150653e-07  -3.151954e-10   4.279366e-13       259.8395   0.0001835961
54  110    0  0.0   1     -0.0146578    0.006053023  -2.921165e-05   1.299104e-07  -3.421545e-10   4.364196e-13       260.4212   0.0002068311
55  110    0  0.0   0   -0.006416344    0.005874055  -2.765302e-05    1.17783e-07  -3.074082e-10   3.688917e-13       295.1604   0.0001347286
55  110    0  0.0   1      0.0037635    0.005698355  -2.524313e-05   1.020987e-07  -2.578595e-10   3.075464e-13       294.5348   0.0002989224
0  125    0  0.0   0    -0.05431922    0.005749875  -1.615263e-05  -9.986942e-08   1.827347e-09  -1.234945e-11         94.249   0.0005185897
0  125    0  0.0   1    -0.06623475    0.007161072  -4.943131e-05  -4.889531e-08   6.997069e-09  -4.900375e-11         94.249   0.0005226178
1  125    0  0.0   0     -0.0754417     0.00783505  -6.528646e-05   6.308102e-08   9.051337e-09  -7.110119e-11        90.4582   0.0005676732
1  125    0  0.0   1     -0.1011401     0.01038091  -0.0001495208   1.438055e-06  -2.728096e-09  -2.767894e-11       94.07746   0.0005044422
2  125    0  0.0   0    -0.05952949    0.006376172  -3.273254e-05  -6.890248e-10   3.866304e-09  -2.833433e-11       91.84693   0.0004883289
2  125    0  0.0   1    -0.08417524    0.008471731  -7.426705e-05   8.730693e-08   8.429901e-09    -6.0174e-11       97.64673   0.0005065974
3  125    0  0.0   0     -0.0574817    0.006360381  -3.162065e-05  -9.232455e-09   3.272051e-09  -2.128837e-11       96.94339   0.0004717589
3  125    0  0.0   1     -0.0665342    0.007282306  -5.032548e-05   1.568472e-08   5.894621e-09  -4.000443e-11       103.9131   0.0004659903
4  125    0  0.0   0    -0.05862996    0.006592839  -3.696502e-05   2.016333e-08     3.5328e-09  -2.314314e-11       102.1688   0.0004670632
4  125    0  0.0   1    -0.06914812     0.00745683  -5.156932e-05   6.008343e-08    4.28801e-09   -2.73296e-11        102.644   0.0004578866
5  125    0  0.0   0    -0.01506978    0.002545705   0.0001141281  -2.603209e-06   2.473885e-08  -8.739329e-11       111.8069    0.000462654
5  125    0  0.0   1    -0.07810089    0.009259426  -0.0001327592   1.622822e-06  -9.357216e-09    1.73334e-11       107.7443    0.000479668
6  125    0  0.0   0    -0.07866173     0.00775059  -5.704361e-05   8.930149e-08    3.98888e-09  -2.351851e-11       109.9624   0.0005144689
6  125    0  0.0   1    -0.06242016    0.006883923  -3.875953e-05    2.21747e-08   2.637303e-09  -1.428751e-11       110.5209   0.0005021622
7  125    0  0.0   0    -0.05794535    0.006112798  -2.656451e-05   3.261887e-09   1.641981e-09  -8.802395e-12       121.4559   0.0005123083
7  125    0  0.0   1    -0.04920279    0.006274256  -2.876382e-05   2.862961e-09   1.857339e-09  -9.755435e-12         121.75   0.0004470069
8  125    0  0.0   0    -0.07417389    0.008313797   -9.13173e-05   8.718789e-07  -3.508687e-09   2.562664e-12         124.95   0.0003536177
8  125    0  0.0   1    -0.01967261    0.002528335   0.0001021378  -2.060644e-06   1.716339e-08  -5.259274e-11       130.0455   0.0003256711
9  125    0  0.0   0    -0.05298797    0.006298848  -2.117098e-05  -2.096468e-07   3.882294e-09  -1.543866e-11        144.253   0.0002924335
9  125    0  0.0   1    -0.03665977    0.004485185   3.298035e-05  -9.708756e-07    8.90793e-09  -2.795895e-11         143.74   0.0002904452
10  125    0  0.0   0     -0.0647332    0.006782007  -2.710167e-05  -1.497224e-07   3.077173e-09  -1.143833e-11        155.814   0.0002834078
10  125    0  0.0   1    -0.07158626    0.006943019  -3.711235e-05   3.776168e-08   1.696965e-09  -7.917037e-12       163.4222   0.0003226958
11  125    0  0.0   0    -0.06112401       0.006201  -1.493934e-05  -2.211058e-07   2.786436e-09  -8.657362e-12         159.82   0.0003125917
11  125    0  0.0   1    -0.05464446    0.005543271   -1.12627e-07  -3.865875e-07   3.697398e-09  -1.064649e-11         163.75   0.0003414656
12  125    0  0.0   0    -0.07009278    0.006476272  -2.617183e-05   -8.54412e-09   9.900513e-10  -3.312363e-12       169.7641   0.0002711424
12  125    0  0.0   1    -0.04849658    0.005050522   1.081326e-05  -4.467625e-07   3.412935e-09   -8.35709e-12       172.5752   0.0002141514
13  125    0  0.0   0    -0.03664612    0.004798343   1.121572e-05  -3.872544e-07   2.703354e-09  -6.075843e-12       183.6784    0.000248401
13  125    0  0.0   1    -0.05716385    0.006410455   -2.72363e-05   1.002827e-08   8.849766e-10  -3.089824e-12       180.4075   0.0002783857
14  125    0  0.0   0    -0.06994535    0.007270408   -3.91164e-05  -2.073327e-08   2.360049e-09  -9.487372e-12       157.3161   0.0003155972
14  125    0  0.0   1    -0.06035453    0.006605393  -3.149028e-05   1.326308e-08   1.476512e-09  -6.216917e-12       152.2347   0.0003098377
15  125    0  0.0   0    -0.05845832    0.006811682   -3.35847e-05   2.381679e-08   1.259146e-09  -5.034215e-12       174.6457    0.000228438
15  125    0  0.0   1    -0.06135254    0.006506806   -2.48654e-05  -1.047874e-07   2.165412e-09   -7.33989e-12         166.89   0.0003828439
16  125    0  0.0   0    -0.07299652    0.006876467  -3.255737e-05   1.458013e-08    1.13732e-09   -4.15412e-12         183.07   0.0002887271
16  125    0  0.0   1     -0.0554161    0.005080284   1.102497e-05  -4.531531e-07   3.443831e-09  -8.429751e-12         183.07   0.0003267125
17  125    0  0.0   0    -0.05280228    0.005048458   1.395098e-05  -4.532148e-07   3.084659e-09  -6.835829e-12       208.1079   0.0002768034
17  125    0  0.0   1    -0.06391675    0.005488306   2.683791e-06  -3.482459e-07   2.684788e-09  -6.320307e-12          203.7    0.000338104
18  125    0  0.0   0    -0.08762735    0.008026405  -6.252865e-05    4.25259e-07  -1.583916e-09   2.494465e-12            190   0.0002782736
18  125    0  0.0   1     -0.0676766    0.006035269  -2.019621e-05  -7.705541e-09   5.230448e-10  -1.409536e-12       193.3408   0.0003387049
19  125    0  0.0   0    -0.08175753    0.007921588  -5.994017e-05   3.971909e-07  -1.494271e-09   2.488617e-12        194.025   0.0004792928
19  125    0  0.0   1     -0.0858387    0.008146897  -7.532629e-05   6.280041e-07  -2.819006e-09   5.100363e-12        194.025   0.0005873209
20  125    0  0.0   0     -0.0530783    0.006370819  -2.632501e-05     5.6059e-09   8.773119e-10  -3.075063e-12       180.1843   0.0001918666
20  125    0  0.0   1    -0.04720114    0.005643589  -6.876645e-06  -2.231919e-07   2.082667e-09  -5.365876e-12       177.7493   0.0002367339
21  125    0  0.0   0    -0.03051629    0.004490463    2.39001e-05  -5.769796e-07   3.871413e-09  -8.625127e-12          189.3   0.0002158049
21  125    0  0.0   1    -0.03700714    0.004719039   1.822878e-05  -5.117224e-07   3.534829e-09  -7.997054e-12          189.3   0.0002904682
22  125    0  0.0   0    -0.05284394    0.006650475  -3.417527e-05      1.091e-07   1.546843e-10  -1.108296e-12         192.65   0.0002363156
22  125    0  0.0   1    -0.04455278    0.006063783  -2.197771e-05   1.331185e-09   5.722344e-10  -1.701562e-12         192.65   0.0002820152
23  125    0  0.0   0    -0.03014886     0.00516507   5.430358e-07  -2.450059e-07   1.769499e-09   -3.82954e-12         206.64   0.0002588191
23  125    0  0.0   1    -0.02013488     0.00444446   1.642733e-05  -4.002647e-07   2.453612e-09  -4.920542e-12         206.64   0.0001305497
24  125    0  0.0   0    -0.02162852    0.004613676   1.481042e-05  -3.953786e-07   2.420689e-09  -4.773525e-12          224.4   0.0002250982
24  125    0  0.0   1    -0.02091342    0.004715226   8.377646e-06  -3.041087e-07   1.921737e-09  -3.836979e-12          224.4   0.0001804399
25  125    0  0.0   0    0.001534295    0.003520587   2.972232e-05   -4.63874e-07   2.411179e-09  -4.276047e-12       247.7498   0.0002618547
25  125    0  0.0   1    -0.01246528    0.004009772   1.995549e-05  -3.693509e-07   1.976672e-09  -3.526638e-12          234.6   0.0001608835
26  125    0  0.0   0    -0.03366194    0.004987322  -8.160322e-07  -1.815803e-07   1.298914e-09  -2.749957e-12       194.3251    0.000319767
26  125    0  0.0   1    -0.05951261     0.00667365  -3.810794e-05   1.916352e-07  -4.421445e-10   3.329344e-13       193.2214   0.0003316557
27  125    0  0.0   0    -0.05625019    0.006105668  -2.161332e-05  -2.151352e-09    5.27947e-10  -1.440249e-12         202.55   0.0003667753
27  125    0  0.0   1    -0.05032968    0.005550357  -6.582562e-06  -1.738791e-07     1.4102e-09  -3.116727e-12       204.6736   0.0003073011
28  125    0  0.0   0    -0.05852645    0.006269281  -2.262765e-05  -2.203391e-09   5.171104e-10  -1.343448e-12         208.78   0.0002660869
28  125    0  0.0   1    -0.04857033    0.005942467  -2.255097e-05   5.370801e-08   5.492778e-11   -2.73681e-13         208.78   0.0003482529
29  125    0  0.0   0    -0.02327642    0.004998816  -3.185089e-06  -1.318096e-07   8.698998e-10     -1.616e-12         214.94   0.0003224619
29  125    0  0.0   1    -0.02815505    0.005206197  -7.506824e-06  -9.417513e-08   7.294849e-10  -1.436202e-12         214.94   0.0003014157
30  125    0  0.0   0    -0.01945662    0.005377813  -1.161746e-05  -5.155151e-08    5.06836e-10  -9.926841e-13         221.66   0.0002252951
30  125    0  0.0   1    -0.04756649    0.006955203  -4.221278e-05   2.107342e-07  -5.267719e-10   5.422011e-13         221.66   0.0002427734
31  125    0  0.0   0    -0.01291674    0.005047237  -3.076714e-06  -1.491769e-07    9.94698e-10  -1.888039e-12         239.84   0.0001591222
31  125    0  0.0   1    -0.01737928    0.005042763  -1.899726e-06   -1.61353e-07   1.033006e-09  -1.913705e-12         239.84   0.0001221397
32  125    0  0.0   0    -0.05086522    0.006881267  -4.286081e-05   2.238525e-07   -5.20751e-10   3.205437e-13       204.8055   0.0003599022
32  125    0  0.0   1    -0.04370403    0.006304888  -2.902821e-05   9.437925e-08   -2.03533e-11   -3.05661e-13       198.7934   0.0003966074
33  125    0  0.0   0    -0.05502448    0.007020449  -4.597929e-05   2.771196e-07  -9.422845e-10   1.427222e-12         207.74   0.0002651091
33  125    0  0.0   1    -0.03281159    0.005779324  -1.871411e-05   2.352958e-10   3.732531e-10  -9.393294e-13       211.6765   0.0002138358
34  125    0  0.0   0    -0.03515179    0.006195571  -2.762018e-05   9.021773e-08  -8.726356e-11  -2.003355e-14       214.5588   0.0002874083
34  125    0  0.0   1    -0.04502853    0.006471905  -3.219974e-05   1.319147e-07  -2.639683e-10    2.45492e-13         213.76   0.0003229844
35  125    0  0.0   0    -0.02342482    0.005550338  -1.557266e-05  -7.233883e-09   2.797297e-10  -5.727151e-13       226.0441   0.0002727273
35  125    0  0.0   1     -0.0279265    0.006041462  -2.812343e-05    1.20872e-07  -3.038469e-10   4.088816e-13       225.3564   0.0001454256
36  125    0  0.0   0     -0.0281801    0.006126637   -2.83684e-05   1.074421e-07  -1.803376e-10   1.022728e-13         234.85   0.0002414591
36  125    0  0.0   1    -0.01729289    0.005503442  -1.822398e-05   3.872629e-08   1.344022e-11   -6.42138e-14       235.8113   9.623017e-05
37  125    0  0.0   0     -0.0114355    0.005318697  -1.396813e-05   -6.06098e-09   2.215117e-10  -4.255099e-13       246.5429   0.0001088289
37  125    0  0.0   1    -0.01038669    0.005540659  -2.108935e-05   8.053479e-08   -2.18995e-10   3.667814e-13        238.858   0.0003014378
38  125    0  0.0   0    -0.01504676    0.005226059  -1.250017e-05  -1.066793e-08   2.176806e-10  -3.602761e-13       215.0888    0.000260454
38  125    0  0.0   1    -0.02765385    0.006031015  -2.982673e-05   1.618956e-07  -5.965068e-10   1.109253e-12       209.5854   0.0003765672
39  125    0  0.0   0    -0.01448524    0.005333499   -1.45447e-05   -6.18322e-09   2.787303e-10  -6.061839e-13       221.2356   0.0002155799
39  125    0  0.0   1    -0.03914217    0.006801875  -4.509869e-05    2.89076e-07  -1.041607e-09   1.588938e-12       223.6528   0.0001415966
40  125    0  0.0   0    -0.02729387    0.006359001  -4.216919e-05   3.161296e-07  -1.374919e-09   2.431346e-12       223.7355    0.000359435
40  125    0  0.0   1    -0.01617412    0.005727812  -2.558178e-05   1.232807e-07  -3.893928e-10   6.220631e-13       226.2653   0.0003487261
41  125    0  0.0   0     -0.0256245    0.006060729  -2.830864e-05   1.171875e-07  -2.685949e-10   3.249891e-13       231.8217   0.0004362041
41  125    0  0.0   1   0.0007547869    0.004961266  -1.090589e-05  -8.753982e-09   1.677408e-10  -2.786776e-13       236.6442   0.0002395414
42  125    0  0.0   0     0.01008475    0.003950076    1.57837e-05  -2.817213e-07   1.352977e-09  -2.124227e-12       244.2488   0.0002080815
42  125    0  0.0   1     0.01519076    0.003829685    1.67629e-05  -2.835571e-07   1.348464e-09  -2.116417e-12       248.4478   0.0001516013
43  125    0  0.0   0    -0.02942912    0.006322638  -3.273384e-05   1.505336e-07  -3.847778e-10   4.533067e-13       252.0392   5.457237e-05
43  125    0  0.0   1   -0.001504687    0.004973654  -7.886714e-06  -5.678319e-08   4.090207e-10  -6.820873e-13       257.7296   3.145403e-13
44  125    0  0.0   0    -0.04807509    0.007080811  -5.174974e-05   3.618532e-07   -1.40643e-09   2.259501e-12       221.3381   0.0003366126
44  125    0  0.0   1    -0.02001299    0.005308821   -1.36374e-05  -7.461681e-09   2.364571e-10  -4.628786e-13       225.7516   0.0001621048
45  125    0  0.0   0   -0.008998068    0.004920133  -8.779638e-06  -1.713172e-08   1.148518e-10  -2.419513e-14       229.9098   0.0002159372
45  125    0  0.0   1    -0.03471907    0.005920792  -1.951139e-05   5.129724e-10   3.403701e-10  -7.831136e-13       234.5273   0.0001111745
46  125    0  0.0   0    -0.01276495    0.005303571  -1.319388e-05  -8.566058e-09   1.919048e-10  -2.912221e-13       236.5563    0.000261917
46  125    0  0.0   1    -0.03513752    0.006747645   -4.64383e-05   3.185372e-07  -1.231819e-09    1.96105e-12       235.7539   0.0002854644
47  125    0  0.0   0    -0.01948648     0.00566911  -1.786031e-05    4.55345e-09   2.545033e-10  -5.605484e-13       244.8876   0.0003064986
47  125    0  0.0   1    -0.01077839    0.005223792  -9.638212e-06  -6.072498e-08   4.892587e-10  -8.816965e-13         251.25   4.699623e-05
48  125    0  0.0   0    -0.03163012    0.006520576  -4.036653e-05   2.440441e-07  -8.430602e-10   1.241365e-12       248.7459   0.0001682052
48  125    0  0.0   1   -0.007792691    0.005054813  -6.701877e-06   -7.60949e-08   4.913378e-10  -7.914305e-13       247.7533   0.0004633153
49  125    0  0.0   0   -0.006223158    0.005906342  -3.395822e-05   2.159786e-07  -7.976588e-10   1.220368e-12         254.75   0.0003186932
49  125    0  0.0   1     0.01273473    0.004390774   2.383929e-06  -1.336331e-07   6.559394e-10  -9.617431e-13       262.5126   0.0001668717
50  125    0  0.0   0    -0.02743136     0.00693871  -5.278615e-05   3.732778e-07  -1.402553e-09   2.118583e-12       230.6927   0.0004331926
50  125    0  0.0   1   -0.002431572    0.005203999  -1.287003e-05  -1.097755e-08   2.247301e-10  -3.879017e-13       230.2507   0.0004006337
51  125    0  0.0   0    -0.01347755    0.005438534  -1.545221e-05  -4.569428e-09   2.693716e-10  -5.834983e-13       246.1674   4.900927e-05
51  125    0  0.0   1   -0.004223645    0.005118927  -1.150258e-05  -1.269056e-08   1.814967e-10   -2.58464e-13       236.9124   0.0003276798
52  125    0  0.0   0   -0.008368464    0.005117796  -1.185733e-05  -8.189664e-09   1.771792e-10  -3.072549e-13       245.8873   0.0006603852
52  125    0  0.0   1   -0.008495704    0.005655469  -2.470354e-05   1.103705e-07  -3.072711e-10   4.361085e-13       246.0519    1.99043e-12
53  125    0  0.0   0    -0.01848184    0.006035889  -3.129049e-05   1.685807e-07   -5.53448e-10   8.060635e-13       251.7685   1.727278e-05
53  125    0  0.0   1    -0.01309253    0.006063974  -3.289968e-05   1.832791e-07   -5.96456e-10   8.341178e-13       252.8711   2.743536e-05
54  125    0  0.0   0     0.01359046    0.004764779  -9.918625e-06  -7.917487e-09   1.313371e-10  -1.876871e-13       260.8747   0.0001442592
54  125    0  0.0   1    0.002821094    0.005233345  -1.395535e-05  -3.204953e-09   1.935231e-10  -3.602958e-13       259.6432   7.577289e-14
55  125    0  0.0   0    0.001171913    0.005727312  -2.618756e-05    1.09157e-07  -2.771312e-10   3.167428e-13       298.1089   0.0009999997
55  125    0  0.0   1     0.01703562    0.005106661  -1.563675e-05   3.285231e-08  -2.589044e-11    5.08532e-15       300.2501          0.001
