0 60 
 1 61 
 2 58 
 3 59 
 4 56 
 5 54 
 6 50 
 7 46 
 8 45 
 9 47 
 10 48 
 11 52 
 12 54 
 13 57 
 14 62 
 15 61 
 16 54 
 17 44 
 18 40 
 19 30 
 20 26 
 21 22 
 22 22 
 23 21 
 24 22 
 25 21 
 26 22 
 27 24 
 28 28 
 29 41 
 30 46 
 31 55 
 32 58 
 33 59 
 34 54 
 35 49 
 36 47 
 37 46 
 38 44 
 39 44 
 40 47 
 41 47 
 42 53 
 43 56 
 44 53 
 45 51 
 46 54 
 47 58 
 48 39 
 49 39 
 50 40 
 51 40 
 52 43 
 53 42 
 54 37 
 55 37 
 56 30 
 57 30 
 58 31 
 59 32 
 60 33 
 61 33 
 62 37 
 63 37 
 64 35 
 65 28 
 66 20 
 67 15 
 68 14 
 69 11 
 70 12 
 71 11 
 72 12 
 73 11 
 74 11 
 75 12 
 76 15 
 77 19 
 78 29 
 79 34 
 80 35 
 81 36 
 82 34 
 83 31 
 84 28 
 85 31 
 86 27 
 87 29 
 88 32 
 89 30 
 90 33 
 91 35 
 92 35 
 93 34 
 94 38 
 95 38 
 96 18 
 97 22 
 98 19 
 99 19 
 100 23 
 101 21 
 102 21 
 103 20 
 104 20 
 105 25 
 106 21 
 107 15 
 108 15 
 109 14 
 110 13 
 111 13 
 112 14 
 113 13 
 114 13 
 115 14 
 116 16 
 117 14 
 118 14 
 119 11 
 120 9 
 121 7 
 122 7 
 123 6 
 124 5 
 125 6 
 126 5 
 127 5 
 128 5 
 129 5 
 130 5 
 131 6 
 132 5 
 133 6 
 134 7 
 135 7 
 136 11 
 137 12 
 138 13 
 139 13 
 140 15 
 141 13 
 142 12 
 143 12 
 144 12 
 145 11 
 146 11 
 147 12 
 148 13 
 149 13 
 150 12 
 151 13 
 152 13 
 153 16 
 154 14 
 155 16 
 156 16 
 157 17 
 158 17 
 159 18 
 160 12 
 161 12 
 162 13 
 163 13 
 164 13 
 165 14 
 166 15 
 167 14 
 168 18 
 169 22 
 170 16 
 171 11 
 172 10 
 173 10 
 174 8 
 175 221 
 176 222 
 177 223 
 178 224 
 179 10 
 180 225 
 181 226 
 182 237 
 183 7 
 184 6 
 185 5 
 186 4 
 187 4 
 188 4 
 189 4 
 190 4 
 191 4 
 192 4 
 193 4 
 194 4 
 195 4 
 196 4 
 197 4 
 198 5 
 199 5 
 200 7 
 201 238 
 202 227 
 203 228 
 204 229 
 205 8 
 206 230 
 207 239 
 208 231 
 209 240 
 210 7 
 211 7 
 212 241 
 213 242 
 214 242 
 215 11 
 216 8 
 217 10 
 218 10 
 219 10 
 220 10 
 221 11 
 222 12 
 223 13 
 224 10 
 225 233 
 226 11 
 227 234 
 228 11 
 229 11 
 230 13 
 231 11 
 232 12 
 233 14 
 234 13 
 235 10 
 236 243 
 237 7 
 238 244 
 239 7 
 240 6 
 241 7 
 242 7 
 243 7 
 244 7 
 245 7 
 246 6 
 247 5 
 248 5 
 249 4 
 250 4 
 251 4 
 252 5 
 253 3 
 254 3 
 255 3 
 256 3 
 257 4 
 258 3 
 259 4 
 260 3 
 261 4 
 262 4 
 263 5 
 264 5 
 265 6 
 266 7 
 267 7 
 268 7 
 269 6 
 270 7 
 271 6 
 272 6 
 273 6 
 274 6 
 275 6 
 276 6 
 277 7 
 278 245 
 279 246 
 280 7 
 281 247 
 282 248 
 283 249 
 284 235 
 285 250 
 286 10 
 287 11 
 288 6 
 289 7 
 290 5 
 291 7 
 292 7 
 293 6 
 294 5 
 295 7 
 296 6 
 297 7 
 298 6 
 299 7 
 300 251 
 301 236 
 302 7 
 303 6 
 304 6 
 305 6 
 306 4 
 307 5 
 308 4 
 309 4 
 310 5 
 311 4 
 312 3 
 313 4 
 314 3 
 315 3 
 316 4 
 317 4 
 318 4 
 319 4 
 320 3 
 321 3 
 322 3 
 323 3 
 324 3 
 325 3 
 326 2 
 327 2 
 328 2 
 329 2 
 330 2 
 331 2 
 332 2 
 333 2 
 334 1 
 335 1 
 336 2 
 337 2 
 338 1 
 339 2 
 340 1 
 341 2 
 342 2 
 343 2 
 344 2 
 345 1 
 346 2 
 347 3 
 348 2 
 349 3 
 350 3 
 351 4 
 352 4 
 353 3 
 354 3 
 355 3 
 356 3 
 357 3 
 358 3 
 359 3 
 360 3 
 361 4 
 362 3 
 363 3 
 364 3 
 365 3 
 366 4 
 367 3 
 368 4 
 369 4 
 370 5 
 371 5 
 372 5 
 373 4 
 374 5 
 375 5 
 376 5 
 377 6 
 378 5 
 379 6 
 380 5 
 381 5 
 382 5 
 383 6 
 384 6 
 385 6 
 386 6 
 387 6 
 388 6 
 389 6 
 390 5 
 391 6 
 392 6 
 393 6 
 394 5 
 395 7 
 396 6 
 397 5 
 398 5 
 399 7 
 400 5 
 401 5 
 402 4 
 403 4 
 404 4 
 405 4 
 406 4 
 407 4 
 408 3 
 409 4 
 410 4 
 411 4 
 412 3 
 413 3 
 414 4 
 415 4 
 416 3 
 417 3 
 418 4 
 419 3 
 420 2 
 421 3 
 422 2 
 423 2 
 424 2 
 425 2 
 426 2 
 427 1 
 428 2 
 429 2 
 430 2 
 431 1 
 432 1 
 433 1 
 434 1 
 435 2 
 436 1 
 437 1 
 438 2 
 439 2 
 440 1 
 441 2 
 442 2 
 443 2 
 444 2 
 445 2 
 446 2 
 447 3 
 448 3 
 449 3 
 450 4 
 451 3 
 452 3 
 453 3 
 454 3 
 455 3 
 456 3 
 457 3 
 458 3 
 459 4 
 460 3 
 461 3 
 462 3 
 463 4 
 464 4 
 465 3 
 466 3 
 467 4 
 468 4 
 469 3 
 470 5 
 471 5 
 472 5 
 473 5 
 474 5 
 475 5 
 476 6 
 477 6 
 478 6 
 479 6 
 480 6 
 481 6 
 482 6 
 483 5 
 484 6 
 485 6 
 486 6 
 487 6 
 488 7 
 489 6 
 490 6 
 491 7 
 492 7 
 493 6 
 494 5 
 495 6 
 496 6 
 497 6 
 498 5 
 499 5 
 500 6 
 501 5 
 502 4 
 503 4 
 504 4 
 505 4 
 506 4 
 507 4 
 508 4 
 509 4 
 510 4 
 511 4 
 512 4 
 513 3 
 514 4 
 515 3 
 516 3 
 517 3 
 518 2 
 519 2 
 520 2 
 521 2 
 522 2 
 523 2 
 524 1 
 525 2 
 526 2 
 527 2 
 528 2 
 529 1 
 530 1 
 531 1 
 532 1 
 533 1 
 534 2 
 535 2 
 536 2 
 537 1 
 538 2 
 539 2 
 540 3 
 541 2 
 542 2 
 543 3 
 544 4 
 545 3 
 546 3 
 547 3 
 548 3 
 549 3 
 550 3 
 551 3 
 552 3 
 553 3 
 554 3 
 555 4 
 556 3 
 557 4 
 558 4 
 559 4 
 560 4 
 561 4 
 562 4 
 563 4 
 564 5 
 565 5 
 566 4 
 567 5 
 568 6 
 569 5 
 570 5 
 571 5 
 572 6 
 573 6 
 574 7 
 575 6 
 576 5 
 577 6 
 578 6 
 579 6 
 580 6 
 581 5 
 582 6 
 583 5 
 584 5 
 585 7 
 586 6 
 587 6 
 588 6 
 589 6 
 590 6 
 591 5 
 592 6 
 593 5 
 594 5 
 595 5 
 596 5 
 597 5 
 598 5 
 599 4 
 600 4 
 601 4 
 602 4 
 603 4 
 604 3 
 605 3 
 606 3 
 607 4 
 608 3 
 609 3 
 610 3 
 611 3 
 612 3 
 613 2 
 614 3 
 615 2 
 616 2 
 617 2 
 618 2 
 619 2 
 620 2 
 621 2 
 622 2 
 623 2 
 624 1 
 625 1 
 626 1 
 627 2 
 628 2 
 629 2 
 630 1 
 631 2 
 632 1 
 633 2 
 634 3 
 635 2 
 636 2 
 637 2 
 638 2 
 639 3 
 640 2 
 641 3 
 642 3 
 643 3 
 644 3 
 645 3 
 646 3 
 647 2 
 648 3 
 649 3 
 650 3 
 651 3 
 652 3 
 653 3 
 654 3 
 655 3 
 656 3 
 657 4 
 658 4 
 659 4 
 660 4 
 661 5 
 662 5 
 663 5 
 664 6 
 665 6 
 666 5 
 667 6 
 668 5 
 669 6 
 670 5 
 671 6 
 672 6 
 673 6 
 674 6 
 675 6 
 676 7 
 677 6 
 678 6 
 679 6 
 680 6 
 681 5 
 682 6 
 683 6 
 684 7 
 685 6 
 686 6 
 687 6 
 688 6 
 689 5 
 690 6 
 691 5 
 692 5 
 693 5 
 694 5 
 695 5 
 696 5 
 697 4 
 698 4 
 699 4 
 700 4 
 701 5 
 702 4 
 703 4 
 704 3 
 705 4 
 706 4 
 707 3 
 708 3 
 709 2 
 710 3 
 711 3 
 712 2 
 713 2 
 714 2 
 715 2 
 716 2 
 717 2 
 718 2 
 719 1 
 720 2 
 721 2 
 722 1 
 723 2 
 724 1 
 725 1 
 726 2 
 727 2 
 728 1 
 729 1 
 730 1 
 731 2 
 732 2 
 733 2 
 734 2 
 735 2 
 736 2 
 737 2 
 738 2 
 739 3 
 740 2 
 741 3 
 742 3 
 743 2 
 744 3 
 745 3 
 746 3 
 747 3 
 748 3 
 749 3 
 750 3 
 751 4 
 752 3 
 753 4 
 754 4 
 755 4 
 756 4 
 757 5 
 758 5 
 759 5 
 760 5 
 761 6 
 762 5 
 763 6 
 764 6 
 765 6 
 766 6 
 767 6 
 768 5 
 769 6 
 770 6 
 771 6 
 772 5 
 773 5 
 774 6 
 775 6 
 776 7 
 777 5 
 778 7 
 779 7 
 780 6 
 781 7 
 782 7 
 783 7 
 784 6 
 785 6 
 786 7 
 787 5 
 788 6 
 789 5 
 790 5 
 791 5 
 792 4 
 793 5 
 794 5 
 795 4 
 796 4 
 797 4 
 798 4 
 799 5 
 800 4 
 801 4 
 802 4 
 803 3 
 804 2 
 805 3 
 806 3 
 807 3 
 808 3 
 809 3 
 810 2 
 811 2 
 812 1 
 813 2 
 814 1 
 815 2 
 816 2 
 817 1 
 818 2 
 819 2 
 820 2 
 821 2 
 822 2 
 823 2 
 824 2 
 825 2 
 826 2 
 827 2 
 828 2 
 829 2 
 830 2 
 831 2 
 832 3 
 833 3 
 834 3 
 835 3 
 836 3 
 837 3 
 838 3 
 839 3 
 840 3 
 841 4 
 842 3 
 843 3 
 844 4 
 845 4 
 846 3 
 847 3 
 848 4 
 849 4 
 850 4 
 851 4 
 852 5 
 853 5 
 854 5 
 855 6 
 856 5 
 857 5 
 858 5 
 859 6 
 860 6 
 861 6 
 862 6 
 863 6 
 864 3 
 865 4 
 866 4 
 867 4 
 868 3 
 869 3 
 870 4 
 871 4 
 872 4 
 873 3 
 874 4 
 875 4 
 876 4 
 877 4 
 878 4 
 879 4 
 880 4 
 881 4 
 882 5 
 883 5 
 884 3 
 885 3 
 886 4 
 887 4 
 888 4 
 889 3 
 890 3 
 891 3 
 892 3 
 893 3 
 894 3 
 895 3 
 896 3 
 897 4 
 898 4 
 899 3 
 900 3 
 901 2 
 902 3 
 903 3 
 904 3 
 905 3 
 906 2 
 907 2 
 908 2 
 909 2 
 910 3 
 911 2 
 912 2 
 913 2 
 914 2 
 915 2 
 916 2 
 917 1 
 918 2 
 919 1 
 920 2 
 921 2 
 922 2 
 923 1 
 924 1 
 925 1 
 926 1 
 927 1 
 928 0 
 929 1 
 930 1 
 931 1 
 932 1 
 933 1 
 934 1 
 935 1 
 936 1 
 937 1 
 938 1 
 939 1 
 940 1 
 941 1 
 942 0 
 943 0 
 944 1 
 945 1 
 946 1 
 947 0 
 948 1 
 949 1 
 950 1 
 951 1 
 952 1 
 953 0 
 954 1 
 955 1 
 956 1 
 957 1 
 958 1 
 959 1 
 960 1 
 961 1 
 962 1 
 963 1 
 964 1 
 965 1 
 966 1 
 967 1 
 968 2 
 969 2 
 970 2 
 971 1 
 972 2 
 973 2 
 974 2 
 975 2 
 976 2 
 977 2 
 978 2 
 979 3 
 980 2 
 981 2 
 982 3 
 983 3 
 984 3 
 985 3 
 986 2 
 987 2 
 988 3 
 989 3 
 990 3 
 991 3 
 992 3 
 993 2 
 994 3 
 995 3 
 996 3 
 997 3 
 998 3 
 999 3 
 1000 3 
 1001 3 
 1002 3 
 1003 4 
 1004 4 
 1005 4 
 1006 3 
 1007 3 
 1008 3 
 1009 4 
 1010 4 
 1011 4 
 1012 4 
 1013 4 
 1014 4 
 1015 4 
 1016 4 
 1017 4 
 1018 4 
 1019 5 
 1020 5 
 1021 5 
 1022 5 
 1023 5 
 1024 5 
 1025 4 
 1026 5 
 1027 5 
 1028 4 
 1029 4 
 1030 4 
 1031 4 
 1032 4 
 1033 4 
 1034 4 
 1035 4 
 1036 4 
 1037 4 
 1038 3 
 1039 3 
 1040 3 
 1041 4 
 1042 4 
 1043 4 
 1044 3 
 1045 4 
 1046 4 
 1047 3 
 1048 4 
 1049 3 
 1050 3 
 1051 2 
 1052 2 
 1053 3 
 1054 2 
 1055 3 
 1056 2 
 1057 2 
 1058 2 
 1059 2 
 1060 3 
 1061 2 
 1062 2 
 1063 2 
 1064 2 
 1065 2 
 1066 2 
 1067 2 
 1068 2 
 1069 1 
 1070 2 
 1071 1 
 1072 1 
 1073 1 
 1074 1 
 1075 1 
 1076 1 
 1077 1 
 1078 1 
 1079 1 
 1080 1 
 1081 0 
 1082 1 
 1083 1 
 1084 1 
 1085 1 
 1086 0 
 1087 1 
 1088 1 
 1089 1 
 1090 0 
 1091 1 
 1092 1 
 1093 1 
 1094 1 
 1095 1 
 1096 1 
 1097 1 
 1098 1 
 1099 1 
 1100 1 
 1101 1 
 1102 1 
 1103 1 
 1104 1 
 1105 1 
 1106 1 
 1107 2 
 1108 2 
 1109 2 
 1110 2 
 1111 2 
 1112 2 
 1113 2 
 1114 2 
 1115 2 
 1116 2 
 1117 2 
 1118 2 
 1119 2 
 1120 3 
 1121 2 
 1122 3 
 1123 3 
 1124 3 
 1125 3 
 1126 2 
 1127 2 
 1128 3 
 1129 3 
 1130 3 
 1131 3 
 1132 3 
 1133 3 
 1134 3 
 1135 3 
 1136 3 
 1137 4 
 1138 3 
 1139 4 
 1140 4 
 1141 3 
 1142 4 
 1143 4 
 1144 3 
 1145 4 
 1146 3 
 1147 3 
 1148 4 
 1149 4 
 1150 4 
 1151 4 
 1152 77 
 1153 75 
 1154 75 
 1155 76 
 1156 80 
 1157 79 
 1158 77 
 1159 77 
 1160 78 
 1161 76 
 1162 81 
 1163 76 
 1164 77 
 1165 82 
 1166 76 
 1167 79 
 1168 78 
 1169 77 
 1170 84 
 1171 81 
 1172 81 
 1173 79 
 1174 81 
 1175 80 
 1176 78 
 1177 79 
 1178 79 
 1179 79 
 1180 81 
 1181 80 
 1182 75 
 1183 78 
 1184 80 
 1185 80 
 1186 79 
 1187 77 
 1188 75 
 1189 76 
 1190 77 
 1191 73 
 1192 76 
 1193 73 
 1194 73 
 1195 74 
 1196 74 
 1197 76 
 1198 72 
 1199 72 
 1200 71 
 1201 71 
 1202 71 
 1203 70 
 1204 72 
 1205 71 
 1206 69 
 1207 69 
 1208 71 
 1209 70 
 1210 69 
 1211 68 
 1212 69 
 1213 67 
 1214 66 
 1215 68 
 1216 67 
 1217 66 
 1218 66 
 1219 65 
 1220 65 
 1221 66 
 1222 65 
 1223 64 
 1224 65 
 1225 65 
 1226 64 
 1227 63 
 1228 65 
 1229 65 
 1230 64 
 1231 64 
 1232 64 
 1233 63 
 1234 66 
 1235 64 
 1236 64 
 1237 65 
 1238 66 
 1239 66 
 1240 64 
 1241 64 
 1242 66 
 1243 65 
 1244 65 
 1245 65 
 1246 68 
 1247 65 
 1248 65 
 1249 66 
 1250 66 
 1251 66 
 1252 67 
 1253 68 
 1254 68 
 1255 68 
 1256 68 
 1257 69 
 1258 68 
 1259 69 
 1260 68 
 1261 69 
 1262 67 
 1263 69 
 1264 71 
 1265 70 
 1266 70 
 1267 70 
 1268 71 
 1269 70 
 1270 71 
 1271 70 
 1272 72 
 1273 72 
 1274 70 
 1275 73 
 1276 72 
 1277 74 
 1278 73 
 1279 73 
 1280 75 
 1281 74 
 1282 75 
 1283 74 
 1284 74 
 1285 73 
 1286 74 
 1287 77 
 1288 75 
 1289 74 
 1290 78 
 1291 78 
 1292 74 
 1293 77 
 1294 77 
 1295 79 
 1296 81 
 1297 79 
 1298 80 
 1299 82 
 1300 82 
 1301 83 
 1302 82 
 1303 81 
 1304 83 
 1305 87 
 1306 84 
 1307 83 
 1308 82 
 1309 86 
 1310 83 
 1311 82 
 1312 81 
 1313 88 
 1314 87 
 1315 86 
 1316 87 
 1317 84 
 1318 87 
 1319 82 
 1320 80 
 1321 82 
 1322 81 
 1323 82 
 1324 81 
 1325 84 
 1326 81 
 1327 82 
 1328 79 
 1329 82 
 1330 82 
 1331 81 
 1332 76 
 1333 77 
 1334 80 
 1335 82 
 1336 81 
 1337 78 
 1338 82 
 1339 78 
 1340 80 
 1341 77 
 1342 75 
 1343 78 
 1344 78 
 1345 74 
 1346 75 
 1347 77 
 1348 75 
 1349 75 
 1350 73 
 1351 73 
 1352 75 
 1353 73 
 1354 73 
 1355 72 
 1356 73 
 1357 70 
 1358 73 
 1359 69 
 1360 71 
 1361 71 
 1362 69 
 1363 69 
 1364 68 
 1365 67 
 1366 66 
 1367 67 
 1368 68 
 1369 67 
 1370 66 
 1371 67 
 1372 67 
 1373 66 
 1374 68 
 1375 67 
 1376 66 
 1377 66 
 1378 67 
 1379 68 
 1380 67 
 1381 67 
 1382 68 
 1383 69 
 1384 69 
 1385 71 
 1386 71 
 1387 71 
 1388 70 
 1389 70 
 1390 71 
 1391 71 
 1392 71 
 1393 73 
 1394 72 
 1395 70 
 1396 72 
 1397 72 
 1398 70 
 1399 71 
 1400 71 
 1401 72 
 1402 73 
 1403 73 
 1404 73 
 1405 74 
 1406 73 
 1407 73 
 1408 74 
 1409 77 
 1410 74 
 1411 74 
 1412 77 
 1413 75 
 1414 75 
 1415 74 
 1416 77 
 1417 77 
 1418 78 
 1419 78 
 1420 75 
 1421 77 
 1422 78 
 1423 78 
 1424 78 
 1425 76 
 1426 80 
 1427 79 
 1428 77 
 1429 76 
 1430 77 
 1431 78 
 1432 81 
 1433 76 
 1434 77 
 1435 82 
 1436 78 
 1437 79 
 1438 81 
 1439 82 
 1440 85 
 1441 83 
 1442 86 
 1443 84 
 1444 85 
 1445 89 
 1446 89 
 1447 87 
 1448 90 
 1449 88 
 1450 86 
 1451 90 
 1452 88 
 1453 92 
 1454 90 
 1455 89 
 1456 90 
 1457 86 
 1458 91 
 1459 86 
 1460 89 
 1461 90 
 1462 89 
 1463 86 
 1464 89 
 1465 89 
 1466 88 
 1467 88 
 1468 84 
 1469 87 
 1470 85 
 1471 86 
 1472 84 
 1473 86 
 1474 83 
 1475 88 
 1476 84 
 1477 89 
 1478 88 
 1479 83 
 1480 85 
 1481 85 
 1482 82 
 1483 85 
 1484 87 
 1485 84 
 1486 82 
 1487 85 
 1488 80 
 1489 81 
 1490 82 
 1491 82 
 1492 82 
 1493 75 
 1494 79 
 1495 78 
 1496 79 
 1497 75 
 1498 75 
 1499 76 
 1500 75 
 1501 72 
 1502 73 
 1503 74 
 1504 70 
 1505 71 
 1506 71 
 1507 70 
 1508 70 
 1509 69 
 1510 68 
 1511 66 
 1512 68 
 1513 68 
 1514 71 
 1515 70 
 1516 70 
 1517 69 
 1518 69 
 1519 69 
 1520 68 
 1521 68 
 1522 69 
 1523 70 
 1524 69 
 1525 70 
 1526 75 
 1527 72 
 1528 70 
 1529 72 
 1530 71 
 1531 73 
 1532 70 
 1533 73 
 1534 74 
 1535 73 
 1536 74 
 1537 75 
 1538 74 
 1539 75 
 1540 76 
 1541 73 
 1542 74 
 1543 77 
 1544 76 
 1545 76 
 1546 76 
 1547 78 
 1548 76 
 1549 76 
 1550 78 
 1551 78 
 1552 81 
 1553 75 
 1554 77 
 1555 81 
 1556 76 
 1557 78 
 1558 80 
 1559 80 
 1560 81 
 1561 82 
 1562 81 
 1563 83 
 1564 82 
 1565 82 
 1566 81 
 1567 81 
 1568 79 
 1569 83 
 1570 86 
 1571 81 
 1572 84 
 1573 81 
 1574 85 
 1575 84 
 1576 86 
 1577 83 
 1578 83 
 1579 86 
 1580 84 
 1581 82 
 1582 83 
 1583 85 
 1584 86 
 1585 85 
 1586 88 
 1587 87 
 1588 91 
 1589 89 
 1590 93 
 1591 91 
 1592 92 
 1593 93 
 1594 93 
 1595 93 
 1596 94 
 1597 97 
 1598 94 
 1599 92 
 1600 94 
 1601 94 
 1602 94 
 1603 93 
 1604 92 
 1605 94 
 1606 96 
 1607 90 
 1608 89 
 1609 91 
 1610 91 
 1611 90 
 1612 88 
 1613 91 
 1614 92 
 1615 93 
 1616 88 
 1617 90 
 1618 89 
 1619 90 
 1620 92 
 1621 85 
 1622 87 
 1623 85 
 1624 87 
 1625 91 
 1626 87 
 1627 86 
 1628 86 
 1629 88 
 1630 88 
 1631 86 
 1632 85 
 1633 86 
 1634 84 
 1635 81 
 1636 84 
 1637 82 
 1638 80 
 1639 82 
 1640 79 
 1641 77 
 1642 81 
 1643 77 
 1644 77 
 1645 75 
 1646 79 
 1647 75 
 1648 74 
 1649 73 
 1650 73 
 1651 74 
 1652 73 
 1653 71 
 1654 70 
 1655 70 
 1656 71 
 1657 69 
 1658 71 
 1659 70 
 1660 70 
 1661 70 
 1662 71 
 1663 69 
 1664 70 
 1665 70 
 1666 70 
 1667 70 
 1668 71 
 1669 72 
 1670 72 
 1671 72 
 1672 74 
 1673 73 
 1674 74 
 1675 72 
 1676 74 
 1677 75 
 1678 80 
 1679 76 
 1680 77 
 1681 75 
 1682 79 
 1683 78 
 1684 77 
 1685 77 
 1686 76 
 1687 80 
 1688 79 
 1689 76 
 1690 76 
 1691 78 
 1692 77 
 1693 80 
 1694 80 
 1695 82 
 1696 83 
 1697 81 
 1698 78 
 1699 81 
 1700 82 
 1701 82 
 1702 83 
 1703 82 
 1704 83 
 1705 85 
 1706 86 
 1707 89 
 1708 84 
 1709 85 
 1710 85 
 1711 86 
 1712 85 
 1713 86 
 1714 91 
 1715 85 
 1716 86 
 1717 84 
 1718 85 
 1719 87 
 1720 88 
 1721 87 
 1722 84 
 1723 89 
 1724 88 
 1725 91 
 1726 86 
 1727 86 
 1728 89 
 1729 92 
 1730 94 
 1731 89 
 1732 93 
 1733 92 
 1734 94 
 1735 97 
 1736 99 
 1737 98 
 1738 96 
 1739 99 
 1740 96 
 1741 101 
 1742 96 
 1743 99 
 1744 97 
 1745 96 
 1746 96 
 1747 96 
 1748 98 
 1749 95 
 1750 98 
 1751 97 
 1752 97 
 1753 93 
 1754 97 
 1755 96 
 1756 93 
 1757 92 
 1758 91 
 1759 96 
 1760 94 
 1761 95 
 1762 90 
 1763 96 
 1764 92 
 1765 92 
 1766 92 
 1767 90 
 1768 95 
 1769 90 
 1770 93 
 1771 89 
 1772 89 
 1773 92 
 1774 89 
 1775 89 
 1776 89 
 1777 91 
 1778 88 
 1779 88 
 1780 85 
 1781 88 
 1782 84 
 1783 81 
 1784 80 
 1785 82 
 1786 83 
 1787 81 
 1788 80 
 1789 79 
 1790 78 
 1791 77 
 1792 79 
 1793 76 
 1794 76 
 1795 77 
 1796 74 
 1797 71 
 1798 71 
 1799 70 
 1800 69 
 1801 71 
 1802 71 
 1803 72 
 1804 74 
 1805 73 
 1806 72 
 1807 72 
 1808 70 
 1809 70 
 1810 71 
 1811 74 
 1812 73 
 1813 73 
 1814 72 
 1815 71 
 1816 75 
 1817 76 
 1818 77 
 1819 75 
 1820 75 
 1821 77 
 1822 76 
 1823 78 
 1824 76 
 1825 79 
 1826 77 
 1827 78 
 1828 77 
 1829 78 
 1830 81 
 1831 81 
 1832 79 
 1833 79 
 1834 84 
 1835 82 
 1836 82 
 1837 83 
 1838 83 
 1839 83 
 1840 85 
 1841 84 
 1842 82 
 1843 85 
 1844 86 
 1845 83 
 1846 86 
 1847 83 
 1848 83 
 1849 91 
 1850 85 
 1851 86 
 1852 86 
 1853 86 
 1854 89 
 1855 86 
 1856 90 
 1857 88 
 1858 93 
 1859 90 
 1860 93 
 1861 88 
 1862 87 
 1863 92 
 1864 86 
 1865 90 
 1866 89 
 1867 93 
 1868 89 
 1869 92 
 1870 90 
 1871 90 
 1872 91 
 1873 94 
 1874 91 
 1875 93 
 1876 97 
 1877 98 
 1878 97 
 1879 95 
 1880 97 
 1881 97 
 1882 101 
 1883 98 
 1884 99 
 1885 103 
 1886 100 
 1887 99 
 1888 99 
 1889 100 
 1890 101 
 1891 101 
 1892 99 
 1893 100 
 1894 104 
 1895 101 
 1896 100 
 1897 96 
 1898 97 
 1899 97 
 1900 98 
 1901 97 
 1902 93 
 1903 100 
 1904 96 
 1905 98 
 1906 97 
 1907 99 
 1908 92 
 1909 95 
 1910 99 
 1911 92 
 1912 93 
 1913 88 
 1914 92 
 1915 93 
 1916 91 
 1917 93 
 1918 89 
 1919 95 
 1920 90 
 1921 91 
 1922 86 
 1923 88 
 1924 91 
 1925 89 
 1926 84 
 1927 85 
 1928 84 
 1929 85 
 1930 84 
 1931 81 
 1932 84 
 1933 82 
 1934 81 
 1935 81 
 1936 82 
 1937 80 
 1938 78 
 1939 78 
 1940 75 
 1941 75 
 1942 73 
 1943 74 
 1944 72 
 1945 73 
 1946 73 
 1947 71 
 1948 75 
 1949 73 
 1950 74 
 1951 75 
 1952 73 
 1953 74 
 1954 73 
 1955 73 
 1956 74 
 1957 75 
 1958 72 
 1959 76 
 1960 74 
 1961 76 
 1962 77 
 1963 77 
 1964 77 
 1965 80 
 1966 81 
 1967 79 
 1968 79 
 1969 79 
 1970 78 
 1971 81 
 1972 78 
 1973 78 
 1974 78 
 1975 83 
 1976 81 
 1977 82 
 1978 81 
 1979 80 
 1980 84 
 1981 85 
 1982 86 
 1983 86 
 1984 87 
 1985 84 
 1986 85 
 1987 84 
 1988 87 
 1989 84 
 1990 86 
 1991 86 
 1992 88 
 1993 90 
 1994 88 
 1995 89 
 1996 88 
 1997 88 
 1998 89 
 1999 90 
 2000 91 
 2001 91 
 2002 92 
 2003 88 
 2004 91 
 2005 90 
 2006 90 
 2007 92 
 2008 91 
 2009 92 
 2010 88 
 2011 98 
 2012 93 
 2013 93 
 2014 93 
 2015 91 
 2016 93 
 2017 94 
 2018 94 
 2019 92 
 2020 99 
 2021 91 
 2022 95 
 2023 99 
 2024 98 
 2025 101 
 2026 100 
 2027 97 
 2028 105 
 2029 104 
 2030 100 
 2031 103 
 2032 103 
 2033 105 
 2034 99 
 2035 102 
 2036 98 
 2037 99 
 2038 103 
 2039 101 
 2040 101 
 2041 96 
 2042 99 
 2043 98 
 2044 96 
 2045 97 
 2046 100 
 2047 105 
 2048 96 
 2049 96 
 2050 98 
 2051 97 
 2052 98 
 2053 100 
 2054 96 
 2055 95 
 2056 99 
 2057 94 
 2058 92 
 2059 93 
 2060 93 
 2061 96 
 2062 93 
 2063 91 
 2064 92 
 2065 96 
 2066 88 
 2067 90 
 2068 90 
 2069 88 
 2070 88 
 2071 87 
 2072 84 
 2073 86 
 2074 86 
 2075 81 
 2076 86 
 2077 85 
 2078 79 
 2079 84 
 2080 79 
 2081 81 
 2082 81 
 2083 80 
 2084 77 
 2085 73 
 2086 75 
 2087 74 
 2088 73 
 2089 72 
 2090 74 
 2091 74 
 2092 77 
 2093 75 
 2094 73 
 2095 76 
 2096 74 
 2097 73 
 2098 73 
 2099 74 
 2100 75 
 2101 77 
 2102 73 
 2103 75 
 2104 79 
 2105 77 
 2106 76 
 2107 79 
 2108 79 
 2109 81 
 2110 80 
 2111 77 
 2112 81 
 2113 79 
 2114 79 
 2115 80 
 2116 79 
 2117 82 
 2118 83 
 2119 85 
 2120 82 
 2121 84 
 2122 85 
 2123 82 
 2124 85 
 2125 87 
 2126 85 
 2127 85 
 2128 89 
 2129 86 
 2130 89 
 2131 86 
 2132 91 
 2133 84 
 2134 88 
 2135 90 
 2136 89 
 2137 92 
 2138 87 
 2139 88 
 2140 87 
 2141 88 
 2142 91 
 2143 92 
 2144 92 
 2145 92 
 2146 94 
 2147 92 
 2148 91 
 2149 94 
 2150 98 
 2151 91 
 2152 91 
 2153 94 
 2154 92 
 2155 96 
 2156 92 
 2157 93 
 2158 91 
 2159 92 
 2160 93 
 2161 94 
 2162 95 
 2163 96 
 2164 98 
 2165 98 
 2166 96 
 2167 101 
 2168 99 
 2169 96 
 2170 103 
 2171 103 
 2172 106 
 2173 104 
 2174 104 
 2175 106 
 2176 98 
 2177 101 
 2178 102 
 2179 105 
 2180 100 
 2181 102 
 2182 106 
 2183 101 
 2184 101 
 2185 100 
 2186 101 
 2187 98 
 2188 101 
 2189 99 
 2190 98 
 2191 103 
 2192 98 
 2193 98 
 2194 97 
 2195 99 
 2196 96 
 2197 95 
 2198 98 
 2199 97 
 2200 99 
 2201 93 
 2202 93 
 2203 94 
 2204 97 
 2205 97 
 2206 96 
 2207 94 
 2208 94 
 2209 96 
 2210 92 
 2211 90 
 2212 90 
 2213 92 
 2214 87 
 2215 87 
 2216 87 
 2217 87 
 2218 88 
 2219 85 
 2220 83 
 2221 83 
 2222 82 
 2223 83 
 2224 81 
 2225 82 
 2226 82 
 2227 81 
 2228 76 
 2229 77 
 2230 75 
 2231 74 
 2232 73 
 2233 73 
 2234 74 
 2235 76 
 2236 76 
 2237 73 
 2238 77 
 2239 75 
 2240 75 
 2241 74 
 2242 73 
 2243 75 
 2244 75 
 2245 78 
 2246 76 
 2247 77 
 2248 77 
 2249 79 
 2250 79 
 2251 80 
 2252 79 
 2253 80 
 2254 84 
 2255 79 
 2256 80 
 2257 81 
 2258 82 
 2259 82 
 2260 82 
 2261 84 
 2262 84 
 2263 86 
 2264 81 
 2265 84 
 2266 83 
 2267 86 
 2268 86 
 2269 86 
 2270 88 
 2271 88 
 2272 89 
 2273 90 
 2274 88 
 2275 87 
 2276 89 
 2277 89 
 2278 90 
 2279 89 
 2280 90 
 2281 91 
 2282 88 
 2283 89 
 2284 90 
 2285 91 
 2286 92 
 2287 90 
 2288 91 
 2289 94 
 2290 95 
 2291 95 
 2292 98 
 2293 94 
 2294 94 
 2295 92 
 2296 89 
 2297 93 
 2298 95 
 2299 93 
 2300 95 
 2301 94 
 2302 94 
 2303 90 
 2304 96 
 2305 95 
 2306 96 
 2307 100 
 2308 102 
 2309 99 
 2310 99 
 2311 100 
 2312 103 
 2313 105 
 2314 103 
 2315 100 
 2316 104 
 2317 110 
 2318 104 
 2319 102 
 2320 104 
 2321 104 
 2322 101 
 2323 105 
 2324 103 
 2325 100 
 2326 107 
 2327 102 
 2328 107 
 2329 99 
 2330 102 
 2331 106 
 2332 104 
 2333 101 
 2334 104 
 2335 105 
 2336 96 
 2337 101 
 2338 99 
 2339 100 
 2340 98 
 2341 99 
 2342 97 
 2343 96 
 2344 100 
 2345 95 
 2346 97 
 2347 96 
 2348 96 
 2349 96 
 2350 97 
 2351 95 
 2352 93 
 2353 98 
 2354 94 
 2355 90 
 2356 95 
 2357 97 
 2358 88 
 2359 89 
 2360 90 
 2361 90 
 2362 92 
 2363 85 
 2364 85 
 2365 86 
 2366 84 
 2367 85 
 2368 83 
 2369 83 
 2370 82 
 2371 81 
 2372 78 
 2373 78 
 2374 77 
 2375 75 
 2376 75 
 2377 76 
 2378 75 
 2379 76 
 2380 77 
 2381 79 
 2382 77 
 2383 77 
 2384 74 
 2385 76 
 2386 77 
 2387 78 
 2388 77 
 2389 79 
 2390 78 
 2391 77 
 2392 79 
 2393 79 
 2394 81 
 2395 79 
 2396 80 
 2397 78 
 2398 82 
 2399 82 
 2400 84 
 2401 84 
 2402 81 
 2403 84 
 2404 83 
 2405 85 
 2406 84 
 2407 88 
 2408 84 
 2409 84 
 2410 88 
 2411 86 
 2412 85 
 2413 87 
 2414 86 
 2415 89 
 2416 91 
 2417 89 
 2418 88 
 2419 88 
 2420 92 
 2421 92 
 2422 89 
 2423 92 
 2424 93 
 2425 95 
 2426 92 
 2427 88 
 2428 94 
 2429 91 
 2430 92 
 2431 95 
 2432 97 
 2433 94 
 2434 99 
 2435 95 
 2436 96 
 2437 91 
 2438 93 
 2439 93 
 2440 95 
 2441 94 
 2442 96 
 2443 93 
 2444 94 
 2445 96 
 2446 96 
 2447 99 
 2448 98 
 2449 95 
 2450 101 
 2451 97 
 2452 101 
 2453 99 
 2454 96 
 2455 103 
 2456 102 
 2457 102 
 2458 104 
 2459 105 
 2460 104 
 2461 104 
 2462 103 
 2463 103 
 2464 104 
 2465 105 
 2466 107 
 2467 105 
 2468 100 
 2469 99 
 2470 112 
 2471 103 
 2472 105 
 2473 102 
 2474 106 
 2475 104 
 2476 102 
 2477 103 
 2478 104 
 2479 107 
 2480 98 
 2481 99 
 2482 100 
 2483 96 
 2484 96 
 2485 99 
 2486 101 
 2487 97 
 2488 101 
 2489 99 
 2490 97 
 2491 96 
 2492 101 
 2493 101 
 2494 99 
 2495 98 
 2496 96 
 2497 98 
 2498 99 
 2499 94 
 2500 92 
 2501 92 
 2502 92 
 2503 89 
 2504 90 
 2505 88 
 2506 91 
 2507 87 
 2508 86 
 2509 85 
 2510 85 
 2511 84 
 2512 85 
 2513 84 
 2514 78 
 2515 81 
 2516 80 
 2517 78 
 2518 76 
 2519 75 
 2520 74 
 2521 77 
 2522 76 
 2523 79 
 2524 79 
 2525 76 
 2526 78 
 2527 75 
 2528 77 
 2529 80 
 2530 77 
 2531 80 
 2532 77 
 2533 79 
 2534 81 
 2535 77 
 2536 81 
 2537 83 
 2538 80 
 2539 82 
 2540 81 
 2541 80 
 2542 83 
 2543 82 
 2544 81 
 2545 82 
 2546 83 
 2547 83 
 2548 84 
 2549 85 
 2550 84 
 2551 88 
 2552 88 
 2553 87 
 2554 87 
 2555 88 
 2556 87 
 2557 91 
 2558 93 
 2559 91 
 2560 93 
 2561 91 
 2562 89 
 2563 91 
 2564 89 
 2565 91 
 2566 93 
 2567 90 
 2568 94 
 2569 96 
 2570 93 
 2571 93 
 2572 93 
 2573 91 
 2574 95 
 2575 92 
 2576 95 
 2577 93 
 2578 97 
 2579 94 
 2580 98 
 2581 94 
 2582 97 
 2583 97 
 2584 98 
 2585 98 
 2586 96 
 2587 101 
 2588 96 
 2589 96 
 2590 96 
 2591 97 
 2592 96 
 2593 99 
 2594 94 
 2595 103 
 2596 100 
 2597 99 
 2598 101 
 2599 102 
 2600 105 
 2601 101 
 2602 107 
 2603 103 
 2604 102 
 2605 106 
 2606 102 
 2607 113 
 2608 105 
 2609 107 
 2610 104 
 2611 104 
 2612 107 
 2613 105 
 2614 112 
 2615 103 
 2616 101 
 2617 103 
 2618 106 
 2619 102 
 2620 102 
 2621 103 
 2622 100 
 2623 107 
 2624 102 
 2625 100 
 2626 100 
 2627 100 
 2628 95 
 2629 101 
 2630 101 
 2631 97 
 2632 104 
 2633 103 
 2634 98 
 2635 99 
 2636 98 
 2637 97 
 2638 97 
 2639 97 
 2640 98 
 2641 100 
 2642 94 
 2643 97 
 2644 92 
 2645 92 
 2646 94 
 2647 92 
 2648 91 
 2649 90 
 2650 94 
 2651 89 
 2652 88 
 2653 91 
 2654 86 
 2655 86 
 2656 88 
 2657 85 
 2658 82 
 2659 86 
 2660 80 
 2661 80 
 2662 78 
 2663 75 
 2664 77 
 2665 76 
 2666 79 
 2667 77 
 2668 80 
 2669 80 
 2670 79 
 2671 79 
 2672 80 
 2673 80 
 2674 80 
 2675 83 
 2676 80 
 2677 80 
 2678 79 
 2679 78 
 2680 82 
 2681 82 
 2682 82 
 2683 83 
 2684 82 
 2685 83 
 2686 86 
 2687 83 
 2688 83 
 2689 85 
 2690 83 
 2691 85 
 2692 86 
 2693 86 
 2694 86 
 2695 89 
 2696 85 
 2697 88 
 2698 91 
 2699 86 
 2700 90 
 2701 90 
 2702 91 
 2703 91 
 2704 96 
 2705 90 
 2706 94 
 2707 93 
 2708 92 
 2709 93 
 2710 93 
 2711 95 
 2712 92 
 2713 95 
 2714 95 
 2715 96 
 2716 94 
 2717 94 
 2718 96 
 2719 96 
 2720 96 
 2721 98 
 2722 103 
 2723 96 
 2724 95 
 2725 95 
 2726 97 
 2727 100 
 2728 92 
 2729 97 
 2730 97 
 2731 101 
 2732 98 
 2733 94 
 2734 95 
 2735 96 
 2736 99 
 2737 99 
 2738 96 
 2739 98 
 2740 101 
 2741 99 
 2742 102 
 2743 101 
 2744 102 
 2745 105 
 2746 105 
 2747 104 
 2748 103 
 2749 111 
 2750 106 
 2751 107 
 2752 108 
 2753 106 
 2754 109 
 2755 105 
 2756 109 
 2757 108 
 2758 110 
 2759 104 
 2760 105 
 2761 103 
 2762 103 
 2763 102 
 2764 105 
 2765 103 
 2766 105 
 2767 108 
 2768 107 
 2769 100 
 2770 101 
 2771 103 
 2772 100 
 2773 100 
 2774 102 
 2775 100 
 2776 101 
 2777 99 
 2778 96 
 2779 98 
 2780 99 
 2781 96 
 2782 101 
 2783 95 
 2784 98 
 2785 97 
 2786 97 
 2787 96 
 2788 94 
 2789 95 
 2790 92 
 2791 95 
 2792 93 
 2793 92 
 2794 95 
 2795 91 
 2796 89 
 2797 90 
 2798 89 
 2799 88 
 2800 87 
 2801 89 
 2802 85 
 2803 84 
 2804 82 
 2805 81 
 2806 78 
 2807 77 
 2808 77 
 2809 77 
 2810 77 
 2811 81 
 2812 83 
 2813 80 
 2814 81 
 2815 79 
 2816 82 
 2817 80 
 2818 82 
 2819 83 
 2820 81 
 2821 84 
 2822 81 
 2823 81 
 2824 81 
 2825 85 
 2826 81 
 2827 85 
 2828 85 
 2829 86 
 2830 88 
 2831 82 
 2832 85 
 2833 84 
 2834 84 
 2835 84 
 2836 87 
 2837 85 
 2838 87 
 2839 90 
 2840 88 
 2841 91 
 2842 91 
 2843 89 
 2844 94 
 2845 94 
 2846 93 
 2847 92 
 2848 97 
 2849 93 
 2850 93 
 2851 97 
 2852 93 
 2853 94 
 2854 93 
 2855 93 
 2856 94 
 2857 98 
 2858 97 
 2859 94 
 2860 96 
 2861 95 
 2862 97 
 2863 95 
 2864 98 
 2865 97 
 2866 101 
 2867 99 
 2868 99 
 2869 97 
 2870 95 
 2871 99 
 2872 96 
 2873 97 
 2874 99 
 2875 96 
 2876 96 
 2877 96 
 2878 95 
 2879 96 
 2880 97 
 2881 101 
 2882 99 
 2883 100 
 2884 101 
 2885 100 
 2886 101 
 2887 102 
 2888 104 
 2889 105 
 2890 104 
 2891 105 
 2892 104 
 2893 107 
 2894 107 
 2895 103 
 2896 106 
 2897 108 
 2898 109 
 2899 107 
 2900 107 
 2901 106 
 2902 110 
 2903 102 
 2904 106 
 2905 104 
 2906 106 
 2907 107 
 2908 105 
 2909 102 
 2910 104 
 2911 110 
 2912 101 
 2913 100 
 2914 102 
 2915 103 
 2916 106 
 2917 107 
 2918 102 
 2919 98 
 2920 103 
 2921 100 
 2922 100 
 2923 98 
 2924 101 
 2925 99 
 2926 99 
 2927 96 
 2928 96 
 2929 100 
 2930 95 
 2931 96 
 2932 96 
 2933 92 
 2934 95 
 2935 94 
 2936 93 
 2937 91 
 2938 94 
 2939 95 
 2940 93 
 2941 89 
 2942 88 
 2943 88 
 2944 88 
 2945 87 
 2946 87 
 2947 87 
 2948 83 
 2949 80 
 2950 79 
 2951 76 
 2952 76 
 2953 77 
 2954 79 
 2955 81 
 2956 80 
 2957 82 
 2958 83 
 2959 83 
 2960 83 
 2961 78 
 2962 80 
 2963 80 
 2964 82 
 2965 83 
 2966 85 
 2967 86 
 2968 83 
 2969 85 
 2970 84 
 2971 85 
 2972 88 
 2973 84 
 2974 86 
 2975 86 
 2976 85 
 2977 85 
 2978 85 
 2979 92 
 2980 90 
 2981 88 
 2982 87 
 2983 93 
 2984 90 
 2985 92 
 2986 90 
 2987 90 
 2988 91 
 2989 96 
 2990 94 
 2991 95 
 2992 98 
 2993 95 
 2994 96 
 2995 96 
 2996 94 
 2997 93 
 2998 94 
 2999 97 
 3000 96 
 3001 95 
 3002 97 
 3003 97 
 3004 95 
 3005 95 
 3006 96 
 3007 97 
 3008 97 
 3009 95 
 3010 100 
 3011 97 
 3012 98 
 3013 98 
 3014 95 
 3015 98 
 3016 97 
 3017 97 
 3018 96 
 3019 96 
 3020 97 
 3021 94 
 3022 96 
 3023 98 
 3024 99 
 3025 96 
 3026 99 
 3027 98 
 3028 102 
 3029 102 
 3030 105 
 3031 104 
 3032 105 
 3033 105 
 3034 102 
 3035 103 
 3036 103 
 3037 110 
 3038 106 
 3039 107 
 3040 106 
 3041 105 
 3042 109 
 3043 106 
 3044 109 
 3045 107 
 3046 107 
 3047 108 
 3048 108 
 3049 106 
 3050 105 
 3051 105 
 3052 106 
 3053 105 
 3054 105 
 3055 109 
 3056 102 
 3057 101 
 3058 101 
 3059 100 
 3060 101 
 3061 104 
 3062 101 
 3063 103 
 3064 104 
 3065 99 
 3066 95 
 3067 99 
 3068 97 
 3069 98 
 3070 103 
 3071 96 
 3072 97 
 3073 101 
 3074 95 
 3075 99 
 3076 99 
 3077 97 
 3078 95 
 3079 95 
 3080 92 
 3081 96 
 3082 98 
 3083 94 
 3084 95 
 3085 94 
 3086 90 
 3087 88 
 3088 91 
 3089 91 
 3090 90 
 3091 87 
 3092 86 
 3093 84 
 3094 80 
 3095 80 
 3096 79 
 3097 78 
 3098 80 
 3099 81 
 3100 84 
 3101 83 
 3102 84 
 3103 84 
 3104 83 
 3105 82 
 3106 83 
 3107 86 
 3108 80 
 3109 85 
 3110 85 
 3111 88 
 3112 86 
 3113 88 
 3114 90 
 3115 86 
 3116 86 
 3117 87 
 3118 89 
 3119 89 
 3120 88 
 3121 85 
 3122 86 
 3123 89 
 3124 89 
 3125 87 
 3126 88 
 3127 93 
 3128 93 
 3129 91 
 3130 94 
 3131 95 
 3132 94 
 3133 93 
 3134 94 
 3135 95 
 3136 97 
 3137 94 
 3138 93 
 3139 96 
 3140 95 
 3141 96 
 3142 96 
 3143 96 
 3144 98 
 3145 101 
 3146 97 
 3147 96 
 3148 97 
 3149 97 
 3150 100 
 3151 98 
 3152 99 
 3153 96 
 3154 99 
 3155 101 
 3156 96 
 3157 100 
 3158 97 
 3159 101 
 3160 95 
 3161 95 
 3162 96 
 3163 102 
 3164 99 
 3165 95 
 3166 96 
 3167 99 
 3168 97 
 3169 98 
 3170 95 
 3171 100 
 3172 105 
 3173 101 
 3174 102 
 3175 102 
 3176 102 
 3177 102 
 3178 102 
 3179 100 
 3180 105 
 3181 106 
 3182 103 
 3183 105 
 3184 108 
 3185 107 
 3186 106 
 3187 108 
 3188 107 
 3189 107 
 3190 108 
 3191 101 
 3192 104 
 3193 105 
 3194 106 
 3195 103 
 3196 106 
 3197 103 
 3198 102 
 3199 110 
 3200 105 
 3201 103 
 3202 102 
 3203 99 
 3204 101 
 3205 103 
 3206 98 
 3207 98 
 3208 105 
 3209 101 
 3210 103 
 3211 97 
 3212 95 
 3213 102 
 3214 101 
 3215 100 
 3216 98 
 3217 100 
 3218 100 
 3219 95 
 3220 96 
 3221 96 
 3222 95 
 3223 93 
 3224 95 
 3225 95 
 3226 100 
 3227 91 
 3228 90 
 3229 93 
 3230 90 
 3231 90 
 3232 89 
 3233 89 
 3234 89 
 3235 85 
 3236 84 
 3237 86 
 3238 82 
 3239 80 
 3240 78 
 3241 80 
 3242 81 
 3243 84 
 3244 86 
 3245 83 
 3246 85 
 3247 81 
 3248 86 
 3249 83 
 3250 86 
 3251 84 
 3252 81 
 3253 88 
 3254 83 
 3255 87 
 3256 86 
 3257 85 
 3258 87 
 3259 86 
 3260 89 
 3261 85 
 3262 91 
 3263 90 
 3264 88 
 3265 86 
 3266 89 
 3267 90 
 3268 91 
 3269 89 
 3270 90 
 3271 96 
 3272 92 
 3273 92 
 3274 92 
 3275 95 
 3276 94 
 3277 97 
 3278 95 
 3279 95 
 3280 100 
 3281 96 
 3282 97 
 3283 94 
 3284 97 
 3285 96 
 3286 97 
 3287 98 
 3288 96 
 3289 99 
 3290 96 
 3291 95 
 3292 97 
 3293 99 
 3294 98 
 3295 95 
 3296 97 
 3297 101 
 3298 101 
 3299 100 
 3300 100 
 3301 97 
 3302 98 
 3303 98 
 3304 95 
 3305 98 
 3306 100 
 3307 101 
 3308 97 
 3309 98 
 3310 98 
 3311 99 
 3312 97 
 3313 98 
 3314 98 
 3315 98 
 3316 100 
 3317 101 
 3318 100 
 3319 104 
 3320 104 
 3321 102 
 3322 104 
 3323 103 
 3324 103 
 3325 111 
 3326 106 
 3327 103 
 3328 105 
 3329 106 
 3330 108 
 3331 105 
 3332 105 
 3333 104 
 3334 111 
 3335 105 
 3336 103 
 3337 105 
 3338 113 
 3339 104 
 3340 104 
 3341 107 
 3342 104 
 3343 109 
 3344 101 
 3345 104 
 3346 101 
 3347 102 
 3348 103 
 3349 99 
 3350 100 
 3351 99 
 3352 104 
 3353 100 
 3354 98 
 3355 101 
 3356 95 
 3357 97 
 3358 99 
 3359 98 
 3360 97 
 3361 106 
 3362 99 
 3363 96 
 3364 98 
 3365 96 
 3366 94 
 3367 98 
 3368 94 
 3369 92 
 3370 98 
 3371 97 
 3372 94 
 3373 93 
 3374 93 
 3375 88 
 3376 91 
 3377 88 
 3378 88 
 3379 91 
 3380 88 
 3381 87 
 3382 83 
 3383 79 
 3384 79 
 3385 80 
 3386 83 
 3387 81 
 3388 88 
 3389 85 
 3390 85 
 3391 88 
 3392 86 
 3393 83 
 3394 84 
 3395 86 
 3396 82 
 3397 90 
 3398 82 
 3399 85 
 3400 88 
 3401 87 
 3402 84 
 3403 85 
 3404 88 
 3405 89 
 3406 91 
 3407 88 
 3408 89 
 3409 89 
 3410 90 
 3411 92 
 3412 90 
 3413 87 
 3414 89 
 3415 94 
 3416 92 
 3417 91 
 3418 92 
 3419 92 
 3420 95 
 3421 96 
 3422 95 
 3423 99 
 3424 98 
 3425 97 
 3426 94 
 3427 96 
 3428 98 
 3429 101 
 3430 96 
 3431 99 
 3432 99 
 3433 104 
 3434 96 
 3435 95 
 3436 96 
 3437 97 
 3438 95 
 3439 98 
 3440 101 
 3441 99 
 3442 102 
 3443 96 
 3444 98 
 3445 97 
 3446 96 
 3447 97 
 3448 96 
 3449 100 
 3450 98 
 3451 97 
 3452 100 
 3453 97 
 3454 98 
 3455 96 
 3456 98 
 3457 99 
 3458 98 
 3459 99 
 3460 104 
 3461 102 
 3462 99 
 3463 101 
 3464 104 
 3465 104 
 3466 102 
 3467 103 
 3468 103 
 3469 110 
 3470 104 
 3471 108 
 3472 102 
 3473 106 
 3474 104 
 3475 108 
 3476 107 
 3477 105 
 3478 110 
 3479 103 
 3480 109 
 3481 108 
 3482 106 
 3483 105 
 3484 103 
 3485 102 
 3486 103 
 3487 106 
 3488 102 
 3489 104 
 3490 100 
 3491 99 
 3492 102 
 3493 99 
 3494 98 
 3495 102 
 3496 106 
 3497 100 
 3498 101 
 3499 100 
 3500 100 
 3501 99 
 3502 98 
 3503 100 
 3504 97 
 3505 105 
 3506 96 
 3507 96 
 3508 97 
 3509 97 
 3510 98 
 3511 95 
 3512 99 
 3513 95 
 3514 98 
 3515 96 
 3516 92 
 3517 92 
 3518 92 
 3519 88 
 3520 94 
 3521 92 
 3522 88 
 3523 89 
 3524 88 
 3525 84 
 3526 82 
 3527 80 
 3528 79 
 3529 80 
 3530 83 
 3531 81 
 3532 87 
 3533 85 
 3534 84 
 3535 88 
 3536 89 
 3537 86 
 3538 84 
 3539 85 
 3540 85 
 3541 88 
 3542 87 
 3543 89 
 3544 87 
 3545 92 
 3546 88 
 3547 89 
 3548 89 
 3549 93 
 3550 92 
 3551 89 
 3552 94 
 3553 91 
 3554 91 
 3555 91 
 3556 91 
 3557 92 
 3558 94 
 3559 98 
 3560 94 
 3561 95 
 3562 98 
 3563 92 
 3564 95 
 3565 96 
 3566 92 
 3567 97 
 3568 99 
 3569 96 
 3570 99 
 3571 96 
 3572 97 
 3573 103 
 3574 95 
 3575 99 
 3576 99 
 3577 103 
 3578 100 
 3579 101 
 3580 99 
 3581 100 
 3582 98 
 3583 98 
 3584 101 
 3585 98 
 3586 100 
 3587 96 
 3588 100 
 3589 99 
 3590 97 
 3591 101 
 3592 99 
 3593 96 
 3594 98 
 3595 102 
 3596 102 
 3597 97 
 3598 98 
 3599 97 
 3600 96 
 3601 100 
 3602 101 
 3603 98 
 3604 104 
 3605 98 
 3606 99 
 3607 99 
 3608 103 
 3609 105 
 3610 106 
 3611 107 
 3612 101 
 3613 109 
 3614 106 
 3615 103 
 3616 106 
 3617 105 
 3618 106 
 3619 107 
 3620 105 
 3621 109 
 3622 109 
 3623 106 
 3624 105 
 3625 105 
 3626 108 
 3627 103 
 3628 103 
 3629 102 
 3630 104 
 3631 110 
 3632 104 
 3633 102 
 3634 102 
 3635 104 
 3636 101 
 3637 99 
 3638 101 
 3639 102 
 3640 105 
 3641 102 
 3642 99 
 3643 99 
 3644 101 
 3645 96 
 3646 99 
 3647 98 
 3648 98 
 3649 103 
 3650 97 
 3651 97 
 3652 98 
 3653 96 
 3654 99 
 3655 95 
 3656 98 
 3657 94 
 3658 97 
 3659 93 
 3660 96 
 3661 91 
 3662 93 
 3663 93 
 3664 93 
 3665 90 
 3666 90 
 3667 93 
 3668 88 
 3669 85 
 3670 83 
 3671 82 
 3672 78 
 3673 80 
 3674 85 
 3675 84 
 3676 88 
 3677 84 
 3678 85 
 3679 88 
 3680 85 
 3681 84 
 3682 85 
 3683 86 
 3684 86 
 3685 90 
 3686 88 
 3687 88 
 3688 88 
 3689 88 
 3690 89 
 3691 88 
 3692 89 
 3693 94 
 3694 93 
 3695 89 
 3696 92 
 3697 92 
 3698 94 
 3699 93 
 3700 90 
 3701 92 
 3702 92 
 3703 95 
 3704 92 
 3705 93 
 3706 95 
 3707 94 
 3708 95 
 3709 95 
 3710 97 
 3711 95 
 3712 102 
 3713 97 
 3714 96 
 3715 100 
 3716 97 
 3717 99 
 3718 100 
 3719 98 
 3720 99 
 3721 103 
 3722 99 
 3723 98 
 3724 98 
 3725 103 
 3726 100 
 3727 101 
 3728 100 
 3729 100 
 3730 103 
 3731 99 
 3732 98 
 3733 99 
 3734 99 
 3735 100 
 3736 99 
 3737 100 
 3738 97 
 3739 99 
 3740 98 
 3741 96 
 3742 96 
 3743 98 
 3744 95 
 3745 99 
 3746 97 
 3747 99 
 3748 103 
 3749 100 
 3750 98 
 3751 101 
 3752 101 
 3753 103 
 3754 104 
 3755 102 
 3756 103 
 3757 107 
 3758 105 
 3759 102 
 3760 103 
 3761 104 
 3762 107 
 3763 104 
 3764 106 
 3765 105 
 3766 109 
 3767 106 
 3768 105 
 3769 108 
 3770 104 
 3771 99 
 3772 101 
 3773 99 
 3774 100 
 3775 106 
 3776 101 
 3777 103 
 3778 103 
 3779 99 
 3780 99 
 3781 101 
 3782 100 
 3783 103 
 3784 105 
 3785 101 
 3786 100 
 3787 101 
 3788 99 
 3789 96 
 3790 98 
 3791 97 
 3792 96 
 3793 102 
 3794 96 
 3795 96 
 3796 96 
 3797 95 
 3798 96 
 3799 96 
 3800 96 
 3801 96 
 3802 98 
 3803 94 
 3804 94 
 3805 96 
 3806 95 
 3807 92 
 3808 94 
 3809 92 
 3810 91 
 3811 92 
 3812 86 
 3813 85 
 3814 82 
 3815 79 
 3816 78 
 3817 82 
 3818 83 
 3819 85 
 3820 88 
 3821 87 
 3822 87 
 3823 87 
 3824 89 
 3825 88 
 3826 85 
 3827 87 
 3828 85 
 3829 93 
 3830 88 
 3831 88 
 3832 90 
 3833 92 
 3834 92 
 3835 90 
 3836 89 
 3837 88 
 3838 95 
 3839 92 
 3840 91 
 3841 91 
 3842 88 
 3843 94 
 3844 94 
 3845 91 
 3846 91 
 3847 97 
 3848 96 
 3849 96 
 3850 95 
 3851 97 
 3852 97 
 3853 93 
 3854 96 
 3855 97 
 3856 103 
 3857 96 
 3858 100 
 3859 101 
 3860 97 
 3861 100 
 3862 97 
 3863 98 
 3864 97 
 3865 100 
 3866 100 
 3867 96 
 3868 98 
 3869 100 
 3870 103 
 3871 99 
 3872 97 
 3873 98 
 3874 100 
 3875 102 
 3876 99 
 3877 98 
 3878 98 
 3879 98 
 3880 99 
 3881 94 
 3882 98 
 3883 100 
 3884 97 
 3885 94 
 3886 96 
 3887 99 
 3888 97 
 3889 96 
 3890 96 
 3891 98 
 3892 105 
 3893 102 
 3894 100 
 3895 99 
 3896 103 
 3897 101 
 3898 100 
 3899 104 
 3900 101 
 3901 103 
 3902 102 
 3903 106 
 3904 101 
 3905 103 
 3906 104 
 3907 106 
 3908 102 
 3909 102 
 3910 111 
 3911 101 
 3912 101 
 3913 103 
 3914 107 
 3915 105 
 3916 103 
 3917 97 
 3918 104 
 3919 105 
 3920 103 
 3921 101 
 3922 99 
 3923 99 
 3924 99 
 3925 98 
 3926 102 
 3927 100 
 3928 102 
 3929 98 
 3930 99 
 3931 99 
 3932 97 
 3933 96 
 3934 96 
 3935 99 
 3936 96 
 3937 101 
 3938 97 
 3939 94 
 3940 94 
 3941 96 
 3942 99 
 3943 98 
 3944 92 
 3945 94 
 3946 93 
 3947 91 
 3948 92 
 3949 90 
 3950 93 
 3951 93 
 3952 88 
 3953 92 
 3954 89 
 3955 93 
 3956 86 
 3957 84 
 3958 83 
 3959 79 
 3960 78 
 3961 82 
 3962 83 
 3963 85 
 3964 90 
 3965 88 
 3966 86 
 3967 87 
 3968 86 
 3969 89 
 3970 87 
 3971 87 
 3972 89 
 3973 92 
 3974 88 
 3975 88 
 3976 89 
 3977 92 
 3978 91 
 3979 89 
 3980 91 
 3981 91 
 3982 92 
 3983 92 
 3984 90 
 3985 93 
 3986 92 
 3987 92 
 3988 93 
 3989 93 
 3990 94 
 3991 96 
 3992 96 
 3993 97 
 3994 96 
 3995 95 
 3996 97 
 3997 96 
 3998 96 
 3999 97 
 4000 101 
 4001 97 
 4002 97 
 4003 99 
 4004 96 
 4005 101 
 4006 98 
 4007 99 
 4008 96 
 4009 103 
 4010 98 
 4011 97 
 4012 98 
 4013 99 
 4014 99 
 4015 96 
 4016 101 
 4017 98 
 4018 99 
 4019 95 
 4020 99 
 4021 97 
 4022 96 
 4023 94 
 4024 97 
 4025 97 
 4026 98 
 4027 98 
 4028 94 
 4029 94 
 4030 98 
 4031 96 
 4032 94 
 4033 96 
 4034 94 
 4035 94 
 4036 100 
 4037 96 
 4038 97 
 4039 99 
 4040 96 
 4041 103 
 4042 102 
 4043 101 
 4044 100 
 4045 105 
 4046 102 
 4047 102 
 4048 101 
 4049 102 
 4050 104 
 4051 105 
 4052 100 
 4053 101 
 4054 109 
 4055 101 
 4056 101 
 4057 100 
 4058 101 
 4059 101 
 4060 100 
 4061 97 
 4062 102 
 4063 104 
 4064 101 
 4065 98 
 4066 100 
 4067 97 
 4068 98 
 4069 101 
 4070 99 
 4071 95 
 4072 101 
 4073 96 
 4074 96 
 4075 96 
 4076 96 
 4077 97 
 4078 95 
 4079 98 
 4080 98 
 4081 100 
 4082 96 
 4083 97 
 4084 95 
 4085 96 
 4086 99 
 4087 94 
 4088 94 
 4089 93 
 4090 101 
 4091 93 
 4092 93 
 4093 91 
 4094 93 
 4095 93 
 4096 90 
 4097 87 
 4098 89 
 4099 93 
 4100 86 
 4101 86 
 4102 85 
 4103 78 
 4104 78 
 4105 81 
 4106 84 
 4107 85 
 4108 89 
 4109 90 
 4110 87 
 4111 88 
 4112 88 
 4113 89 
 4114 88 
 4115 89 
 4116 88 
 4117 96 
 4118 91 
 4119 90 
 4120 91 
 4121 92 
 4122 90 
 4123 91 
 4124 89 
 4125 95 
 4126 94 
 4127 91 
 4128 93 
 4129 92 
 4130 94 
 4131 93 
 4132 90 
 4133 92 
 4134 97 
 4135 99 
 4136 94 
 4137 97 
 4138 95 
 4139 94 
 4140 97 
 4141 95 
 4142 95 
 4143 93 
 4144 102 
 4145 95 
 4146 101 
 4147 97 
 4148 98 
 4149 100 
 4150 98 
 4151 100 
 4152 101 
 4153 106 
 4154 98 
 4155 97 
 4156 98 
 4157 99 
 4158 99 
 4159 99 
 4160 100 
 4161 103 
 4162 103 
 4163 98 
 4164 97 
 4165 97 
 4166 95 
 4167 95 
 4168 100 
 4169 97 
 4170 95 
 4171 100 
 4172 96 
 4173 95 
 4174 93 
 4175 92 
 4176 95 
 4177 97 
 4178 96 
 4179 94 
 4180 101 
 4181 96 
 4182 97 
 4183 99 
 4184 100 
 4185 98 
 4186 99 
 4187 99 
 4188 101 
 4189 107 
 4190 100 
 4191 99 
 4192 102 
 4193 101 
 4194 100 
 4195 104 
 4196 101 
 4197 99 
 4198 108 
 4199 101 
 4200 102 
 4201 103 
 4202 101 
 4203 102 
 4204 101 
 4205 102 
 4206 99 
 4207 105 
 4208 97 
 4209 100 
 4210 99 
 4211 99 
 4212 99 
 4213 97 
 4214 98 
 4215 99 
 4216 100 
 4217 97 
 4218 99 
 4219 99 
 4220 94 
 4221 97 
 4222 94 
 4223 95 
 4224 96 
 4225 99 
 4226 97 
 4227 94 
 4228 95 
 4229 96 
 4230 94 
 4231 96 
 4232 95 
 4233 91 
 4234 94 
 4235 92 
 4236 91 
 4237 88 
 4238 90 
 4239 91 
 4240 88 
 4241 92 
 4242 89 
 4243 91 
 4244 85 
 4245 84 
 4246 83 
 4247 79 
 4248 81 
 4249 80 
 4250 84 
 4251 84 
 4252 90 
 4253 89 
 4254 87 
 4255 90 
 4256 88 
 4257 85 
 4258 86 
 4259 89 
 4260 87 
 4261 95 
 4262 89 
 4263 90 
 4264 90 
 4265 91 
 4266 92 
 4267 90 
 4268 92 
 4269 92 
 4270 94 
 4271 91 
 4272 96 
 4273 91 
 4274 91 
 4275 91 
 4276 94 
 4277 92 
 4278 91 
 4279 98 
 4280 94 
 4281 95 
 4282 98 
 4283 94 
 4284 95 
 4285 96 
 4286 94 
 4287 95 
 4288 103 
 4289 101 
 4290 99 
 4291 97 
 4292 99 
 4293 99 
 4294 99 
 4295 101 
 4296 103 
 4297 105 
 4298 98 
 4299 97 
 4300 99 
 4301 100 
 4302 97 
 4303 96 
 4304 97 
 4305 97 
 4306 101 
 4307 98 
 4308 97 
 4309 97 
 4310 97 
 4311 98 
 4312 95 
 4313 96 
 4314 93 
 4315 98 
 4316 95 
 4317 95 
 4318 95 
 4319 93 
 4320 95 
 4321 94 
 4322 95 
 4323 94 
 4324 97 
 4325 98 
 4326 98 
 4327 98 
 4328 94 
 4329 98 
 4330 96 
 4331 97 
 4332 100 
 4333 106 
 4334 98 
 4335 97 
 4336 98 
 4337 99 
 4338 98 
 4339 100 
 4340 100 
 4341 104 
 4342 105 
 4343 100 
 4344 97 
 4345 100 
 4346 100 
 4347 102 
 4348 98 
 4349 99 
 4350 100 
 4351 104 
 4352 98 
 4353 95 
 4354 97 
 4355 97 
 4356 97 
 4357 99 
 4358 96 
 4359 97 
 4360 98 
 4361 97 
 4362 94 
 4363 96 
 4364 94 
 4365 93 
 4366 96 
 4367 94 
 4368 90 
 4369 96 
 4370 93 
 4371 92 
 4372 95 
 4373 93 
 4374 92 
 4375 92 
 4376 92 
 4377 91 
 4378 93 
 4379 90 
 4380 89 
 4381 89 
 4382 87 
 4383 90 
 4384 88 
 4385 89 
 4386 85 
 4387 86 
 4388 86 
 4389 87 
 4390 82 
 4391 79 
 4392 80 
 4393 81 
 4394 82 
 4395 84 
 4396 88 
 4397 86 
 4398 86 
 4399 88 
 4400 89 
 4401 88 
 4402 89 
 4403 90 
 4404 88 
 4405 90 
 4406 93 
 4407 91 
 4408 93 
 4409 89 
 4410 91 
 4411 92 
 4412 90 
 4413 90 
 4414 95 
 4415 97 
 4416 94 
 4417 91 
 4418 91 
 4419 93 
 4420 91 
 4421 94 
 4422 94 
 4423 98 
 4424 96 
 4425 97 
 4426 93 
 4427 96 
 4428 94 
 4429 94 
 4430 95 
 4431 95 
 4432 103 
 4433 98 
 4434 97 
 4435 99 
 4436 95 
 4437 98 
 4438 100 
 4439 101 
 4440 99 
 4441 101 
 4442 97 
 4443 101 
 4444 101 
 4445 100 
 4446 94 
 4447 97 
 4448 98 
 4449 100 
 4450 104 
 4451 97 
 4452 97 
 4453 99 
 4454 95 
 4455 95 
 4456 97 
 4457 95 
 4458 97 
 4459 99 
 4460 97 
 4461 95 
 4462 93 
 4463 95 
 4464 94 
 4465 95 
 4466 96 
 4467 97 
 4468 98 
 4469 95 
 4470 93 
 4471 97 
 4472 95 
 4473 94 
 4474 97 
 4475 98 
 4476 99 
 4477 101 
 4478 96 
 4479 98 
 4480 99 
 4481 99 
 4482 97 
 4483 100 
 4484 98 
 4485 101 
 4486 107 
 4487 100 
 4488 99 
 4489 100 
 4490 100 
 4491 97 
 4492 96 
 4493 99 
 4494 96 
 4495 101 
 4496 97 
 4497 98 
 4498 98 
 4499 97 
 4500 102 
 4501 95 
 4502 95 
 4503 98 
 4504 98 
 4505 96 
 4506 95 
 4507 93 
 4508 92 
 4509 90 
 4510 94 
 4511 95 
 4512 93 
 4513 97 
 4514 92 
 4515 93 
 4516 91 
 4517 96 
 4518 92 
 4519 93 
 4520 91 
 4521 94 
 4522 93 
 4523 90 
 4524 89 
 4525 87 
 4526 87 
 4527 88 
 4528 87 
 4529 91 
 4530 89 
 4531 89 
 4532 87 
 4533 84 
 4534 83 
 4535 80 
 4536 78 
 4537 79 
 4538 84 
 4539 84 
 4540 90 
 4541 89 
 4542 86 
 4543 90 
 4544 90 
 4545 90 
 4546 89 
 4547 89 
 4548 92 
 4549 95 
 4550 90 
 4551 91 
 4552 92 
 4553 90 
 4554 91 
 4555 92 
 4556 94 
 4557 94 
 4558 98 
 4559 91 
 4560 94 
 4561 95 
 4562 92 
 4563 93 
 4564 95 
 4565 94 
 4566 95 
 4567 96 
 4568 95 
 4569 96 
 4570 95 
 4571 96 
 4572 95 
 4573 95 
 4574 99 
 4575 99 
 4576 101 
 4577 98 
 4578 98 
 4579 98 
 4580 97 
 4581 96 
 4582 97 
 4583 98 
 4584 100 
 4585 103 
 4586 95 
 4587 98 
 4588 98 
 4589 98 
 4590 98 
 4591 98 
 4592 97 
 4593 94 
 4594 101 
 4595 98 
 4596 96 
 4597 98 
 4598 96 
 4599 99 
 4600 97 
 4601 97 
 4602 96 
 4603 99 
 4604 94 
 4605 93 
 4606 92 
 4607 94 
 4608 93 
 4609 95 
 4610 96 
 4611 93 
 4612 100 
 4613 98 
 4614 98 
 4615 98 
 4616 93 
 4617 96 
 4618 98 
 4619 98 
 4620 97 
 4621 100 
 4622 99 
 4623 99 
 4624 97 
 4625 99 
 4626 96 
 4627 99 
 4628 99 
 4629 98 
 4630 104 
 4631 98 
 4632 97 
 4633 99 
 4634 101 
 4635 97 
 4636 97 
 4637 98 
 4638 96 
 4639 101 
 4640 98 
 4641 98 
 4642 95 
 4643 95 
 4644 97 
 4645 94 
 4646 95 
 4647 97 
 4648 100 
 4649 95 
 4650 97 
 4651 92 
 4652 91 
 4653 93 
 4654 93 
 4655 91 
 4656 94 
 4657 95 
 4658 90 
 4659 92 
 4660 97 
 4661 92 
 4662 93 
 4663 92 
 4664 89 
 4665 91 
 4666 94 
 4667 88 
 4668 87 
 4669 87 
 4670 89 
 4671 86 
 4672 87 
 4673 89 
 4674 85 
 4675 90 
 4676 85 
 4677 83 
 4678 81 
 4679 79 
 4680 79 
 4681 80 
 4682 84 
 4683 85 
 4684 90 
 4685 89 
 4686 86 
 4687 89 
 4688 90 
 4689 89 
 4690 91 
 4691 93 
 4692 89 
 4693 96 
 4694 91 
 4695 93 
 4696 95 
 4697 93 
 4698 93 
 4699 91 
 4700 94 
 4701 94 
 4702 94 
 4703 94 
 4704 95 
 4705 94 
 4706 92 
 4707 93 
 4708 97 
 4709 94 
 4710 95 
 4711 100 
 4712 95 
 4713 96 
 4714 97 
 4715 98 
 4716 96 
 4717 96 
 4718 95 
 4719 96 
 4720 100 
 4721 99 
 4722 97 
 4723 100 
 4724 100 
 4725 99 
 4726 97 
 4727 99 
 4728 100 
 4729 102 
 4730 99 
 4731 99 
 4732 97 
 4733 101 
 4734 98 
 4735 101 
 4736 98 
 4737 97 
 4738 103 
 4739 97 
 4740 96 
 4741 97 
 4742 95 
 4743 95 
 4744 94 
 4745 97 
 4746 96 
 4747 99 
 4748 92 
 4749 94 
 4750 93 
 4751 92 
 4752 94 
 4753 94 
 4754 95 
 4755 94 
 4756 101 
 4757 95 
 4758 95 
 4759 96 
 4760 95 
 4761 94 
 4762 98 
 4763 98 
 4764 99 
 4765 102 
 4766 100 
 4767 98 
 4768 98 
 4769 96 
 4770 99 
 4771 101 
 4772 98 
 4773 95 
 4774 101 
 4775 97 
 4776 101 
 4777 100 
 4778 103 
 4779 98 
 4780 98 
 4781 98 
 4782 98 
 4783 99 
 4784 96 
 4785 95 
 4786 98 
 4787 95 
 4788 96 
 4789 95 
 4790 94 
 4791 93 
 4792 96 
 4793 93 
 4794 93 
 4795 94 
 4796 94 
 4797 92 
 4798 92 
 4799 92 
 4800 92 
 4801 97 
 4802 90 
 4803 92 
 4804 92 
 4805 91 
 4806 89 
 4807 90 
 4808 91 
 4809 91 
 4810 92 
 4811 90 
 4812 89 
 4813 88 
 4814 88 
 4815 89 
 4816 91 
 4817 87 
 4818 87 
 4819 90 
 4820 86 
 4821 82 
 4822 81 
 4823 79 
 4824 80 
 4825 81 
 4826 86 
 4827 88 
 4828 90 
 4829 91 
 4830 89 
 4831 89 
 4832 91 
 4833 91 
 4834 89 
 4835 93 
 4836 94 
 4837 98 
 4838 93 
 4839 94 
 4840 94 
 4841 96 
 4842 97 
 4843 95 
 4844 93 
 4845 94 
 4846 99 
 4847 95 
 4848 96 
 4849 96 
 4850 94 
 4851 96 
 4852 97 
 4853 96 
 4854 100 
 4855 97 
 4856 96 
 4857 97 
 4858 98 
 4859 96 
 4860 97 
 4861 98 
 4862 95 
 4863 97 
 4864 103 
 4865 100 
 4866 99 
 4867 98 
 4868 99 
 4869 98 
 4870 98 
 4871 101 
 4872 100 
 4873 106 
 4874 99 
 4875 98 
 4876 100 
 4877 96 
 4878 99 
 4879 97 
 4880 100 
 4881 99 
 4882 104 
 4883 98 
 4884 98 
 4885 99 
 4886 98 
 4887 95 
 4888 96 
 4889 95 
 4890 95 
 4891 96 
 4892 96 
 4893 97 
 4894 96 
 4895 92 
 4896 93 
 4897 92 
 4898 92 
 4899 95 
 4900 100 
 4901 92 
 4902 97 
 4903 94 
 4904 94 
 4905 95 
 4906 97 
 4907 96 
 4908 96 
 4909 102 
 4910 98 
 4911 97 
 4912 96 
 4913 101 
 4914 98 
 4915 96 
 4916 97 
 4917 96 
 4918 101 
 4919 97 
 4920 100 
 4921 99 
 4922 96 
 4923 98 
 4924 95 
 4925 99 
 4926 98 
 4927 100 
 4928 97 
 4929 96 
 4930 94 
 4931 96 
 4932 96 
 4933 94 
 4934 95 
 4935 93 
 4936 97 
 4937 92 
 4938 96 
 4939 95 
 4940 91 
 4941 90 
 4942 91 
 4943 92 
 4944 92 
 4945 93 
 4946 89 
 4947 90 
 4948 91 
 4949 91 
 4950 91 
 4951 89 
 4952 90 
 4953 90 
 4954 89 
 4955 86 
 4956 88 
 4957 88 
 4958 86 
 4959 85 
 4960 88 
 4961 88 
 4962 86 
 4963 88 
 4964 85 
 4965 84 
 4966 81 
 4967 79 
 4968 80 
 4969 82 
 4970 85 
 4971 87 
 4972 90 
 4973 89 
 4974 89 
 4975 90 
 4976 93 
 4977 92 
 4978 91 
 4979 93 
 4980 93 
 4981 96 
 4982 94 
 4983 94 
 4984 96 
 4985 98 
 4986 97 
 4987 97 
 4988 95 
 4989 94 
 4990 99 
 4991 96 
 4992 97 
 4993 94 
 4994 97 
 4995 96 
 4996 97 
 4997 97 
 4998 94 
 4999 99 
 5000 100 
 5001 101 
 5002 98 
 5003 100 
 5004 97 
 5005 93 
 5006 97 
 5007 99 
 5008 102 
 5009 100 
 5010 99 
 5011 97 
 5012 101 
 5013 99 
 5014 101 
 5015 104 
 5016 99 
 5017 105 
 5018 102 
 5019 99 
 5020 100 
 5021 98 
 5022 101 
 5023 100 
 5024 99 
 5025 102 
 5026 104 
 5027 100 
 5028 99 
 5029 95 
 5030 96 
 5031 97 
 5032 97 
 5033 96 
 5034 96 
 5035 101 
 5036 96 
 5037 92 
 5038 94 
 5039 93 
 5040 92 
 5041 95 
 5042 94 
 5043 95 
 5044 99 
 5045 94 
 5046 94 
 5047 97 
 5048 96 
 5049 95 
 5050 96 
 5051 99 
 5052 99 
 5053 101 
 5054 95 
 5055 98 
 5056 99 
 5057 97 
 5058 94 
 5059 98 
 5060 97 
 5061 97 
 5062 104 
 5063 100 
 5064 97 
 5065 99 
 5066 100 
 5067 99 
 5068 98 
 5069 99 
 5070 98 
 5071 99 
 5072 96 
 5073 95 
 5074 95 
 5075 97 
 5076 96 
 5077 94 
 5078 96 
 5079 93 
 5080 98 
 5081 96 
 5082 92 
 5083 95 
 5084 93 
 5085 92 
 5086 92 
 5087 92 
 5088 93 
 5089 94 
 5090 90 
 5091 93 
 5092 92 
 5093 92 
 5094 91 
 5095 91 
 5096 91 
 5097 89 
 5098 91 
 5099 86 
 5100 87 
 5101 87 
 5102 86 
 5103 88 
 5104 86 
 5105 87 
 5106 85 
 5107 90 
 5108 86 
 5109 85 
 5110 82 
 5111 81 
 5112 83 
 5113 81 
 5114 87 
 5115 86 
 5116 93 
 5117 90 
 5118 91 
 5119 91 
 5120 94 
 5121 94 
 5122 93 
 5123 93 
 5124 97 
 5125 97 
 5126 95 
 5127 95 
 5128 97 
 5129 100 
 5130 98 
 5131 97 
 5132 95 
 5133 97 
 5134 101 
 5135 95 
 5136 98 
 5137 99 
 5138 97 
 5139 100 
 5140 97 
 5141 97 
 5142 98 
 5143 106 
 5144 100 
 5145 100 
 5146 99 
 5147 100 
 5148 104 
 5149 99 
 5150 100 
 5151 100 
 5152 103 
 5153 102 
 5154 100 
 5155 100 
 5156 101 
 5157 103 
 5158 99 
 5159 103 
 5160 103 
 5161 104 
 5162 101 
 5163 99 
 5164 102 
 5165 102 
 5166 101 
 5167 99 
 5168 102 
 5169 103 
 5170 106 
 5171 99 
 5172 101 
 5173 101 
 5174 99 
 5175 98 
 5176 95 
 5177 96 
 5178 95 
 5179 98 
 5180 93 
 5181 92 
 5182 94 
 5183 96 
 5184 96 
 5185 93 
 5186 94 
 5187 93 
 5188 97 
 5189 92 
 5190 92 
 5191 93 
 5192 94 
 5193 99 
 5194 97 
 5195 96 
 5196 93 
 5197 100 
 5198 93 
 5199 93 
 5200 97 
 5201 98 
 5202 95 
 5203 96 
 5204 96 
 5205 95 
 5206 103 
 5207 99 
 5208 96 
 5209 94 
 5210 97 
 5211 99 
 5212 95 
 5213 99 
 5214 94 
 5215 97 
 5216 95 
 5217 93 
 5218 96 
 5219 93 
 5220 97 
 5221 92 
 5222 92 
 5223 94 
 5224 95 
 5225 92 
 5226 92 
 5227 91 
 5228 90 
 5229 91 
 5230 92 
 5231 90 
 5232 91 
 5233 92 
 5234 91 
 5235 88 
 5236 91 
 5237 91 
 5238 89 
 5239 88 
 5240 89 
 5241 86 
 5242 89 
 5243 85 
 5244 87 
 5245 87 
 5246 86 
 5247 85 
 5248 85 
 5249 86 
 5250 87 
 5251 87 
 5252 86 
 5253 86 
 5254 80 
 5255 79 
 5256 79 
 5257 80 
 5258 83 
 5259 87 
 5260 91 
 5261 89 
 5262 91 
 5263 93 
 5264 97 
 5265 95 
 5266 94 
 5267 92 
 5268 94 
 5269 98 
 5270 96 
 5271 97 
 5272 97 
 5273 97 
 5274 96 
 5275 97 
 5276 95 
 5277 101 
 5278 103 
 5279 95 
 5280 95 
 5281 96 
 5282 101 
 5283 102 
 5284 97 
 5285 97 
 5286 96 
 5287 101 
 5288 98 
 5289 100 
 5290 99 
 5291 98 
 5292 101 
 5293 99 
 5294 99 
 5295 100 
 5296 105 
 5297 98 
 5298 102 
 5299 99 
 5300 102 
 5301 101 
 5302 102 
 5303 101 
 5304 101 
 5305 104 
 5306 101 
 5307 101 
 5308 101 
 5309 103 
 5310 104 
 5311 104 
 5312 103 
 5313 102 
 5314 103 
 5315 100 
 5316 99 
 5317 98 
 5318 100 
 5319 98 
 5320 97 
 5321 97 
 5322 91 
 5323 98 
 5324 94 
 5325 95 
 5326 94 
 5327 94 
 5328 93 
 5329 94 
 5330 95 
 5331 96 
 5332 96 
 5333 96 
 5334 95 
 5335 95 
 5336 93 
 5337 96 
 5338 95 
 5339 96 
 5340 94 
 5341 99 
 5342 97 
 5343 96 
 5344 99 
 5345 99 
 5346 98 
 5347 98 
 5348 95 
 5349 98 
 5350 102 
 5351 95 
 5352 100 
 5353 95 
 5354 95 
 5355 94 
 5356 97 
 5357 96 
 5358 100 
 5359 97 
 5360 94 
 5361 94 
 5362 97 
 5363 94 
 5364 97 
 5365 95 
 5366 94 
 5367 94 
 5368 95 
 5369 93 
 5370 90 
 5371 91 
 5372 90 
 5373 90 
 5374 91 
 5375 91 
 5376 87 
 5377 92 
 5378 89 
 5379 92 
 5380 89 
 5381 90 
 5382 88 
 5383 88 
 5384 87 
 5385 90 
 5386 89 
 5387 87 
 5388 86 
 5389 85 
 5390 87 
 5391 86 
 5392 85 
 5393 86 
 5394 85 
 5395 86 
 5396 84 
 5397 86 
 5398 82 
 5399 78 
 5400 80 
 5401 83 
 5402 85 
 5403 88 
 5404 91 
 5405 90 
 5406 91 
 5407 94 
 5408 92 
 5409 94 
 5410 95 
 5411 93 
 5412 93 
 5413 101 
 5414 99 
 5415 98 
 5416 100 
 5417 97 
 5418 97 
 5419 99 
 5420 98 
 5421 96 
 5422 103 
 5423 99 
 5424 95 
 5425 99 
 5426 102 
 5427 100 
 5428 101 
 5429 101 
 5430 99 
 5431 102 
 5432 98 
 5433 98 
 5434 100 
 5435 100 
 5436 102 
 5437 102 
 5438 102 
 5439 103 
 5440 106 
 5441 104 
 5442 101 
 5443 101 
 5444 107 
 5445 103 
 5446 101 
 5447 102 
 5448 102 
 5449 105 
 5450 102 
 5451 104 
 5452 103 
 5453 102 
 5454 102 
 5455 102 
 5456 103 
 5457 104 
 5458 105 
 5459 100 
 5460 101 
 5461 98 
 5462 98 
 5463 96 
 5464 97 
 5465 95 
 5466 96 
 5467 98 
 5468 94 
 5469 93 
 5470 92 
 5471 94 
 5472 97 
 5473 97 
 5474 95 
 5475 96 
 5476 104 
 5477 97 
 5478 97 
 5479 96 
 5480 99 
 5481 98 
 5482 100 
 5483 100 
 5484 102 
 5485 106 
 5486 99 
 5487 100 
 5488 97 
 5489 98 
 5490 100 
 5491 99 
 5492 96 
 5493 99 
 5494 104 
 5495 100 
 5496 99 
 5497 98 
 5498 101 
 5499 100 
 5500 99 
 5501 101 
 5502 98 
 5503 102 
 5504 98 
 5505 100 
 5506 97 
 5507 97 
 5508 96 
 5509 95 
 5510 97 
 5511 98 
 5512 97 
 5513 94 
 5514 94 
 5515 94 
 5516 95 
 5517 93 
 5518 92 
 5519 93 
 5520 91 
 5521 95 
 5522 93 
 5523 90 
 5524 91 
 5525 92 
 5526 93 
 5527 92 
 5528 92 
 5529 88 
 5530 91 
 5531 88 
 5532 87 
 5533 89 
 5534 88 
 5535 89 
 5536 87 
 5537 88 
 5538 86 
 5539 89 
 5540 88 
 5541 85 
 5542 81 
 5543 81 
 5544 79 
 5545 85 
 5546 88 
 5547 91 
 5548 96 
 5549 93 
 5550 97 
 5551 96 
 5552 95 
 5553 98 
 5554 99 
 5555 99 
 5556 99 
 5557 103 
 5558 100 
 5559 99 
 5560 102 
 5561 99 
 5562 101 
 5563 101 
 5564 104 
 5565 100 
 5566 108 
 5567 103 
 5568 103 
 5569 101 
 5570 107 
 5571 103 
 5572 103 
 5573 105 
 5574 100 
 5575 108 
 5576 104 
 5577 104 
 5578 106 
 5579 105 
 5580 107 
 5581 107 
 5582 107 
 5583 105 
 5584 110 
 5585 108 
 5586 106 
 5587 106 
 5588 109 
 5589 105 
 5590 106 
 5591 105 
 5592 107 
 5593 112 
 5594 106 
 5595 108 
 5596 107 
 5597 106 
 5598 103 
 5599 106 
 5600 105 
 5601 105 
 5602 111 
 5603 103 
 5604 101 
 5605 104 
 5606 104 
 5607 102 
 5608 100 
 5609 98 
 5610 99 
 5611 102 
 5612 96 
 5613 97 
 5614 96 
 5615 98 
 5616 99 
 5617 97 
 5618 98 
 5619 99 
 5620 101 
 5621 99 
 5622 99 
 5623 98 
 5624 97 
 5625 99 
 5626 99 
 5627 98 
 5628 103 
 5629 105 
 5630 98 
 5631 100 
 5632 97 
 5633 100 
 5634 99 
 5635 101 
 5636 102 
 5637 102 
 5638 102 
 5639 102 
 5640 101 
 5641 102 
 5642 100 
 5643 100 
 5644 100 
 5645 101 
 5646 99 
 5647 104 
 5648 98 
 5649 98 
 5650 98 
 5651 96 
 5652 97 
 5653 98 
 5654 96 
 5655 96 
 5656 96 
 5657 95 
 5658 94 
 5659 96 
 5660 93 
 5661 92 
 5662 94 
 5663 93 
 5664 92 
 5665 94 
 5666 93 
 5667 90 
 5668 93 
 5669 92 
 5670 91 
 5671 90 
 5672 92 
 5673 91 
 5674 95 
 5675 88 
 5676 89 
 5677 87 
 5678 88 
 5679 86 
 5680 86 
 5681 85 
 5682 87 
 5683 90 
 5684 87 
 5685 85 
 5686 83 
 5687 81 
 5688 82 
 5689 84 
 5690 87 
 5691 90 
 5692 96 
 5693 97 
 5694 97 
 5695 94 
 5696 98 
 5697 99 
 5698 100 
 5699 99 
 5700 101 
 5701 104 
 5702 102 
 5703 103 
 5704 103 
 5705 105 
 5706 104 
 5707 102 
 5708 106 
 5709 102 
 5710 109 
 5711 100 
 5712 105 
 5713 106 
 5714 104 
 5715 107 
 5716 108 
 5717 105 
 5718 106 
 5719 112 
 5720 104 
 5721 106 
 5722 111 
 5723 111 
 5724 109 
 5725 108 
 5726 108 
 5727 109 
 5728 112 
 5729 109 
 5730 109 
 5731 108 
 5732 108 
 5733 109 
 5734 107 
 5735 109 
 5736 111 
 5737 117 
 5738 113 
 5739 108 
 5740 109 
 5741 107 
 5742 105 
 5743 109 
 5744 109 
 5745 111 
 5746 112 
 5747 104 
 5748 105 
 5749 104 
 5750 104 
 5751 105 
 5752 105 
 5753 102 
 5754 98 
 5755 102 
 5756 97 
 5757 100 
 5758 99 
 5759 97 
 5760 100 
 5761 99 
 5762 100 
 5763 98 
 5764 103 
 5765 100 
 5766 100 
 5767 98 
 5768 99 
 5769 101 
 5770 99 
 5771 99 
 5772 99 
 5773 105 
 5774 99 
 5775 102 
 5776 100 
 5777 101 
 5778 103 
 5779 104 
 5780 103 
 5781 102 
 5782 105 
 5783 104 
 5784 103 
 5785 104 
 5786 99 
 5787 99 
 5788 99 
 5789 100 
 5790 102 
 5791 105 
 5792 99 
 5793 97 
 5794 98 
 5795 99 
 5796 101 
 5797 99 
 5798 98 
 5799 97 
 5800 101 
 5801 95 
 5802 98 
 5803 96 
 5804 92 
 5805 94 
 5806 93 
 5807 91 
 5808 94 
 5809 98 
 5810 95 
 5811 92 
 5812 91 
 5813 91 
 5814 95 
 5815 94 
 5816 95 
 5817 94 
 5818 92 
 5819 89 
 5820 88 
 5821 87 
 5822 89 
 5823 86 
 5824 87 
 5825 87 
 5826 88 
 5827 91 
 5828 86 
 5829 89 
 5830 85 
 5831 81 
 5832 82 
 5833 87 
 5834 88 
 5835 89 
 5836 96 
 5837 97 
 5838 97 
 5839 96 
 5840 99 
 5841 99 
 5842 99 
 5843 102 
 5844 103 
 5845 107 
 5846 104 
 5847 103 
 5848 103 
 5849 104 
 5850 106 
 5851 106 
 5852 104 
 5853 106 
 5854 110 
 5855 109 
 5856 106 
 5857 105 
 5858 108 
 5859 106 
 5860 108 
 5861 104 
 5862 108 
 5863 114 
 5864 106 
 5865 108 
 5866 108 
 5867 112 
 5868 112 
 5869 111 
 5870 109 
 5871 112 
 5872 116 
 5873 110 
 5874 108 
 5875 113 
 5876 109 
 5877 112 
 5878 112 
 5879 111 
 5880 114 
 5881 114 
 5882 108 
 5883 114 
 5884 111 
 5885 109 
 5886 109 
 5887 110 
 5888 111 
 5889 109 
 5890 113 
 5891 107 
 5892 110 
 5893 104 
 5894 104 
 5895 105 
 5896 104 
 5897 104 
 5898 103 
 5899 104 
 5900 99 
 5901 100 
 5902 98 
 5903 100 
 5904 100 
 5905 100 
 5906 99 
 5907 100 
 5908 103 
 5909 102 
 5910 102 
 5911 100 
 5912 99 
 5913 100 
 5914 103 
 5915 100 
 5916 103 
 5917 105 
 5918 103 
 5919 103 
 5920 102 
 5921 105 
 5922 102 
 5923 103 
 5924 102 
 5925 104 
 5926 106 
 5927 103 
 5928 104 
 5929 103 
 5930 103 
 5931 104 
 5932 100 
 5933 102 
 5934 103 
 5935 109 
 5936 100 
 5937 101 
 5938 101 
 5939 101 
 5940 100 
 5941 99 
 5942 97 
 5943 100 
 5944 102 
 5945 96 
 5946 96 
 5947 97 
 5948 96 
 5949 95 
 5950 93 
 5951 93 
 5952 94 
 5953 96 
 5954 91 
 5955 91 
 5956 95 
 5957 91 
 5958 94 
 5959 93 
 5960 91 
 5961 90 
 5962 92 
 5963 89 
 5964 89 
 5965 87 
 5966 86 
 5967 90 
 5968 86 
 5969 86 
 5970 88 
 5971 89 
 5972 88 
 5973 86 
 5974 82 
 5975 81 
 5976 83 
 5977 85 
 5978 90 
 5979 93 
 5980 98 
 5981 95 
 5982 96 
 5983 99 
 5984 100 
 5985 101 
 5986 102 
 5987 104 
 5988 104 
 5989 109 
 5990 105 
 5991 106 
 5992 106 
 5993 104 
 5994 110 
 5995 106 
 5996 106 
 5997 109 
 5998 115 
 5999 110 
 6000 105 
 6001 107 
 6002 109 
 6003 111 
 6004 110 
 6005 110 
 6006 109 
 6007 114 
 6008 110 
 6009 112 
 6010 112 
 6011 113 
 6012 111 
 6013 115 
 6014 113 
 6015 110 
 6016 117 
 6017 114 
 6018 109 
 6019 112 
 6020 114 
 6021 114 
 6022 115 
 6023 113 
 6024 113 
 6025 120 
 6026 114 
 6027 112 
 6028 116 
 6029 110 
 6030 112 
 6031 113 
 6032 113 
 6033 108 
 6034 116 
 6035 110 
 6036 108 
 6037 110 
 6038 106 
 6039 106 
 6040 107 
 6041 106 
 6042 103 
 6043 106 
 6044 100 
 6045 102 
 6046 98 
 6047 100 
 6048 101 
 6049 104 
 6050 103 
 6051 101 
 6052 103 
 6053 100 
 6054 101 
 6055 101 
 6056 104 
 6057 104 
 6058 104 
 6059 102 
 6060 104 
 6061 112 
 6062 105 
 6063 101 
 6064 102 
 6065 103 
 6066 104 
 6067 107 
 6068 104 
 6069 104 
 6070 108 
 6071 103 
 6072 103 
 6073 104 
 6074 104 
 6075 107 
 6076 106 
 6077 104 
 6078 106 
 6079 109 
 6080 102 
 6081 102 
 6082 102 
 6083 103 
 6084 103 
 6085 100 
 6086 101 
 6087 98 
 6088 101 
 6089 100 
 6090 95 
 6091 98 
 6092 96 
 6093 95 
 6094 97 
 6095 96 
 6096 94 
 6097 96 
 6098 96 
 6099 91 
 6100 93 
 6101 92 
 6102 95 
 6103 91 
 6104 90 
 6105 89 
 6106 93 
 6107 89 
 6108 88 
 6109 90 
 6110 88 
 6111 89 
 6112 85 
 6113 87 
 6114 88 
 6115 88 
 6116 86 
 6117 84 
 6118 81 
 6119 81 
 6120 84 
 6121 87 
 6122 89 
 6123 96 
 6124 98 
 6125 97 
 6126 100 
 6127 100 
 6128 102 
 6129 105 
 6130 105 
 6131 103 
 6132 102 
 6133 112 
 6134 106 
 6135 109 
 6136 107 
 6137 109 
 6138 108 
 6139 109 
 6140 108 
 6141 111 
 6142 119 
 6143 109 
 6144 112 
 6145 114 
 6146 114 
 6147 111 
 6148 111 
 6149 111 
 6150 113 
 6151 118 
 6152 112 
 6153 110 
 6154 117 
 6155 115 
 6156 116 
 6157 118 
 6158 114 
 6159 114 
 6160 120 
 6161 114 
 6162 118 
 6163 116 
 6164 117 
 6165 117 
 6166 119 
 6167 114 
 6168 115 
 6169 125 
 6170 121 
 6171 114 
 6172 115 
 6173 118 
 6174 113 
 6175 114 
 6176 116 
 6177 113 
 6178 118 
 6179 115 
 6180 110 
 6181 110 
 6182 109 
 6183 107 
 6184 104 
 6185 106 
 6186 103 
 6187 107 
 6188 100 
 6189 104 
 6190 100 
 6191 98 
 6192 104 
 6193 101 
 6194 102 
 6195 103 
 6196 107 
 6197 103 
 6198 99 
 6199 101 
 6200 106 
 6201 104 
 6202 106 
 6203 105 
 6204 107 
 6205 107 
 6206 107 
 6207 107 
 6208 107 
 6209 100 
 6210 104 
 6211 103 
 6212 103 
 6213 105 
 6214 109 
 6215 105 
 6216 105 
 6217 104 
 6218 102 
 6219 108 
 6220 103 
 6221 104 
 6222 107 
 6223 110 
 6224 103 
 6225 103 
 6226 104 
 6227 103 
 6228 100 
 6229 103 
 6230 99 
 6231 96 
 6232 102 
 6233 99 
 6234 99 
 6235 96 
 6236 94 
 6237 100 
 6238 97 
 6239 95 
 6240 93 
 6241 96 
 6242 97 
 6243 97 
 6244 94 
 6245 95 
 6246 93 
 6247 93 
 6248 94 
 6249 91 
 6250 93 
 6251 87 
 6252 89 
 6253 88 
 6254 89 
 6255 89 
 6256 88 
 6257 89 
 6258 89 
 6259 91 
 6260 88 
 6261 85 
 6262 86 
 6263 81 
 6264 82 
 6265 86 
 6266 92 
 6267 93 
 6268 99 
 6269 98 
 6270 101 
 6271 102 
 6272 105 
 6273 107 
 6274 108 
 6275 106 
 6276 105 
 6277 109 
 6278 108 
 6279 109 
 6280 110 
 6281 114 
 6282 110 
 6283 110 
 6284 112 
 6285 112 
 6286 118 
 6287 113 
 6288 112 
 6289 113 
 6290 114 
 6291 113 
 6292 117 
 6293 114 
 6294 114 
 6295 116 
 6296 115 
 6297 119 
 6298 115 
 6299 115 
 6300 116 
 6301 115 
 6302 116 
 6303 118 
 6304 122 
 6305 116 
 6306 114 
 6307 119 
 6308 115 
 6309 116 
 6310 115 
 6311 115 
 6312 117 
 6313 126 
 6314 120 
 6315 120 
 6316 116 
 6317 114 
 6318 117 
 6319 117 
 6320 119 
 6321 115 
 6322 121 
 6323 113 
 6324 110 
 6325 117 
 6326 111 
 6327 113 
 6328 106 
 6329 108 
 6330 105 
 6331 108 
 6332 107 
 6333 103 
 6334 101 
 6335 101 
 6336 99 
 6337 103 
 6338 107 
 6339 104 
 6340 109 
 6341 103 
 6342 104 
 6343 107 
 6344 104 
 6345 106 
 6346 104 
 6347 105 
 6348 106 
 6349 110 
 6350 106 
 6351 108 
 6352 107 
 6353 106 
 6354 104 
 6355 106 
 6356 104 
 6357 107 
 6358 108 
 6359 103 
 6360 108 
 6361 104 
 6362 105 
 6363 104 
 6364 112 
 6365 107 
 6366 104 
 6367 110 
 6368 107 
 6369 103 
 6370 102 
 6371 103 
 6372 101 
 6373 104 
 6374 100 
 6375 100 
 6376 104 
 6377 97 
 6378 98 
 6379 97 
 6380 96 
 6381 99 
 6382 94 
 6383 97 
 6384 97 
 6385 97 
 6386 92 
 6387 96 
 6388 95 
 6389 96 
 6390 94 
 6391 91 
 6392 92 
 6393 91 
 6394 94 
 6395 87 
 6396 89 
 6397 89 
 6398 87 
 6399 89 
 6400 90 
 6401 87 
 6402 87 
 6403 91 
 6404 87 
 6405 82 
 6406 81 
 6407 82 
 6408 84 
 6409 86 
 6410 91 
 6411 93 
 6412 100 
 6413 100 
 6414 100 
 6415 103 
 6416 108 
 6417 105 
 6418 105 
 6419 110 
 6420 109 
 6421 112 
 6422 112 
 6423 110 
 6424 112 
 6425 113 
 6426 110 
 6427 112 
 6428 115 
 6429 116 
 6430 117 
 6431 113 
 6432 111 
 6433 116 
 6434 116 
 6435 115 
 6436 117 
 6437 113 
 6438 118 
 6439 123 
 6440 117 
 6441 120 
 6442 121 
 6443 118 
 6444 118 
 6445 121 
 6446 117 
 6447 119 
 6448 125 
 6449 118 
 6450 122 
 6451 120 
 6452 122 
 6453 117 
 6454 120 
 6455 118 
 6456 119 
 6457 124 
 6458 122 
 6459 114 
 6460 117 
 6461 118 
 6462 117 
 6463 122 
 6464 119 
 6465 117 
 6466 120 
 6467 115 
 6468 114 
 6469 114 
 6470 114 
 6471 111 
 6472 108 
 6473 108 
 6474 105 
 6475 111 
 6476 107 
 6477 104 
 6478 107 
 6479 101 
 6480 106 
 6481 103 
 6482 106 
 6483 104 
 6484 107 
 6485 104 
 6486 103 
 6487 104 
 6488 106 
 6489 109 
 6490 105 
 6491 105 
 6492 108 
 6493 111 
 6494 106 
 6495 103 
 6496 103 
 6497 108 
 6498 108 
 6499 105 
 6500 106 
 6501 107 
 6502 112 
 6503 112 
 6504 108 
 6505 108 
 6506 104 
 6507 109 
 6508 106 
 6509 107 
 6510 106 
 6511 109 
 6512 104 
 6513 105 
 6514 108 
 6515 103 
 6516 100 
 6517 104 
 6518 100 
 6519 101 
 6520 108 
 6521 102 
 6522 98 
 6523 95 
 6524 93 
 6525 100 
 6526 96 
 6527 97 
 6528 95 
 6529 95 
 6530 97 
 6531 95 
 6532 95 
 6533 93 
 6534 94 
 6535 93 
 6536 94 
 6537 91 
 6538 93 
 6539 88 
 6540 89 
 6541 86 
 6542 89 
 6543 90 
 6544 87 
 6545 89 
 6546 87 
 6547 88 
 6548 87 
 6549 84 
 6550 83 
 6551 81 
 6552 82 
 6553 85 
 6554 92 
 6555 94 
 6556 101 
 6557 97 
 6558 100 
 6559 100 
 6560 102 
 6561 111 
 6562 106 
 6563 107 
 6564 109 
 6565 118 
 6566 113 
 6567 114 
 6568 115 
 6569 111 
 6570 113 
 6571 112 
 6572 117 
 6573 116 
 6574 122 
 6575 112 
 6576 117 
 6577 113 
 6578 118 
 6579 113 
 6580 116 
 6581 119 
 6582 118 
 6583 124 
 6584 117 
 6585 121 
 6586 119 
 6587 120 
 6588 118 
 6589 120 
 6590 119 
 6591 121 
 6592 131 
 6593 120 
 6594 121 
 6595 121 
 6596 121 
 6597 119 
 6598 120 
 6599 121 
 6600 121 
 6601 130 
 6602 124 
 6603 120 
 6604 120 
 6605 123 
 6606 122 
 6607 121 
 6608 122 
 6609 119 
 6610 123 
 6611 111 
 6612 118 
 6613 120 
 6614 117 
 6615 114 
 6616 113 
 6617 109 
 6618 109 
 6619 111 
 6620 108 
 6621 103 
 6622 104 
 6623 105 
 6624 105 
 6625 106 
 6626 107 
 6627 107 
 6628 107 
 6629 107 
 6630 106 
 6631 106 
 6632 105 
 6633 105 
 6634 113 
 6635 104 
 6636 108 
 6637 115 
 6638 108 
 6639 109 
 6640 106 
 6641 107 
 6642 106 
 6643 106 
 6644 107 
 6645 110 
 6646 115 
 6647 112 
 6648 105 
 6649 109 
 6650 109 
 6651 112 
 6652 107 
 6653 106 
 6654 108 
 6655 110 
 6656 106 
 6657 106 
 6658 106 
 6659 105 
 6660 107 
 6661 103 
 6662 101 
 6663 99 
 6664 104 
 6665 102 
 6666 98 
 6667 97 
 6668 97 
 6669 97 
 6670 100 
 6671 95 
 6672 95 
 6673 100 
 6674 94 
 6675 97 
 6676 97 
 6677 93 
 6678 94 
 6679 91 
 6680 92 
 6681 90 
 6682 91 
 6683 90 
 6684 92 
 6685 88 
 6686 87 
 6687 89 
 6688 90 
 6689 90 
 6690 89 
 6691 90 
 6692 85 
 6693 85 
 6694 84 
 6695 83 
 6696 82 
 6697 88 
 6698 90 
 6699 95 
 6700 105 
 6701 100 
 6702 100 
 6703 101 
 6704 105 
 6705 107 
 6706 109 
 6707 109 
 6708 110 
 6709 116 
 6710 108 
 6711 110 
 6712 116 
 6713 114 
 6714 111 
 6715 116 
 6716 115 
 6717 115 
 6718 120 
 6719 117 
 6720 118 
 6721 118 
 6722 117 
 6723 116 
 6724 118 
 6725 119 
 6726 121 
 6727 123 
 6728 120 
 6729 120 
 6730 122 
 6731 121 
 6732 122 
 6733 121 
 6734 127 
 6735 117 
 6736 129 
 6737 122 
 6738 122 
 6739 123 
 6740 123 
 6741 122 
 6742 120 
 6743 123 
 6744 127 
 6745 128 
 6746 124 
 6747 123 
 6748 119 
 6749 121 
 6750 119 
 6751 120 
 6752 120 
 6753 121 
 6754 125 
 6755 113 
 6756 120 
 6757 117 
 6758 112 
 6759 112 
 6760 112 
 6761 110 
 6762 109 
 6763 109 
 6764 111 
 6765 110 
 6766 109 
 6767 105 
 6768 102 
 6769 104 
 6770 105 
 6771 103 
 6772 107 
 6773 106 
 6774 104 
 6775 103 
 6776 103 
 6777 104 
 6778 107 
 6779 106 
 6780 106 
 6781 109 
 6782 104 
 6783 107 
 6784 106 
 6785 106 
 6786 108 
 6787 106 
 6788 106 
 6789 104 
 6790 112 
 6791 107 
 6792 105 
 6793 105 
 6794 107 
 6795 105 
 6796 106 
 6797 108 
 6798 107 
 6799 112 
 6800 103 
 6801 101 
 6802 101 
 6803 106 
 6804 103 
 6805 102 
 6806 101 
 6807 102 
 6808 101 
 6809 99 
 6810 98 
 6811 96 
 6812 96 
 6813 93 
 6814 96 
 6815 96 
 6816 92 
 6817 97 
 6818 94 
 6819 94 
 6820 96 
 6821 93 
 6822 92 
 6823 92 
 6824 89 
 6825 89 
 6826 91 
 6827 86 
 6828 87 
 6829 85 
 6830 89 
 6831 85 
 6832 92 
 6833 87 
 6834 87 
 6835 89 
 6836 87 
 6837 85 
 6838 85 
 6839 83 
 6840 81 
 6841 85 
 6842 89 
 6843 94 
 6844 97 
 6845 101 
 6846 98 
 6847 106 
 6848 104 
 6849 104 
 6850 105 
 6851 109 
 6852 107 
 6853 116 
 6854 108 
 6855 109 
 6856 113 
 6857 113 
 6858 110 
 6859 113 
 6860 116 
 6861 112 
 6862 118 
 6863 117 
 6864 117 
 6865 115 
 6866 116 
 6867 118 
 6868 112 
 6869 120 
 6870 116 
 6871 122 
 6872 122 
 6873 121 
 6874 120 
 6875 122 
 6876 122 
 6877 120 
 6878 120 
 6879 118 
 6880 123 
 6881 122 
 6882 124 
 6883 121 
 6884 125 
 6885 120 
 6886 121 
 6887 121 
 6888 122 
 6889 132 
 6890 122 
 6891 120 
 6892 117 
 6893 123 
 6894 115 
 6895 119 
 6896 121 
 6897 127 
 6898 122 
 6899 121 
 6900 115 
 6901 116 
 6902 114 
 6903 113 
 6904 112 
 6905 108 
 6906 105 
 6907 115 
 6908 104 
 6909 107 
 6910 107 
 6911 106 
 6912 103 
 6913 103 
 6914 102 
 6915 100 
 6916 110 
 6917 103 
 6918 102 
 6919 102 
 6920 102 
 6921 105 
 6922 102 
 6923 102 
 6924 104 
 6925 104 
 6926 103 
 6927 103 
 6928 104 
 6929 102 
 6930 104 
 6931 105 
 6932 103 
 6933 105 
 6934 105 
 6935 103 
 6936 103 
 6937 104 
 6938 103 
 6939 105 
 6940 106 
 6941 103 
 6942 105 
 6943 107 
 6944 101 
 6945 102 
 6946 103 
 6947 102 
 6948 102 
 6949 100 
 6950 100 
 6951 97 
 6952 104 
 6953 96 
 6954 94 
 6955 92 
 6956 94 
 6957 94 
 6958 92 
 6959 97 
 6960 91 
 6961 96 
 6962 91 
 6963 94 
 6964 91 
 6965 89 
 6966 88 
 6967 89 
 6968 84 
 6969 87 
 6970 91 
 6971 86 
 6972 84 
 6973 86 
 6974 84 
 6975 85 
 6976 86 
 6977 88 
 6978 85 
 6979 84 
 6980 84 
 6981 84 
 6982 83 
 6983 81 
 6984 80 
 6985 84 
 6986 87 
 6987 89 
 6988 95 
 6989 93 
 6990 92 
 6991 100 
 6992 102 
 6993 102 
 6994 105 
 6995 106 
 6996 104 
 6997 108 
 6998 105 
 6999 107 
 7000 111 
 7001 109 
 7002 107 
 7003 110 
 7004 110 
 7005 114 
 7006 115 
 7007 111 
 7008 115 
 7009 115 
 7010 116 
 7011 113 
 7012 115 
 7013 114 
 7014 116 
 7015 116 
 7016 118 
 7017 117 
 7018 117 
 7019 118 
 7020 117 
 7021 116 
 7022 115 
 7023 118 
 7024 122 
 7025 118 
 7026 115 
 7027 115 
 7028 118 
 7029 120 
 7030 122 
 7031 119 
 7032 120 
 7033 124 
 7034 116 
 7035 119 
 7036 117 
 7037 115 
 7038 118 
 7039 118 
 7040 114 
 7041 117 
 7042 124 
 7043 116 
 7044 112 
 7045 116 
 7046 116 
 7047 109 
 7048 106 
 7049 106 
 7050 103 
 7051 106 
 7052 102 
 7053 100 
 7054 101 
 7055 103 
 7056 104 
 7057 95 
 7058 100 
 7059 98 
 7060 105 
 7061 98 
 7062 100 
 7063 101 
 7064 101 
 7065 101 
 7066 99 
 7067 99 
 7068 99 
 7069 101 
 7070 99 
 7071 99 
 7072 100 
 7073 100 
 7074 100 
 7075 98 
 7076 100 
 7077 97 
 7078 101 
 7079 99 
 7080 99 
 7081 98 
 7082 97 
 7083 98 
 7084 102 
 7085 103 
 7086 97 
 7087 103 
 7088 96 
 7089 94 
 7090 97 
 7091 98 
 7092 95 
 7093 92 
 7094 94 
 7095 96 
 7096 100 
 7097 93 
 7098 93 
 7099 89 
 7100 92 
 7101 89 
 7102 90 
 7103 88 
 7104 91 
 7105 92 
 7106 87 
 7107 87 
 7108 92 
 7109 91 
 7110 87 
 7111 85 
 7112 85 
 7113 85 
 7114 86 
 7115 83 
 7116 85 
 7117 83 
 7118 85 
 7119 82 
 7120 81 
 7121 82 
 7122 85 
 7123 86 
 7124 85 
 7125 80 
 7126 78 
 7127 80 
 7128 80 
 7129 82 
 7130 85 
 7131 89 
 7132 94 
 7133 90 
 7134 92 
 7135 95 
 7136 98 
 7137 98 
 7138 98 
 7139 100 
 7140 100 
 7141 106 
 7142 100 
 7143 103 
 7144 101 
 7145 102 
 7146 106 
 7147 104 
 7148 104 
 7149 102 
 7150 109 
 7151 105 
 7152 108 
 7153 108 
 7154 105 
 7155 109 
 7156 107 
 7157 108 
 7158 107 
 7159 111 
 7160 109 
 7161 111 
 7162 105 
 7163 108 
 7164 107 
 7165 107 
 7166 110 
 7167 112 
 7168 113 
 7169 111 
 7170 110 
 7171 110 
 7172 114 
 7173 113 
 7174 115 
 7175 114 
 7176 116 
 7177 117 
 7178 112 
 7179 113 
 7180 112 
 7181 109 
 7182 115 
 7183 112 
 7184 110 
 7185 108 
 7186 113 
 7187 105 
 7188 110 
 7189 106 
 7190 105 
 7191 109 
 7192 101 
 7193 107 
 7194 102 
 7195 105 
 7196 104 
 7197 98 
 7198 99 
 7199 101 
 7200 100 
 7201 101 
 7202 100 
 7203 96 
 7204 103 
 7205 101 
 7206 101 
 7207 99 
 7208 99 
 7209 103 
 7210 102 
 7211 100 
 7212 99 
 7213 103 
 7214 100 
 7215 102 
 7216 100 
 7217 100 
 7218 99 
 7219 99 
 7220 101 
 7221 99 
 7222 101 
 7223 101 
 7224 99 
 7225 99 
 7226 98 
 7227 97 
 7228 92 
 7229 99 
 7230 103 
 7231 102 
 7232 98 
 7233 97 
 7234 96 
 7235 98 
 7236 95 
 7237 97 
 7238 94 
 7239 94 
 7240 93 
 7241 94 
 7242 93 
 7243 91 
 7244 92 
 7245 90 
 7246 91 
 7247 88 
 7248 90 
 7249 92 
 7250 90 
 7251 89 
 7252 89 
 7253 89 
 7254 89 
 7255 85 
 7256 89 
 7257 84 
 7258 85 
 7259 83 
 7260 83 
 7261 84 
 7262 80 
 7263 86 
 7264 83 
 7265 82 
 7266 83 
 7267 84 
 7268 84 
 7269 81 
 7270 79 
 7271 77 
 7272 80 
 7273 84 
 7274 86 
 7275 90 
 7276 94 
 7277 93 
 7278 92 
 7279 94 
 7280 98 
 7281 102 
 7282 101 
 7283 101 
 7284 101 
 7285 110 
 7286 102 
 7287 100 
 7288 104 
 7289 102 
 7290 106 
 7291 108 
 7292 107 
 7293 105 
 7294 111 
 7295 106 
 7296 108 
 7297 106 
 7298 108 
 7299 108 
 7300 108 
 7301 105 
 7302 106 
 7303 111 
 7304 106 
 7305 111 
 7306 110 
 7307 109 
 7308 111 
 7309 110 
 7310 110 
 7311 114 
 7312 116 
 7313 111 
 7314 112 
 7315 112 
 7316 116 
 7317 116 
 7318 110 
 7319 113 
 7320 113 
 7321 116 
 7322 115 
 7323 114 
 7324 112 
 7325 111 
 7326 109 
 7327 109 
 7328 113 
 7329 111 
 7330 114 
 7331 106 
 7332 110 
 7333 111 
 7334 108 
 7335 107 
 7336 103 
 7337 104 
 7338 103 
 7339 107 
 7340 102 
 7341 103 
 7342 101 
 7343 98 
 7344 106 
 7345 105 
 7346 103 
 7347 105 
 7348 107 
 7349 106 
 7350 104 
 7351 106 
 7352 107 
 7353 108 
 7354 111 
 7355 105 
 7356 107 
 7357 114 
 7358 111 
 7359 108 
 7360 106 
 7361 109 
 7362 105 
 7363 106 
 7364 108 
 7365 106 
 7366 110 
 7367 108 
 7368 106 
 7369 109 
 7370 106 
 7371 110 
 7372 106 
 7373 108 
 7374 106 
 7375 110 
 7376 109 
 7377 102 
 7378 108 
 7379 104 
 7380 106 
 7381 97 
 7382 99 
 7383 101 
 7384 99 
 7385 97 
 7386 94 
 7387 97 
 7388 95 
 7389 95 
 7390 95 
 7391 94 
 7392 92 
 7393 94 
 7394 93 
 7395 93 
 7396 91 
 7397 91 
 7398 92 
 7399 90 
 7400 91 
 7401 87 
 7402 87 
 7403 85 
 7404 89 
 7405 86 
 7406 85 
 7407 86 
 7408 85 
 7409 84 
 7410 88 
 7411 86 
 7412 84 
 7413 84 
 7414 83 
 7415 79 
 7416 81 
 7417 86 
 7418 91 
 7419 95 
 7420 101 
 7421 100 
 7422 101 
 7423 105 
 7424 106 
 7425 110 
 7426 110 
 7427 112 
 7428 113 
 7429 118 
 7430 112 
 7431 115 
 7432 114 
 7433 116 
 7434 119 
 7435 120 
 7436 120 
 7437 120 
 7438 124 
 7439 120 
 7440 123 
 7441 119 
 7442 121 
 7443 125 
 7444 127 
 7445 121 
 7446 122 
 7447 125 
 7448 125 
 7449 123 
 7450 122 
 7451 123 
 7452 124 
 7453 128 
 7454 126 
 7455 127 
 7456 130 
 7457 127 
 7458 126 
 7459 127 
 7460 126 
 7461 128 
 7462 131 
 7463 126 
 7464 132 
 7465 128 
 7466 131 
 7467 128 
 7468 124 
 7469 124 
 7470 126 
 7471 121 
 7472 126 
 7473 126 
 7474 126 
 7475 121 
 7476 125 
 7477 118 
 7478 118 
 7479 115 
 7480 118 
 7481 117 
 7482 113 
 7483 112 
 7484 107 
 7485 108 
 7486 108 
 7487 107 
 7488 106 
 7489 109 
 7490 108 
 7491 109 
 7492 108 
 7493 105 
 7494 105 
 7495 106 
 7496 108 
 7497 107 
 7498 107 
 7499 108 
 7500 107 
 7501 107 
 7502 109 
 7503 107 
 7504 104 
 7505 109 
 7506 107 
 7507 109 
 7508 109 
 7509 107 
 7510 106 
 7511 108 
 7512 106 
 7513 110 
 7514 109 
 7515 109 
 7516 112 
 7517 106 
 7518 110 
 7519 113 
 7520 107 
 7521 105 
 7522 109 
 7523 104 
 7524 107 
 7525 102 
 7526 102 
 7527 102 
 7528 98 
 7529 98 
 7530 98 
 7531 99 
 7532 96 
 7533 94 
 7534 94 
 7535 97 
 7536 94 
 7537 95 
 7538 91 
 7539 91 
 7540 91 
 7541 92 
 7542 91 
 7543 89 
 7544 88 
 7545 88 
 7546 87 
 7547 85 
 7548 85 
 7549 86 
 7550 83 
 7551 84 
 7552 84 
 7553 84 
 7554 87 
 7555 85 
 7556 81 
 7557 81 
 7558 79 
 7559 79 
 7560 80 
 7561 85 
 7562 88 
 7563 95 
 7564 99 
 7565 98 
 7566 102 
 7567 104 
 7568 108 
 7569 106 
 7570 109 
 7571 106 
 7572 112 
 7573 111 
 7574 114 
 7575 118 
 7576 118 
 7577 119 
 7578 119 
 7579 121 
 7580 120 
 7581 123 
 7582 123 
 7583 125 
 7584 124 
 7585 126 
 7586 125 
 7587 133 
 7588 126 
 7589 125 
 7590 127 
 7591 124 
 7592 125 
 7593 126 
 7594 132 
 7595 133 
 7596 126 
 7597 133 
 7598 130 
 7599 132 
 7600 130 
 7601 133 
 7602 129 
 7603 130 
 7604 133 
 7605 132 
 7606 133 
 7607 130 
 7608 129 
 7609 131 
 7610 129 
 7611 128 
 7612 130 
 7613 128 
 7614 128 
 7615 130 
 7616 127 
 7617 127 
 7618 127 
 7619 123 
 7620 123 
 7621 123 
 7622 118 
 7623 119 
 7624 120 
 7625 114 
 7626 112 
 7627 111 
 7628 110 
 7629 107 
 7630 106 
 7631 106 
 7632 112 
 7633 111 
 7634 115 
 7635 108 
 7636 111 
 7637 111 
 7638 112 
 7639 115 
 7640 114 
 7641 109 
 7642 111 
 7643 113 
 7644 114 
 7645 110 
 7646 114 
 7647 114 
 7648 112 
 7649 113 
 7650 111 
 7651 110 
 7652 113 
 7653 114 
 7654 113 
 7655 117 
 7656 113 
 7657 113 
 7658 116 
 7659 118 
 7660 116 
 7661 116 
 7662 121 
 7663 118 
 7664 113 
 7665 110 
 7666 112 
 7667 112 
 7668 113 
 7669 106 
 7670 105 
 7671 105 
 7672 103 
 7673 106 
 7674 100 
 7675 99 
 7676 98 
 7677 99 
 7678 98 
 7679 97 
 7680 97 
 7681 96 
 7682 95 
 7683 93 
 7684 91 
 7685 92 
 7686 90 
 7687 93 
 7688 89 
 7689 88 
 7690 89 
 7691 88 
 7692 87 
 7693 91 
 7694 84 
 7695 87 
 7696 85 
 7697 86 
 7698 86 
 7699 84 
 7700 81 
 7701 85 
 7702 82 
 7703 82 
 7704 84 
 7705 87 
 7706 89 
 7707 97 
 7708 97 
 7709 104 
 7710 103 
 7711 107 
 7712 109 
 7713 111 
 7714 114 
 7715 116 
 7716 116 
 7717 117 
 7718 120 
 7719 121 
 7720 128 
 7721 122 
 7722 127 
 7723 127 
 7724 125 
 7725 132 
 7726 129 
 7727 130 
 7728 131 
 7729 130 
 7730 132 
 7731 135 
 7732 135 
 7733 131 
 7734 133 
 7735 136 
 7736 136 
 7737 138 
 7738 135 
 7739 140 
 7740 136 
 7741 139 
 7742 137 
 7743 139 
 7744 142 
 7745 140 
 7746 140 
 7747 142 
 7748 140 
 7749 135 
 7750 138 
 7751 137 
 7752 135 
 7753 140 
 7754 137 
 7755 143 
 7756 138 
 7757 139 
 7758 136 
 7759 141 
 7760 133 
 7761 134 
 7762 133 
 7763 134 
 7764 131 
 7765 130 
 7766 125 
 7767 131 
 7768 120 
 7769 118 
 7770 120 
 7771 113 
 7772 114 
 7773 115 
 7774 110 
 7775 111 
 7776 148 
 7777 149 
 7778 149 
 7779 149 
 7780 149 
 7781 149 
 7782 150 
 7783 149 
 7784 149 
 7785 148 
 7786 149 
 7787 148 
 7788 150 
 7789 149 
 7790 149 
 7791 149 
 7792 149 
 7793 150 
 7794 149 
 7795 148 
 7796 149 
 7797 150 
 7798 149 
 7799 149 
 7800 149 
 7801 149 
 7802 149 
 7803 148 
 7804 149 
 7805 150 
 7806 149 
 7807 148 
 7808 148 
 7809 147 
 7810 148 
 7811 148 
 7812 148 
 7813 148 
 7814 148 
 7815 148 
 7816 149 
 7817 148 
 7818 147 
 7819 147 
 7820 147 
 7821 147 
 7822 147 
 7823 147 
 7824 147 
 7825 147 
 7826 147 
 7827 146 
 7828 147 
 7829 146 
 7830 146 
 7831 147 
 7832 146 
 7833 146 
 7834 146 
 7835 146 
 7836 145 
 7837 146 
 7838 146 
 7839 146 
 7840 146 
 7841 145 
 7842 145 
 7843 145 
 7844 145 
 7845 145 
 7846 144 
 7847 144 
 7848 145 
 7849 145 
 7850 146 
 7851 146 
 7852 147 
 7853 147 
 7854 148 
 7855 148 
 7856 148 
 7857 148 
 7858 148 
 7859 150 
 7860 149 
 7861 150 
 7862 149 
 7863 150 
 7864 150 
 7865 150 
 7866 152 
 7867 150 
 7868 151 
 7869 150 
 7870 150 
 7871 151 
 7872 151 
 7873 152 
 7874 151 
 7875 152 
 7876 151 
 7877 151 
 7878 151 
 7879 152 
 7880 153 
 7881 152 
 7882 152 
 7883 152 
 7884 152 
 7885 153 
 7886 152 
 7887 153 
 7888 153 
 7889 152 
 7890 152 
 7891 153 
 7892 152 
 7893 152 
 7894 152 
 7895 152 
 7896 153 
 7897 152 
 7898 154 
 7899 153 
 7900 153 
 7901 153 
 7902 152 
 7903 153 
 7904 152 
 7905 152 
 7906 152 
 7907 151 
 7908 152 
 7909 151 
 7910 152 
 7911 151 
 7912 151 
 7913 150 
 7914 150 
 7915 150 
 7916 149 
 7917 149 
 7918 148 
 7919 149 
 7920 149 
 7921 149 
 7922 150 
 7923 148 
 7924 149 
 7925 148 
 7926 148 
 7927 148 
 7928 148 
 7929 149 
 7930 148 
 7931 148 
 7932 148 
 7933 148 
 7934 149 
 7935 148 
 7936 148 
 7937 148 
 7938 149 
 7939 149 
 7940 148 
 7941 148 
 7942 150 
 7943 148 
 7944 148 
 7945 149 
 7946 148 
 7947 149 
 7948 149 
 7949 149 
 7950 149 
 7951 147 
 7952 148 
 7953 148 
 7954 148 
 7955 147 
 7956 147 
 7957 148 
 7958 147 
 7959 147 
 7960 147 
 7961 147 
 7962 146 
 7963 147 
 7964 147 
 7965 146 
 7966 146 
 7967 145 
 7968 145 
 7969 146 
 7970 146 
 7971 146 
 7972 145 
 7973 145 
 7974 146 
 7975 145 
 7976 145 
 7977 145 
 7978 145 
 7979 145 
 7980 145 
 7981 145 
 7982 144 
 7983 145 
 7984 145 
 7985 144 
 7986 144 
 7987 145 
 7988 144 
 7989 145 
 7990 144 
 7991 144 
 7992 144 
 7993 145 
 7994 145 
 7995 145 
 7996 147 
 7997 147 
 7998 148 
 7999 148 
 8000 148 
 8001 149 
 8002 149 
 8003 148 
 8004 149 
 8005 150 
 8006 150 
 8007 150 
 8008 151 
 8009 150 
 8010 150 
 8011 150 
 8012 150 
 8013 151 
 8014 151 
 8015 151 
 8016 150 
 8017 151 
 8018 151 
 8019 151 
 8020 152 
 8021 151 
 8022 152 
 8023 152 
 8024 151 
 8025 152 
 8026 152 
 8027 152 
 8028 152 
 8029 153 
 8030 152 
 8031 154 
 8032 153 
 8033 153 
 8034 152 
 8035 152 
 8036 153 
 8037 151 
 8038 152 
 8039 153 
 8040 152 
 8041 153 
 8042 152 
 8043 153 
 8044 153 
 8045 152 
 8046 153 
 8047 152 
 8048 152 
 8049 152 
 8050 153 
 8051 153 
 8052 151 
 8053 152 
 8054 150 
 8055 150 
 8056 150 
 8057 151 
 8058 149 
 8059 150 
 8060 148 
 8061 149 
 8062 148 
 8063 148 
 8064 153 
 8065 154 
 8066 154 
 8067 153 
 8068 154 
 8069 155 
 8070 154 
 8071 154 
 8072 153 
 8073 152 
 8074 153 
 8075 153 
 8076 154 
 8077 154 
 8078 154 
 8079 153 
 8080 153 
 8081 154 
 8082 154 
 8083 154 
 8084 153 
 8085 154 
 8086 153 
 8087 152 
 8088 153 
 8089 152 
 8090 150 
 8091 151 
 8092 149 
 8093 151 
 8094 148 
 8095 149 
 8096 149 
 8097 149 
 8098 148 
 8099 148 
 8100 148 
 8101 149 
 8102 148 
 8103 147 
 8104 148 
 8105 147 
 8106 148 
 8107 147 
 8108 148 
 8109 146 
 8110 147 
 8111 147 
 8112 146 
 8113 148 
 8114 149 
 8115 151 
 8116 152 
 8117 152 
 8118 154 
 8119 155 
 8120 154 
 8121 155 
 8122 156 
 8123 157 
 8124 157 
 8125 157 
 8126 159 
 8127 158 
 8128 157 
 8129 159 
 8130 159 
 8131 159 
 8132 159 
 8133 158 
 8134 159 
 8135 160 
 8136 160 
 8137 161 
 8138 160 
 8139 161 
 8140 162 
 8141 161 
 8142 161 
 8143 161 
 8144 162 
 8145 161 
 8146 162 
 8147 160 
 8148 160 
 8149 160 
 8150 158 
 8151 160 
 8152 159 
 8153 157 
 8154 158 
 8155 156 
 8156 155 
 8157 155 
 8158 154 
 8159 154 
 8160 155 
 8161 155 
 8162 155 
 8163 154 
 8164 156 
 8165 156 
 8166 156 
 8167 156 
 8168 156 
 8169 154 
 8170 154 
 8171 155 
 8172 156 
 8173 155 
 8174 156 
 8175 156 
 8176 156 
 8177 155 
 8178 156 
 8179 156 
 8180 156 
 8181 156 
 8182 154 
 8183 155 
 8184 154 
 8185 154 
 8186 153 
 8187 151 
 8188 151 
 8189 151 
 8190 151 
 8191 150 
 8192 151 
 8193 150 
 8194 149 
 8195 149 
 8196 150 
 8197 149 
 8198 148 
 8199 148 
 8200 149 
 8201 149 
 8202 148 
 8203 148 
 8204 148 
 8205 147 
 8206 147 
 8207 147 
 8208 148 
 8209 148 
 8210 150 
 8211 153 
 8212 152 
 8213 153 
 8214 155 
 8215 157 
 8216 157 
 8217 158 
 8218 158 
 8219 159 
 8220 161 
 8221 161 
 8222 160 
 8223 162 
 8224 160 
 8225 162 
 8226 163 
 8227 162 
 8228 164 
 8229 164 
 8230 163 
 8231 162 
 8232 162 
 8233 162 
 8234 164 
 8235 163 
 8236 165 
 8237 164 
 8238 163 
 8239 162 
 8240 164 
 8241 165 
 8242 163 
 8243 165 
 8244 162 
 8245 162 
 8246 163 
 8247 161 
 8248 162 
 8249 160 
 8250 159 
 8251 158 
 8252 158 
 8253 158 
 8254 156 
 8255 154 
 8256 158 
 8257 157 
 8258 157 
 8259 157 
 8260 157 
 8261 157 
 8262 157 
 8263 157 
 8264 156 
 8265 157 
 8266 156 
 8267 156 
 8268 157 
 8269 157 
 8270 159 
 8271 157 
 8272 157 
 8273 158 
 8274 157 
 8275 156 
 8276 157 
 8277 156 
 8278 156 
 8279 156 
 8280 155 
 8281 154 
 8282 154 
 8283 152 
 8284 152 
 8285 152 
 8286 152 
 8287 152 
 8288 151 
 8289 151 
 8290 150 
 8291 151 
 8292 149 
 8293 150 
 8294 148 
 8295 149 
 8296 149 
 8297 148 
 8298 148 
 8299 148 
 8300 148 
 8301 149 
 8302 147 
 8303 149 
 8304 148 
 8305 148 
 8306 150 
 8307 153 
 8308 153 
 8309 156 
 8310 157 
 8311 159 
 8312 160 
 8313 160 
 8314 161 
 8315 160 
 8316 162 
 8317 163 
 8318 164 
 8319 164 
 8320 163 
 8321 164 
 8322 166 
 8323 166 
 8324 166 
 8325 165 
 8326 166 
 8327 165 
 8328 167 
 8329 165 
 8330 167 
 8331 166 
 8332 168 
 8333 168 
 8334 166 
 8335 168 
 8336 168 
 8337 168 
 8338 168 
 8339 166 
 8340 167 
 8341 166 
 8342 164 
 8343 163 
 8344 164 
 8345 161 
 8346 162 
 8347 161 
 8348 159 
 8349 157 
 8350 157 
 8351 157 
 8352 159 
 8353 159 
 8354 158 
 8355 160 
 8356 158 
 8357 159 
 8358 159 
 8359 159 
 8360 159 
 8361 157 
 8362 158 
 8363 158 
 8364 159 
 8365 159 
 8366 159 
 8367 160 
 8368 160 
 8369 159 
 8370 159 
 8371 158 
 8372 160 
 8373 159 
 8374 157 
 8375 157 
 8376 157 
 8377 156 
 8378 155 
 8379 155 
 8380 154 
 8381 152 
 8382 152 
 8383 152 
 8384 152 
 8385 150 
 8386 150 
 8387 150 
 8388 149 
 8389 149 
 8390 149 
 8391 150 
 8392 149 
 8393 149 
 8394 149 
 8395 148 
 8396 148 
 8397 149 
 8398 147 
 8399 149 
 8400 148 
 8401 149 
 8402 151 
 8403 153 
 8404 154 
 8405 155 
 8406 158 
 8407 159 
 8408 160 
 8409 161 
 8410 162 
 8411 163 
 8412 165 
 8413 165 
 8414 167 
 8415 166 
 8416 167 
 8417 167 
 8418 167 
 8419 167 
 8420 168 
 8421 171 
 8422 169 
 8423 170 
 8424 169 
 8425 169 
 8426 170 
 8427 172 
 8428 172 
 8429 170 
 8430 171 
 8431 171 
 8432 172 
 8433 170 
 8434 172 
 8435 171 
 8436 171 
 8437 171 
 8438 167 
 8439 167 
 8440 167 
 8441 166 
 8442 164 
 8443 163 
 8444 161 
 8445 160 
 8446 157 
 8447 157 
 8448 160 
 8449 161 
 8450 158 
 8451 159 
 8452 158 
 8453 160 
 8454 159 
 8455 160 
 8456 158 
 8457 158 
 8458 160 
 8459 158 
 8460 159 
 8461 159 
 8462 160 
 8463 158 
 8464 161 
 8465 160 
 8466 160 
 8467 160 
 8468 159 
 8469 159 
 8470 158 
 8471 157 
 8472 156 
 8473 155 
 8474 154 
 8475 154 
 8476 153 
 8477 152 
 8478 153 
 8479 152 
 8480 150 
 8481 150 
 8482 151 
 8483 151 
 8484 150 
 8485 151 
 8486 149 
 8487 150 
 8488 151 
 8489 149 
 8490 149 
 8491 150 
 8492 148 
 8493 149 
 8494 149 
 8495 148 
 8496 147 
 8497 149 
 8498 150 
 8499 153 
 8500 156 
 8501 156 
 8502 157 
 8503 161 
 8504 159 
 8505 161 
 8506 163 
 8507 163 
 8508 163 
 8509 166 
 8510 166 
 8511 166 
 8512 168 
 8513 166 
 8514 169 
 8515 170 
 8516 168 
 8517 170 
 8518 171 
 8519 170 
 8520 170 
 8521 171 
 8522 172 
 8523 172 
 8524 172 
 8525 174 
 8526 172 
 8527 174 
 8528 171 
 8529 170 
 8530 173 
 8531 170 
 8532 169 
 8533 172 
 8534 168 
 8535 168 
 8536 168 
 8537 167 
 8538 165 
 8539 163 
 8540 162 
 8541 160 
 8542 159 
 8543 158 
 8544 169 
 8545 171 
 8546 170 
 8547 169 
 8548 167 
 8549 166 
 8550 168 
 8551 168 
 8552 167 
 8553 169 
 8554 169 
 8555 169 
 8556 169 
 8557 166 
 8558 167 
 8559 165 
 8560 164 
 8561 162 
 8562 161 
 8563 159 
 8564 159 
 8565 156 
 8566 155 
 8567 156 
 8568 155 
 8569 155 
 8570 155 
 8571 155 
 8572 155 
 8573 155 
 8574 155 
 8575 153 
 8576 153 
 8577 155 
 8578 160 
 8579 163 
 8580 167 
 8581 168 
 8582 171 
 8583 173 
 8584 177 
 8585 175 
 8586 179 
 8587 181 
 8588 180 
 8589 181 
 8590 182 
 8591 184 
 8592 185 
 8593 186 
 8594 186 
 8595 188 
 8596 188 
 8597 185 
 8598 186 
 8599 185 
 8600 185 
 8601 182 
 8602 179 
 8603 178 
 8604 176 
 8605 171 
 8606 166 
 8607 168 
 8608 175 
 8609 178 
 8610 175 
 8611 175 
 8612 175 
 8613 176 
 8614 174 
 8615 172 
 8616 173 
 8617 174 
 8618 176 
 8619 172 
 8620 174 
 8621 175 
 8622 172 
 8623 170 
 8624 170 
 8625 167 
 8626 165 
 8627 163 
 8628 163 
 8629 161 
 8630 158 
 8631 160 
 8632 161 
 8633 159 
 8634 159 
 8635 157 
 8636 158 
 8637 157 
 8638 157 
 8639 156 
 8640 156 
 8641 156 
 8642 161 
 8643 167 
 8644 170 
 8645 176 
 8646 176 
 8647 180 
 8648 185 
 8649 184 
 8650 186 
 8651 188 
 8652 187 
 8653 191 
 8654 191 
 8655 192 
 8656 192 
 8657 191 
 8658 192 
 8659 196 
 8660 197 
 8661 196 
 8662 194 
 8663 196 
 8664 193 
 8665 191 
 8666 189 
 8667 183 
 8668 180 
 8669 176 
 8670 176 
 8671 176 
 8672 200 
 8673 195 
 8674 197 
 8675 195 
 8676 196 
 8677 198 
 8678 198 
 8679 197 
 8680 196 
 8681 195 
 8682 197 
 8683 199 
 8684 201 
 8685 199 
 8686 194 
 8687 190 
 8688 190 
 8689 187 
 8690 181 
 8691 182 
 8692 181 
 8693 174 
 8694 173 
 8695 172 
 8696 172 
 8697 173 
 8698 169 
 8699 169 
 8700 169 
 8701 165 
 8702 164 
 8703 163 
 8704 165 
 8705 169 
 8706 173 
 8707 179 
 8708 188 
 8709 194 
 8710 202 
 8711 203 
 8712 205 
 8713 207 
 8714 208 
 8715 209 
 8716 210 
 8717 211 
 8718 213 
 8719 220 
 8720 214 
 8721 217 
 8722 216 
 8723 217 
 8724 215 
 8725 216 
 8726 219 
 8727 218 
 8728 214 
 8729 212 
 8730 209 
 8731 206 
 8732 204 
 8733 198 
 8734 198 
 8735 198 
 
