#forward calorimeter crystal shape descriptions pp 156-160, Tables B.5,6,7,8,9 from Hitomi Ikeda's dissertation NWU-HEP 99-01 http://hdl.handle.net/10935/3885
#N A(mm)  B(mm)  C(mm)  D(mm)  a(mm)  b(mm)  c(mm)  d(mm)H_aA(mm)H_dD(mm)dg13(mm)dg24(mm)dg57(mm)dg68(mm)a1(deg)a2(deg)a3(deg)a4(deg)Volume(cc)Weight(kg)
 1 56.514 58.740 60.333 60.333 49.656 51.614 53.048 53.048 3.707 3.497 73.328 73.328  83.425  83.425 91.057 88.943 88.943 91.057  923 4.16 
 2 56.764 58.990 60.333 60.333 49.906 51.864 53.048 53.048 3.707 3.497 73.501 73.501  83.598  83.598 91.057 88.943 88.943 91.057  927 4.18 
 3 53.464 55.728 62.483 60.465 46.884 48.870 54.836 53.066 3.882 3.360 71.465 72.766  81.458  82.942 93.235 88.928 88.928 88.910  894 4.03 
 4 53.638 55.978 62.492 62.492 47.068 49.120 54.845 54.845 4.010 3.359 72.938 72.938  83.113  83.113 91.072 88.928 88.928 91.072  914 4.12 
 5 53.714 55.978 60.456 62.483 47.135 49.120 53.057 54.836 3.883 3.359 72.931 71.626  83.106  81.619 88.910 88.928 88.928 93.234  898 4.05 
 6 53.714 55.978 62.483 60.456 47.135 49.120 54.836 53.057 3.882 3.360 71.626 72.931  81.619  83.106 93.234 88.928 88.928 88.910  897 4.05 
 7 53.464 55.728 60.465 62.483 46.884 48.870 53.066 54.836 3.883 3.359 72.766 71.465  82.942  81.458 88.910 88.928 88.928 93.235  894 4.03 
 8 75.880 79.456 61.072 63.321 66.458 69.592 53.501 55.471 4.061 4.825 86.497 87.771  98.750 100.205 91.633 86.745 89.988 91.633 1308 5.90 
 9 76.130 79.707 63.328 61.072 66.708 69.842 55.478 53.501 4.061 4.825 87.970 86.693 100.404  98.947 91.633 89.988 86.746 91.633 1312 5.92 
10 76.130 79.707 61.072 63.328 66.708 69.842 53.501 55.478 4.061 4.825 86.693 87.970  98.947 100.404 91.633 86.746 89.988 91.633 1313 5.92 
11 75.880 79.456 63.321 61.072 66.458 69.592 55.471 53.501 4.061 4.825 87.771 86.497 100.205  98.750 91.633 89.988 86.745 91.633 1307 5.89 
12 71.360 74.866 60.667 60.667 62.378 65.444 53.046 53.046 3.942 4.603 83.043 83.043  94.989  94.989 91.656 88.344 88.344 91.656 1190 5.37 
13 71.610 75.116 60.667 60.667 62.628 65.694 53.046 53.046 3.942 4.603 83.236 83.236  95.182  95.182 91.656 88.344 88.344 91.656 1195 5.39 
14 66.926 70.486 60.769 60.769 58.397 61.504 53.047 53.047 3.988 4.380 80.035 80.035  91.707  91.707 91.679 88.321 88.322 91.678 1107 4.99 
15 67.176 70.736 60.769 60.769 58.648 61.754 53.047 53.047 3.988 4.379 80.223 80.223  91.895  91.895 91.678 88.322 88.322 91.678 1112 5.02 
16 62.366 66.143 63.663 63.663 54.322 57.614 55.483 55.483 4.211 4.145 78.792 78.792  90.433  90.432 91.700 88.300 88.300 91.700 1075 4.85 
17 62.616 66.394 63.663 63.663 54.572 57.864 55.483 55.483 4.211 4.145 78.969 78.969  90.611  90.611 91.700 88.300 88.300 91.700 1080 4.87 
18 57.981 61.642 60.968 60.969 50.413 53.598 53.046 53.046 4.077 3.905 74.269 74.269  85.388  85.389 91.721 88.279 88.280 91.720  957 4.32 
19 58.232 61.892 60.968 60.968 50.664 53.848 53.046 53.046 4.077 3.905 74.445 74.445  85.564  85.564 91.720 88.280 88.280 91.720  961 4.34 
20 53.661 57.369 64.366 61.089 46.579 49.800 55.920 53.074 4.326 3.664 71.669 73.743  82.525  84.911 95.240 88.261 88.261 88.239  917 4.14 
21 53.710 57.620 64.382 64.382 46.654 50.050 55.935 55.935 4.549 3.664 73.917 73.917  85.087  85.087 91.740 88.260 88.260 91.740  949 4.28 
22 53.913 57.620 61.073 64.366 46.830 50.050 53.059 55.920 4.324 3.664 73.906 71.827  85.075  82.682 88.239 88.261 88.261 95.239  923 4.16 
23 53.913 57.620 64.366 61.073 46.830 50.050 55.920 53.059 4.325 3.664 71.827 73.906  82.682  85.075 95.239 88.261 88.261 88.239  921 4.15 
24 53.661 57.369 61.089 64.366 46.579 49.800 53.074 55.920 4.324 3.664 73.743 71.669  84.911  82.525 88.239 88.261 88.261 95.240  919 4.14 
25 74.160 79.958 60.263 63.928 64.320 69.349 52.279 55.459 4.466 5.120 84.732 86.838  97.686 100.113 92.636 84.739 89.988 92.637 1281 5.78 
26 74.410 80.209 63.940 60.263 64.570 69.600 55.470 52.279 4.466 5.120 87.039 84.929 100.314  97.883 92.637 89.988 84.739 92.637 1283 5.79 
27 74.410 80.209 60.263 63.940 64.570 69.600 52.279 55.470 4.466 5.120 84.929 87.039  97.883 100.314 92.637 84.739 89.988 92.637 1286 5.80 
28 74.160 79.958 63.928 60.263 64.320 69.349 55.459 52.279 4.466 5.120 86.838 84.732 100.113  97.686 92.637 89.988 84.739 92.636 1278 5.76 
29 67.747 73.437 61.230 61.230 58.667 63.596 53.044 53.044 4.308 4.735 80.899 80.900  93.404  93.404 92.664 87.336 87.338 92.662 1140 5.14 
30 67.998 73.688 61.230 61.230 58.918 63.846 53.044 53.044 4.308 4.735 81.089 81.089  93.594  93.594 92.662 87.338 87.338 92.662 1145 5.16 
31 61.335 67.153 64.221 61.328 53.040 58.073 55.568 53.067 4.521 4.350 76.810 78.471  88.795  90.716 95.386 87.314 87.313 89.988 1050 4.74 
32 61.586 67.404 61.316 64.221 53.290 58.324 53.055 55.568 4.521 4.351 78.649 76.983  90.894  88.969 89.987 87.313 87.312 95.388 1057 4.77 
33 61.586 67.404 64.221 61.316 53.290 58.324 55.568 53.055 4.521 4.351 76.983 78.649  88.969  90.894 95.388 87.312 87.313 89.987 1054 4.76 
34 61.335 67.153 61.328 64.221 53.040 58.073 53.067 55.568 4.521 4.351 78.471 76.810  90.716  88.795 89.988 87.313 87.314 95.386 1052 4.75 
35 73.337 81.303 61.618 64.177 63.364 70.250 53.255 55.465 4.679 5.271 85.302 86.800  98.714 100.449 93.613 84.588 88.186 93.613 1293 5.83 
37 73.337 81.303 64.177 61.618 63.364 70.250 55.465 53.255 4.679 5.272 86.800 85.302 100.449  98.714 93.613 88.186 84.588 93.613 1290 5.82 
38 64.956 72.757 61.444 61.444 56.050 62.785 53.043 53.043 4.492 4.729 79.578 79.578  92.203  92.202 93.639 86.361 86.360 93.640 1106 4.99 
39 65.206 73.008 61.444 61.444 56.300 63.036 53.043 53.043 4.492 4.729 79.765 79.765  92.390  92.390 93.640 86.360 86.360 93.640 1111 5.01 
#pentagon crystal, see Figure 4.11
#N A(mm) C(mm) D(mm) a(mm) c(mm) d(mm) B7=B9(mm) b2=b4(mm) H_aA(mm) H_dD(mm) dg13(mm) dg24(mm) dg57(mm) dg68(mm) a1(deg) a4(deg) a2(deg) a3(deg) a9(deg) Volume(cc) Weight(kg)
36 73.588 61.633 61.633 63.614 53.270 53.270 40.858 35.321 4.679 5.272 85.507 85.507 98.921 98.921 93.613 93.613 91.785 91.785 169.203 1316 5.94
