0 86
1 87
2 84
3 85
4 80
5 77
6 70
7 64
8 63
9 66
10 67
11 73
12 77
13 81
14 88
15 87
16 77
17 61
18 43
19 32
20 27
21 23
22 23
23 22
24 23
25 22
26 23
27 25
28 29
29 44
30 64
31 79
32 84
33 85
34 77
35 69
36 66
37 64
38 61
39 61
40 66
41 66
42 75
43 80
44 75
45 72
46 77
47 84
48 42
49 42
50 43
51 43
52 47
53 46
54 39
55 39
56 32
57 32
58 33
59 34
60 35
61 35
62 39
63 39
64 37
65 29
66 21
67 16
68 15
69 12
70 13
71 12
72 13
73 12
74 12
75 13
76 16
77 20
78 30
79 36
80 37
81 38
82 36
83 33
84 29
85 33
86 28
87 30
88 34
89 32
90 35
91 37
92 37
93 36
94 41
95 41
96 19
97 23
98 20
99 20
100 24
101 22
102 22
103 21
104 21
105 26
106 22
107 16
108 16
109 15
110 14
111 14
112 15
113 14
114 14
115 15
116 17
117 15
118 15
119 12
120 10
121 8
122 8
123 7
124 6
125 7
126 6
127 6
128 6
129 6
130 6
131 7
132 6
133 7
134 8
135 8
136 12
137 13
138 14
139 14
140 16
141 14
142 13
143 13
144 13
145 12
146 12
147 13
148 14
149 14
150 13
151 14
152 14
153 17
154 15
155 17
156 17
157 18
158 18
159 19
160 13
161 13
162 14
163 14
164 14
165 15
166 16
167 15
168 19
169 23
170 17
171 12
172 11
173 11
174 9
175 10
176 10
177 10
178 10
179 11
180 10
181 10
182 9
183 8
184 7
185 6
186 5
187 5
188 5
189 5
190 5
191 5
192 5
193 5
194 5
195 5
196 5
197 5
198 6
199 6
200 8
201 9
202 10
203 10
204 10
205 9
206 10
207 9
208 10
209 9
210 8
211 8
212 9
213 9
214 10
215 12
216 9
217 11
218 11
219 11
220 11
221 12
222 13
223 14
224 11
225 10
226 12
227 10
228 12
229 12
230 14
231 12
232 13
233 15
234 14
235 11
236 9
237 8
238 9
239 8
240 7
241 8
242 8
243 8
244 8
245 8
246 7
247 6
248 6
249 5
250 5
251 5
252 6
253 4
254 4
255 4
256 4
257 5
258 4
259 5
260 4
261 5
262 5
263 6
264 6
265 7
266 8
267 8
268 8
269 7
270 8
271 7
272 7
273 7
274 7
275 7
276 7
277 8
278 9
279 9
280 8
281 9
282 9
283 9
284 10
285 9
286 11
287 12
288 7
289 8
290 6
291 8
292 8
293 7
294 6
295 8
296 7
297 8
298 7
299 8
300 9
301 10
302 8
303 7
304 7
305 7
306 5
307 6
308 5
309 5
310 6
311 5
312 4
313 5
314 4
315 4
316 5
317 5
318 5
319 5
320 4
321 4
322 4
323 4
324 4
325 4
326 3
327 3
328 3
329 3
330 3
331 3
332 3
333 3
334 2
335 2
336 3
337 3
338 2
339 3
340 2
341 3
342 3
343 3
344 3
345 2
346 3
347 4
348 3
349 4
350 4
351 5
352 5
353 4
354 4
355 4
356 4
357 4
358 4
359 4
360 4
361 5
362 4
363 4
364 4
365 4
366 5
367 4
368 5
369 5
370 6
371 6
372 6
373 5
374 6
375 6
376 6
377 7
378 6
379 7
380 6
381 6
382 6
383 7
384 7
385 7
386 7
387 7
388 7
389 7
390 6
391 7
392 7
393 7
394 6
395 8
396 7
397 6
398 6
399 8
400 6
401 6
402 5
403 5
404 5
405 5
406 5
407 5
408 4
409 5
410 5
411 5
412 4
413 4
414 5
415 5
416 4
417 4
418 5
419 4
420 3
421 4
422 3
423 3
424 3
425 3
426 3
427 2
428 3
429 3
430 3
431 2
432 2
433 2
434 2
435 3
436 2
437 2
438 3
439 3
440 2
441 3
442 3
443 3
444 3
445 3
446 3
447 4
448 4
449 4
450 5
451 4
452 4
453 4
454 4
455 4
456 4
457 4
458 4
459 5
460 4
461 4
462 4
463 5
464 5
465 4
466 4
467 5
468 5
469 4
470 6
471 6
472 6
473 6
474 6
475 6
476 7
477 7
478 7
479 7
480 7
481 7
482 7
483 6
484 7
485 7
486 7
487 7
488 8
489 7
490 7
491 8
492 8
493 7
494 6
495 7
496 7
497 7
498 6
499 6
500 7
501 6
502 5
503 5
504 5
505 5
506 5
507 5
508 5
509 5
510 5
511 5
512 5
513 4
514 5
515 4
516 4
517 4
518 3
519 3
520 3
521 3
522 3
523 3
524 2
525 3
526 3
527 3
528 3
529 2
530 2
531 2
532 2
533 2
534 3
535 3
536 3
537 2
538 3
539 3
540 4
541 3
542 3
543 4
544 5
545 4
546 4
547 4
548 4
549 4
550 4
551 4
552 4
553 4
554 4
555 5
556 4
557 5
558 5
559 5
560 5
561 5
562 5
563 5
564 6
565 6
566 5
567 6
568 7
569 6
570 6
571 6
572 7
573 7
574 8
575 7
576 6
577 7
578 7
579 7
580 7
581 6
582 7
583 6
584 6
585 8
586 7
587 7
588 7
589 7
590 7
591 6
592 7
593 6
594 6
595 6
596 6
597 6
598 6
599 5
600 5
601 5
602 5
603 5
604 4
605 4
606 4
607 5
608 4
609 4
610 4
611 4
612 4
613 3
614 4
615 3
616 3
617 3
618 3
619 3
620 3
621 3
622 3
623 3
624 2
625 2
626 2
627 3
628 3
629 3
630 2
631 3
632 2
633 3
634 4
635 3
636 3
637 3
638 3
639 4
640 3
641 4
642 4
643 4
644 4
645 4
646 4
647 3
648 4
649 4
650 4
651 4
652 4
653 4
654 4
655 4
656 4
657 5
658 5
659 5
660 5
661 6
662 6
663 6
664 7
665 7
666 6
667 7
668 6
669 7
670 6
671 7
672 7
673 7
674 7
675 7
676 8
677 7
678 7
679 7
680 7
681 6
682 7
683 7
684 8
685 7
686 7
687 7
688 7
689 6
690 7
691 6
692 6
693 6
694 6
695 6
696 6
697 5
698 5
699 5
700 5
701 6
702 5
703 5
704 4
705 5
706 5
707 4
708 4
709 3
710 4
711 4
712 3
713 3
714 3
715 3
716 3
717 3
718 3
719 2
720 3
721 3
722 2
723 3
724 2
725 2
726 3
727 3
728 2
729 2
730 2
731 3
732 3
733 3
734 3
735 3
736 3
737 3
738 3
739 4
740 3
741 4
742 4
743 3
744 4
745 4
746 4
747 4
748 4
749 4
750 4
751 5
752 4
753 5
754 5
755 5
756 5
757 6
758 6
759 6
760 6
761 7
762 6
763 7
764 7
765 7
766 7
767 7
768 6
769 7
770 7
771 7
772 6
773 6
774 7
775 7
776 8
777 6
778 8
779 8
780 7
781 8
782 8
783 8
784 7
785 7
786 8
787 6
788 7
789 6
790 6
791 6
792 5
793 6
794 6
795 5
796 5
797 5
798 5
799 6
800 5
801 5
802 5
803 4
804 3
805 4
806 4
807 4
808 4
809 4
810 3
811 3
812 2
813 3
814 2
815 3
816 3
817 2
818 3
819 3
820 3
821 3
822 3
823 3
824 3
825 3
826 3
827 3
828 3
829 3
830 3
831 3
832 4
833 4
834 4
835 4
836 4
837 4
838 4
839 4
840 4
841 5
842 4
843 4
844 5
845 5
846 4
847 4
848 5
849 5
850 5
851 5
852 6
853 6
854 6
855 7
856 6
857 6
858 6
859 7
860 7
861 7
862 7
863 7
864 4
865 5
866 5
867 5
868 4
869 4
870 5
871 5
872 5
873 4
874 5
875 5
876 5
877 5
878 5
879 5
880 5
881 5
882 6
883 6
884 4
885 4
886 5
887 5
888 5
889 4
890 4
891 4
892 4
893 4
894 4
895 4
896 4
897 5
898 5
899 4
900 4
901 3
902 4
903 4
904 4
905 4
906 3
907 3
908 3
909 3
910 4
911 3
912 3
913 3
914 3
915 3
916 3
917 2
918 3
919 2
920 3
921 3
922 3
923 2
924 2
925 2
926 2
927 2
928 1
929 2
930 2
931 2
932 2
933 2
934 2
935 2
936 2
937 2
938 2
939 2
940 2
941 2
942 1
943 1
944 2
945 2
946 2
947 1
948 2
949 2
950 2
951 2
952 2
953 1
954 2
955 2
956 2
957 2
958 2
959 2
960 2
961 2
962 2
963 2
964 2
965 2
966 2
967 2
968 3
969 3
970 3
971 2
972 3
973 3
974 3
975 3
976 3
977 3
978 3
979 4
980 3
981 3
982 4
983 4
984 4
985 4
986 3
987 3
988 4
989 4
990 4
991 4
992 4
993 3
994 4
995 4
996 4
997 4
998 4
999 4
1000 4
1001 4
1002 4
1003 5
1004 5
1005 5
1006 4
1007 4
1008 4
1009 5
1010 5
1011 5
1012 5
1013 5
1014 5
1015 5
1016 5
1017 5
1018 5
1019 6
1020 6
1021 6
1022 6
1023 6
1024 6
1025 5
1026 6
1027 6
1028 5
1029 5
1030 5
1031 5
1032 5
1033 5
1034 5
1035 5
1036 5
1037 5
1038 4
1039 4
1040 4
1041 5
1042 5
1043 5
1044 4
1045 5
1046 5
1047 4
1048 5
1049 4
1050 4
1051 3
1052 3
1053 4
1054 3
1055 4
1056 3
1057 3
1058 3
1059 3
1060 4
1061 3
1062 3
1063 3
1064 3
1065 3
1066 3
1067 3
1068 3
1069 2
1070 3
1071 2
1072 2
1073 2
1074 2
1075 2
1076 2
1077 2
1078 2
1079 2
1080 2
1081 1
1082 2
1083 2
1084 2
1085 2
1086 1
1087 2
1088 2
1089 2
1090 1
1091 2
1092 2
1093 2
1094 2
1095 2
1096 2
1097 2
1098 2
1099 2
1100 2
1101 2
1102 2
1103 2
1104 2
1105 2
1106 2
1107 3
1108 3
1109 3
1110 3
1111 3
1112 3
1113 3
1114 3
1115 3
1116 3
1117 3
1118 3
1119 3
1120 4
1121 3
1122 4
1123 4
1124 4
1125 4
1126 3
1127 3
1128 4
1129 4
1130 4
1131 4
1132 4
1133 4
1134 4
1135 4
1136 4
1137 5
1138 4
1139 5
1140 5
1141 4
1142 5
1143 5
1144 4
1145 5
1146 4
1147 4
1148 5
1149 5
1150 5
1151 5
1152 120
1153 118
1154 118
1155 119
1156 123
1157 122
1158 120
1159 120
1160 121
1161 119
1162 124
1163 119
1164 120
1165 125
1166 119
1167 122
1168 121
1169 120
1170 127
1171 124
1172 124
1173 122
1174 124
1175 123
1176 121
1177 122
1178 122
1179 122
1180 124
1181 123
1182 118
1183 121
1184 123
1185 123
1186 122
1187 120
1188 118
1189 119
1190 120
1191 116
1192 119
1193 116
1194 116
1195 117
1196 117
1197 119
1198 115
1199 115
1200 114
1201 114
1202 114
1203 113
1204 115
1205 114
1206 112
1207 112
1208 114
1209 113
1210 112
1211 111
1212 112
1213 110
1214 109
1215 111
1216 110
1217 109
1218 109
1219 108
1220 108
1221 109
1222 108
1223 107
1224 108
1225 108
1226 107
1227 106
1228 108
1229 108
1230 107
1231 107
1232 107
1233 106
1234 109
1235 107
1236 107
1237 108
1238 109
1239 109
1240 107
1241 107
1242 109
1243 108
1244 108
1245 108
1246 111
1247 108
1248 108
1249 109
1250 109
1251 109
1252 110
1253 111
1254 111
1255 111
1256 111
1257 112
1258 111
1259 112
1260 111
1261 112
1262 110
1263 112
1264 114
1265 113
1266 113
1267 113
1268 114
1269 113
1270 114
1271 113
1272 115
1273 115
1274 113
1275 116
1276 115
1277 117
1278 116
1279 116
1280 118
1281 117
1282 118
1283 117
1284 117
1285 116
1286 117
1287 120
1288 118
1289 117
1290 121
1291 121
1292 117
1293 120
1294 120
1295 122
1296 124
1297 122
1298 123
1299 125
1300 125
1301 126
1302 125
1303 124
1304 126
1305 130
1306 127
1307 126
1308 125
1309 129
1310 126
1311 125
1312 124
1313 131
1314 130
1315 129
1316 130
1317 127
1318 130
1319 125
1320 123
1321 125
1322 124
1323 125
1324 124
1325 127
1326 124
1327 125
1328 122
1329 125
1330 125
1331 124
1332 119
1333 120
1334 123
1335 125
1336 124
1337 121
1338 125
1339 121
1340 123
1341 120
1342 118
1343 121
1344 121
1345 117
1346 118
1347 120
1348 118
1349 118
1350 116
1351 116
1352 118
1353 116
1354 116
1355 115
1356 116
1357 113
1358 116
1359 112
1360 114
1361 114
1362 112
1363 112
1364 111
1365 110
1366 109
1367 110
1368 111
1369 110
1370 109
1371 110
1372 110
1373 109
1374 111
1375 110
1376 109
1377 109
1378 110
1379 111
1380 110
1381 110
1382 111
1383 112
1384 112
1385 114
1386 114
1387 114
1388 113
1389 113
1390 114
1391 114
1392 114
1393 116
1394 115
1395 113
1396 115
1397 115
1398 113
1399 114
1400 114
1401 115
1402 116
1403 116
1404 116
1405 117
1406 116
1407 116
1408 117
1409 120
1410 117
1411 117
1412 120
1413 118
1414 118
1415 117
1416 120
1417 120
1418 121
1419 121
1420 118
1421 120
1422 121
1423 121
1424 121
1425 119
1426 123
1427 122
1428 120
1429 119
1430 120
1431 121
1432 124
1433 119
1434 120
1435 125
1436 121
1437 122
1438 124
1439 125
1440 128
1441 126
1442 129
1443 127
1444 128
1445 132
1446 132
1447 130
1448 133
1449 131
1450 129
1451 133
1452 131
1453 135
1454 133
1455 132
1456 133
1457 129
1458 134
1459 129
1460 132
1461 133
1462 132
1463 129
1464 132
1465 132
1466 131
1467 131
1468 127
1469 130
1470 128
1471 129
1472 127
1473 129
1474 126
1475 131
1476 127
1477 132
1478 131
1479 126
1480 128
1481 128
1482 125
1483 128
1484 130
1485 127
1486 125
1487 128
1488 123
1489 124
1490 125
1491 125
1492 125
1493 118
1494 122
1495 121
1496 122
1497 118
1498 118
1499 119
1500 118
1501 115
1502 116
1503 117
1504 113
1505 114
1506 114
1507 113
1508 113
1509 112
1510 111
1511 109
1512 111
1513 111
1514 114
1515 113
1516 113
1517 112
1518 112
1519 112
1520 111
1521 111
1522 112
1523 113
1524 112
1525 113
1526 118
1527 115
1528 113
1529 115
1530 114
1531 116
1532 113
1533 116
1534 117
1535 116
1536 117
1537 118
1538 117
1539 118
1540 119
1541 116
1542 117
1543 120
1544 119
1545 119
1546 119
1547 121
1548 119
1549 119
1550 121
1551 121
1552 124
1553 118
1554 120
1555 124
1556 119
1557 121
1558 123
1559 123
1560 124
1561 125
1562 124
1563 126
1564 125
1565 125
1566 124
1567 124
1568 122
1569 126
1570 129
1571 124
1572 127
1573 124
1574 128
1575 127
1576 129
1577 126
1578 126
1579 129
1580 127
1581 125
1582 126
1583 128
1584 129
1585 128
1586 131
1587 130
1588 134
1589 132
1590 136
1591 134
1592 135
1593 136
1594 136
1595 136
1596 137
1597 140
1598 137
1599 135
1600 137
1601 137
1602 137
1603 136
1604 135
1605 137
1606 139
1607 133
1608 132
1609 134
1610 134
1611 133
1612 131
1613 134
1614 135
1615 136
1616 131
1617 133
1618 132
1619 133
1620 135
1621 128
1622 130
1623 128
1624 130
1625 134
1626 130
1627 129
1628 129
1629 131
1630 131
1631 129
1632 128
1633 129
1634 127
1635 124
1636 127
1637 125
1638 123
1639 125
1640 122
1641 120
1642 124
1643 120
1644 120
1645 118
1646 122
1647 118
1648 117
1649 116
1650 116
1651 117
1652 116
1653 114
1654 113
1655 113
1656 114
1657 112
1658 114
1659 113
1660 113
1661 113
1662 114
1663 112
1664 113
1665 113
1666 113
1667 113
1668 114
1669 115
1670 115
1671 115
1672 117
1673 116
1674 117
1675 115
1676 117
1677 118
1678 123
1679 119
1680 120
1681 118
1682 122
1683 121
1684 120
1685 120
1686 119
1687 123
1688 122
1689 119
1690 119
1691 121
1692 120
1693 123
1694 123
1695 125
1696 126
1697 124
1698 121
1699 124
1700 125
1701 125
1702 126
1703 125
1704 126
1705 128
1706 129
1707 132
1708 127
1709 128
1710 128
1711 129
1712 128
1713 129
1714 134
1715 128
1716 129
1717 127
1718 128
1719 130
1720 131
1721 130
1722 127
1723 132
1724 131
1725 134
1726 129
1727 129
1728 132
1729 135
1730 137
1731 132
1732 136
1733 135
1734 137
1735 140
1736 142
1737 141
1738 139
1739 142
1740 139
1741 144
1742 139
1743 142
1744 140
1745 139
1746 139
1747 139
1748 141
1749 138
1750 141
1751 140
1752 140
1753 136
1754 140
1755 139
1756 136
1757 135
1758 134
1759 139
1760 137
1761 138
1762 133
1763 139
1764 135
1765 135
1766 135
1767 133
1768 138
1769 133
1770 136
1771 132
1772 132
1773 135
1774 132
1775 132
1776 132
1777 134
1778 131
1779 131
1780 128
1781 131
1782 127
1783 124
1784 123
1785 125
1786 126
1787 124
1788 123
1789 122
1790 121
1791 120
1792 122
1793 119
1794 119
1795 120
1796 117
1797 114
1798 114
1799 113
1800 112
1801 114
1802 114
1803 115
1804 117
1805 116
1806 115
1807 115
1808 113
1809 113
1810 114
1811 117
1812 116
1813 116
1814 115
1815 114
1816 118
1817 119
1818 120
1819 118
1820 118
1821 120
1822 119
1823 121
1824 119
1825 122
1826 120
1827 121
1828 120
1829 121
1830 124
1831 124
1832 122
1833 122
1834 127
1835 125
1836 125
1837 126
1838 126
1839 126
1840 128
1841 127
1842 125
1843 128
1844 129
1845 126
1846 129
1847 126
1848 126
1849 134
1850 128
1851 129
1852 129
1853 129
1854 132
1855 129
1856 133
1857 131
1858 136
1859 133
1860 136
1861 131
1862 130
1863 135
1864 129
1865 133
1866 132
1867 136
1868 132
1869 135
1870 133
1871 133
1872 134
1873 137
1874 134
1875 136
1876 140
1877 141
1878 140
1879 138
1880 140
1881 140
1882 144
1883 141
1884 142
1885 146
1886 143
1887 142
1888 142
1889 143
1890 144
1891 144
1892 142
1893 143
1894 147
1895 144
1896 143
1897 139
1898 140
1899 140
1900 141
1901 140
1902 136
1903 143
1904 139
1905 141
1906 140
1907 142
1908 135
1909 138
1910 142
1911 135
1912 136
1913 131
1914 135
1915 136
1916 134
1917 136
1918 132
1919 138
1920 133
1921 134
1922 129
1923 131
1924 134
1925 132
1926 127
1927 128
1928 127
1929 128
1930 127
1931 124
1932 127
1933 125
1934 124
1935 124
1936 125
1937 123
1938 121
1939 121
1940 118
1941 118
1942 116
1943 117
1944 115
1945 116
1946 116
1947 114
1948 118
1949 116
1950 117
1951 118
1952 116
1953 117
1954 116
1955 116
1956 117
1957 118
1958 115
1959 119
1960 117
1961 119
1962 120
1963 120
1964 120
1965 123
1966 124
1967 122
1968 122
1969 122
1970 121
1971 124
1972 121
1973 121
1974 121
1975 126
1976 124
1977 125
1978 124
1979 123
1980 127
1981 128
1982 129
1983 129
1984 130
1985 127
1986 128
1987 127
1988 130
1989 127
1990 129
1991 129
1992 131
1993 133
1994 131
1995 132
1996 131
1997 131
1998 132
1999 133
2000 134
2001 134
2002 135
2003 131
2004 134
2005 133
2006 133
2007 135
2008 134
2009 135
2010 131
2011 141
2012 136
2013 136
2014 136
2015 134
2016 136
2017 137
2018 137
2019 135
2020 142
2021 134
2022 138
2023 142
2024 141
2025 144
2026 143
2027 140
2028 148
2029 147
2030 143
2031 146
2032 146
2033 148
2034 142
2035 145
2036 141
2037 142
2038 146
2039 144
2040 144
2041 139
2042 142
2043 141
2044 139
2045 140
2046 143
2047 148
2048 139
2049 139
2050 141
2051 140
2052 141
2053 143
2054 139
2055 138
2056 142
2057 137
2058 135
2059 136
2060 136
2061 139
2062 136
2063 134
2064 135
2065 139
2066 131
2067 133
2068 133
2069 131
2070 131
2071 130
2072 127
2073 129
2074 129
2075 124
2076 129
2077 128
2078 122
2079 127
2080 122
2081 124
2082 124
2083 123
2084 120
2085 116
2086 118
2087 117
2088 116
2089 115
2090 117
2091 117
2092 120
2093 118
2094 116
2095 119
2096 117
2097 116
2098 116
2099 117
2100 118
2101 120
2102 116
2103 118
2104 122
2105 120
2106 119
2107 122
2108 122
2109 124
2110 123
2111 120
2112 124
2113 122
2114 122
2115 123
2116 122
2117 125
2118 126
2119 128
2120 125
2121 127
2122 128
2123 125
2124 128
2125 130
2126 128
2127 128
2128 132
2129 129
2130 132
2131 129
2132 134
2133 127
2134 131
2135 133
2136 132
2137 135
2138 130
2139 131
2140 130
2141 131
2142 134
2143 135
2144 135
2145 135
2146 137
2147 135
2148 134
2149 137
2150 141
2151 134
2152 134
2153 137
2154 135
2155 139
2156 135
2157 136
2158 134
2159 135
2160 136
2161 137
2162 138
2163 139
2164 141
2165 141
2166 139
2167 144
2168 142
2169 139
2170 146
2171 146
2172 149
2173 147
2174 147
2175 149
2176 141
2177 144
2178 145
2179 148
2180 143
2181 145
2182 149
2183 144
2184 144
2185 143
2186 144
2187 141
2188 144
2189 142
2190 141
2191 146
2192 141
2193 141
2194 140
2195 142
2196 139
2197 138
2198 141
2199 140
2200 142
2201 136
2202 136
2203 137
2204 140
2205 140
2206 139
2207 137
2208 137
2209 139
2210 135
2211 133
2212 133
2213 135
2214 130
2215 130
2216 130
2217 130
2218 131
2219 128
2220 126
2221 126
2222 125
2223 126
2224 124
2225 125
2226 125
2227 124
2228 119
2229 120
2230 118
2231 117
2232 116
2233 116
2234 117
2235 119
2236 119
2237 116
2238 120
2239 118
2240 118
2241 117
2242 116
2243 118
2244 118
2245 121
2246 119
2247 120
2248 120
2249 122
2250 122
2251 123
2252 122
2253 123
2254 127
2255 122
2256 123
2257 124
2258 125
2259 125
2260 125
2261 127
2262 127
2263 129
2264 124
2265 127
2266 126
2267 129
2268 129
2269 129
2270 131
2271 131
2272 132
2273 133
2274 131
2275 130
2276 132
2277 132
2278 133
2279 132
2280 133
2281 134
2282 131
2283 132
2284 133
2285 134
2286 135
2287 133
2288 134
2289 137
2290 138
2291 138
2292 141
2293 137
2294 137
2295 135
2296 132
2297 136
2298 138
2299 136
2300 138
2301 137
2302 137
2303 133
2304 139
2305 138
2306 139
2307 143
2308 145
2309 142
2310 142
2311 143
2312 146
2313 148
2314 146
2315 143
2316 147
2317 153
2318 147
2319 145
2320 147
2321 147
2322 144
2323 148
2324 146
2325 143
2326 150
2327 145
2328 150
2329 142
2330 145
2331 149
2332 147
2333 144
2334 147
2335 148
2336 139
2337 144
2338 142
2339 143
2340 141
2341 142
2342 140
2343 139
2344 143
2345 138
2346 140
2347 139
2348 139
2349 139
2350 140
2351 138
2352 136
2353 141
2354 137
2355 133
2356 138
2357 140
2358 131
2359 132
2360 133
2361 133
2362 135
2363 128
2364 128
2365 129
2366 127
2367 128
2368 126
2369 126
2370 125
2371 124
2372 121
2373 121
2374 120
2375 118
2376 118
2377 119
2378 118
2379 119
2380 120
2381 122
2382 120
2383 120
2384 117
2385 119
2386 120
2387 121
2388 120
2389 122
2390 121
2391 120
2392 122
2393 122
2394 124
2395 122
2396 123
2397 121
2398 125
2399 125
2400 127
2401 127
2402 124
2403 127
2404 126
2405 128
2406 127
2407 131
2408 127
2409 127
2410 131
2411 129
2412 128
2413 130
2414 129
2415 132
2416 134
2417 132
2418 131
2419 131
2420 135
2421 135
2422 132
2423 135
2424 136
2425 138
2426 135
2427 131
2428 137
2429 134
2430 135
2431 138
2432 140
2433 137
2434 142
2435 138
2436 139
2437 134
2438 136
2439 136
2440 138
2441 137
2442 139
2443 136
2444 137
2445 139
2446 139
2447 142
2448 141
2449 138
2450 144
2451 140
2452 144
2453 142
2454 139
2455 146
2456 145
2457 145
2458 147
2459 148
2460 147
2461 147
2462 146
2463 146
2464 147
2465 148
2466 150
2467 148
2468 143
2469 142
2470 155
2471 146
2472 148
2473 145
2474 149
2475 147
2476 145
2477 146
2478 147
2479 150
2480 141
2481 142
2482 143
2483 139
2484 139
2485 142
2486 144
2487 140
2488 144
2489 142
2490 140
2491 139
2492 144
2493 144
2494 142
2495 141
2496 139
2497 141
2498 142
2499 137
2500 135
2501 135
2502 135
2503 132
2504 133
2505 131
2506 134
2507 130
2508 129
2509 128
2510 128
2511 127
2512 128
2513 127
2514 121
2515 124
2516 123
2517 121
2518 119
2519 118
2520 117
2521 120
2522 119
2523 122
2524 122
2525 119
2526 121
2527 118
2528 120
2529 123
2530 120
2531 123
2532 120
2533 122
2534 124
2535 120
2536 124
2537 126
2538 123
2539 125
2540 124
2541 123
2542 126
2543 125
2544 124
2545 125
2546 126
2547 126
2548 127
2549 128
2550 127
2551 131
2552 131
2553 130
2554 130
2555 131
2556 130
2557 134
2558 136
2559 134
2560 136
2561 134
2562 132
2563 134
2564 132
2565 134
2566 136
2567 133
2568 137
2569 139
2570 136
2571 136
2572 136
2573 134
2574 138
2575 135
2576 138
2577 136
2578 140
2579 137
2580 141
2581 137
2582 140
2583 140
2584 141
2585 141
2586 139
2587 144
2588 139
2589 139
2590 139
2591 140
2592 139
2593 142
2594 137
2595 146
2596 143
2597 142
2598 144
2599 145
2600 148
2601 144
2602 150
2603 146
2604 145
2605 149
2606 145
2607 156
2608 148
2609 150
2610 147
2611 147
2612 150
2613 148
2614 155
2615 146
2616 144
2617 146
2618 149
2619 145
2620 145
2621 146
2622 143
2623 150
2624 145
2625 143
2626 143
2627 143
2628 138
2629 144
2630 144
2631 140
2632 147
2633 146
2634 141
2635 142
2636 141
2637 140
2638 140
2639 140
2640 141
2641 143
2642 137
2643 140
2644 135
2645 135
2646 137
2647 135
2648 134
2649 133
2650 137
2651 132
2652 131
2653 134
2654 129
2655 129
2656 131
2657 128
2658 125
2659 129
2660 123
2661 123
2662 121
2663 118
2664 120
2665 119
2666 122
2667 120
2668 123
2669 123
2670 122
2671 122
2672 123
2673 123
2674 123
2675 126
2676 123
2677 123
2678 122
2679 121
2680 125
2681 125
2682 125
2683 126
2684 125
2685 126
2686 129
2687 126
2688 126
2689 128
2690 126
2691 128
2692 129
2693 129
2694 129
2695 132
2696 128
2697 131
2698 134
2699 129
2700 133
2701 133
2702 134
2703 134
2704 139
2705 133
2706 137
2707 136
2708 135
2709 136
2710 136
2711 138
2712 135
2713 138
2714 138
2715 139
2716 137
2717 137
2718 139
2719 139
2720 139
2721 141
2722 146
2723 139
2724 138
2725 138
2726 140
2727 143
2728 135
2729 140
2730 140
2731 144
2732 141
2733 137
2734 138
2735 139
2736 142
2737 142
2738 139
2739 141
2740 144
2741 142
2742 145
2743 144
2744 145
2745 148
2746 148
2747 147
2748 146
2749 154
2750 149
2751 150
2752 151
2753 149
2754 152
2755 148
2756 152
2757 151
2758 153
2759 147
2760 148
2761 146
2762 146
2763 145
2764 148
2765 146
2766 148
2767 151
2768 150
2769 143
2770 144
2771 146
2772 143
2773 143
2774 145
2775 143
2776 144
2777 142
2778 139
2779 141
2780 142
2781 139
2782 144
2783 138
2784 141
2785 140
2786 140
2787 139
2788 137
2789 138
2790 135
2791 138
2792 136
2793 135
2794 138
2795 134
2796 132
2797 133
2798 132
2799 131
2800 130
2801 132
2802 128
2803 127
2804 125
2805 124
2806 121
2807 120
2808 120
2809 120
2810 120
2811 124
2812 126
2813 123
2814 124
2815 122
2816 125
2817 123
2818 125
2819 126
2820 124
2821 127
2822 124
2823 124
2824 124
2825 128
2826 124
2827 128
2828 128
2829 129
2830 131
2831 125
2832 128
2833 127
2834 127
2835 127
2836 130
2837 128
2838 130
2839 133
2840 131
2841 134
2842 134
2843 132
2844 137
2845 137
2846 136
2847 135
2848 140
2849 136
2850 136
2851 140
2852 136
2853 137
2854 136
2855 136
2856 137
2857 141
2858 140
2859 137
2860 139
2861 138
2862 140
2863 138
2864 141
2865 140
2866 144
2867 142
2868 142
2869 140
2870 138
2871 142
2872 139
2873 140
2874 142
2875 139
2876 139
2877 139
2878 138
2879 139
2880 140
2881 144
2882 142
2883 143
2884 144
2885 143
2886 144
2887 145
2888 147
2889 148
2890 147
2891 148
2892 147
2893 150
2894 150
2895 146
2896 149
2897 151
2898 152
2899 150
2900 150
2901 149
2902 153
2903 145
2904 149
2905 147
2906 149
2907 150
2908 148
2909 145
2910 147
2911 153
2912 144
2913 143
2914 145
2915 146
2916 149
2917 150
2918 145
2919 141
2920 146
2921 143
2922 143
2923 141
2924 144
2925 142
2926 142
2927 139
2928 139
2929 143
2930 138
2931 139
2932 139
2933 135
2934 138
2935 137
2936 136
2937 134
2938 137
2939 138
2940 136
2941 132
2942 131
2943 131
2944 131
2945 130
2946 130
2947 130
2948 126
2949 123
2950 122
2951 119
2952 119
2953 120
2954 122
2955 124
2956 123
2957 125
2958 126
2959 126
2960 126
2961 121
2962 123
2963 123
2964 125
2965 126
2966 128
2967 129
2968 126
2969 128
2970 127
2971 128
2972 131
2973 127
2974 129
2975 129
2976 128
2977 128
2978 128
2979 135
2980 133
2981 131
2982 130
2983 136
2984 133
2985 135
2986 133
2987 133
2988 134
2989 139
2990 137
2991 138
2992 141
2993 138
2994 139
2995 139
2996 137
2997 136
2998 137
2999 140
3000 139
3001 138
3002 140
3003 140
3004 138
3005 138
3006 139
3007 140
3008 140
3009 138
3010 143
3011 140
3012 141
3013 141
3014 138
3015 141
3016 140
3017 140
3018 139
3019 139
3020 140
3021 137
3022 139
3023 141
3024 142
3025 139
3026 142
3027 141
3028 145
3029 145
3030 148
3031 147
3032 148
3033 148
3034 145
3035 146
3036 146
3037 153
3038 149
3039 150
3040 149
3041 148
3042 152
3043 149
3044 152
3045 150
3046 150
3047 151
3048 151
3049 149
3050 148
3051 148
3052 149
3053 148
3054 148
3055 152
3056 145
3057 144
3058 144
3059 143
3060 144
3061 147
3062 144
3063 146
3064 147
3065 142
3066 138
3067 142
3068 140
3069 141
3070 146
3071 139
3072 140
3073 144
3074 138
3075 142
3076 142
3077 140
3078 138
3079 138
3080 135
3081 139
3082 141
3083 137
3084 138
3085 137
3086 133
3087 131
3088 134
3089 134
3090 133
3091 130
3092 129
3093 127
3094 123
3095 123
3096 122
3097 121
3098 123
3099 124
3100 127
3101 126
3102 127
3103 127
3104 126
3105 125
3106 126
3107 129
3108 123
3109 128
3110 128
3111 131
3112 129
3113 131
3114 133
3115 129
3116 129
3117 130
3118 132
3119 132
3120 131
3121 128
3122 129
3123 132
3124 132
3125 130
3126 131
3127 136
3128 136
3129 134
3130 137
3131 138
3132 137
3133 136
3134 137
3135 138
3136 140
3137 137
3138 136
3139 139
3140 138
3141 139
3142 139
3143 139
3144 141
3145 144
3146 140
3147 139
3148 140
3149 140
3150 143
3151 141
3152 142
3153 139
3154 142
3155 144
3156 139
3157 143
3158 140
3159 144
3160 138
3161 138
3162 139
3163 145
3164 142
3165 138
3166 139
3167 142
3168 140
3169 141
3170 138
3171 143
3172 148
3173 144
3174 145
3175 145
3176 145
3177 145
3178 145
3179 143
3180 148
3181 149
3182 146
3183 148
3184 151
3185 150
3186 149
3187 151
3188 150
3189 150
3190 151
3191 144
3192 147
3193 148
3194 149
3195 146
3196 149
3197 146
3198 145
3199 153
3200 148
3201 146
3202 145
3203 142
3204 144
3205 146
3206 141
3207 141
3208 148
3209 144
3210 146
3211 140
3212 138
3213 145
3214 144
3215 143
3216 141
3217 143
3218 143
3219 138
3220 139
3221 139
3222 138
3223 136
3224 138
3225 138
3226 143
3227 134
3228 133
3229 136
3230 133
3231 133
3232 132
3233 132
3234 132
3235 128
3236 127
3237 129
3238 125
3239 123
3240 121
3241 123
3242 124
3243 127
3244 129
3245 126
3246 128
3247 124
3248 129
3249 126
3250 129
3251 127
3252 124
3253 131
3254 126
3255 130
3256 129
3257 128
3258 130
3259 129
3260 132
3261 128
3262 134
3263 133
3264 131
3265 129
3266 132
3267 133
3268 134
3269 132
3270 133
3271 139
3272 135
3273 135
3274 135
3275 138
3276 137
3277 140
3278 138
3279 138
3280 143
3281 139
3282 140
3283 137
3284 140
3285 139
3286 140
3287 141
3288 139
3289 142
3290 139
3291 138
3292 140
3293 142
3294 141
3295 138
3296 140
3297 144
3298 144
3299 143
3300 143
3301 140
3302 141
3303 141
3304 138
3305 141
3306 143
3307 144
3308 140
3309 141
3310 141
3311 142
3312 140
3313 141
3314 141
3315 141
3316 143
3317 144
3318 143
3319 147
3320 147
3321 145
3322 147
3323 146
3324 146
3325 154
3326 149
3327 146
3328 148
3329 149
3330 151
3331 148
3332 148
3333 147
3334 154
3335 148
3336 146
3337 148
3338 156
3339 147
3340 147
3341 150
3342 147
3343 152
3344 144
3345 147
3346 144
3347 145
3348 146
3349 142
3350 143
3351 142
3352 147
3353 143
3354 141
3355 144
3356 138
3357 140
3358 142
3359 141
3360 140
3361 149
3362 142
3363 139
3364 141
3365 139
3366 137
3367 141
3368 137
3369 135
3370 141
3371 140
3372 137
3373 136
3374 136
3375 131
3376 134
3377 131
3378 131
3379 134
3380 131
3381 130
3382 126
3383 122
3384 122
3385 123
3386 126
3387 124
3388 131
3389 128
3390 128
3391 131
3392 129
3393 126
3394 127
3395 129
3396 125
3397 133
3398 125
3399 128
3400 131
3401 130
3402 127
3403 128
3404 131
3405 132
3406 134
3407 131
3408 132
3409 132
3410 133
3411 135
3412 133
3413 130
3414 132
3415 137
3416 135
3417 134
3418 135
3419 135
3420 138
3421 139
3422 138
3423 142
3424 141
3425 140
3426 137
3427 139
3428 141
3429 144
3430 139
3431 142
3432 142
3433 147
3434 139
3435 138
3436 139
3437 140
3438 138
3439 141
3440 144
3441 142
3442 145
3443 139
3444 141
3445 140
3446 139
3447 140
3448 139
3449 143
3450 141
3451 140
3452 143
3453 140
3454 141
3455 139
3456 141
3457 142
3458 141
3459 142
3460 147
3461 145
3462 142
3463 144
3464 147
3465 147
3466 145
3467 146
3468 146
3469 153
3470 147
3471 151
3472 145
3473 149
3474 147
3475 151
3476 150
3477 148
3478 153
3479 146
3480 152
3481 151
3482 149
3483 148
3484 146
3485 145
3486 146
3487 149
3488 145
3489 147
3490 143
3491 142
3492 145
3493 142
3494 141
3495 145
3496 149
3497 143
3498 144
3499 143
3500 143
3501 142
3502 141
3503 143
3504 140
3505 148
3506 139
3507 139
3508 140
3509 140
3510 141
3511 138
3512 142
3513 138
3514 141
3515 139
3516 135
3517 135
3518 135
3519 131
3520 137
3521 135
3522 131
3523 132
3524 131
3525 127
3526 125
3527 123
3528 122
3529 123
3530 126
3531 124
3532 130
3533 128
3534 127
3535 131
3536 132
3537 129
3538 127
3539 128
3540 128
3541 131
3542 130
3543 132
3544 130
3545 135
3546 131
3547 132
3548 132
3549 136
3550 135
3551 132
3552 137
3553 134
3554 134
3555 134
3556 134
3557 135
3558 137
3559 141
3560 137
3561 138
3562 141
3563 135
3564 138
3565 139
3566 135
3567 140
3568 142
3569 139
3570 142
3571 139
3572 140
3573 146
3574 138
3575 142
3576 142
3577 146
3578 143
3579 144
3580 142
3581 143
3582 141
3583 141
3584 144
3585 141
3586 143
3587 139
3588 143
3589 142
3590 140
3591 144
3592 142
3593 139
3594 141
3595 145
3596 145
3597 140
3598 141
3599 140
3600 139
3601 143
3602 144
3603 141
3604 147
3605 141
3606 142
3607 142
3608 146
3609 148
3610 149
3611 150
3612 144
3613 152
3614 149
3615 146
3616 149
3617 148
3618 149
3619 150
3620 148
3621 152
3622 152
3623 149
3624 148
3625 148
3626 151
3627 146
3628 146
3629 145
3630 147
3631 153
3632 147
3633 145
3634 145
3635 147
3636 144
3637 142
3638 144
3639 145
3640 148
3641 145
3642 142
3643 142
3644 144
3645 139
3646 142
3647 141
3648 141
3649 146
3650 140
3651 140
3652 141
3653 139
3654 142
3655 138
3656 141
3657 137
3658 140
3659 136
3660 139
3661 134
3662 136
3663 136
3664 136
3665 133
3666 133
3667 136
3668 131
3669 128
3670 126
3671 125
3672 121
3673 123
3674 128
3675 127
3676 131
3677 127
3678 128
3679 131
3680 128
3681 127
3682 128
3683 129
3684 129
3685 133
3686 131
3687 131
3688 131
3689 131
3690 132
3691 131
3692 132
3693 137
3694 136
3695 132
3696 135
3697 135
3698 137
3699 136
3700 133
3701 135
3702 135
3703 138
3704 135
3705 136
3706 138
3707 137
3708 138
3709 138
3710 140
3711 138
3712 145
3713 140
3714 139
3715 143
3716 140
3717 142
3718 143
3719 141
3720 142
3721 146
3722 142
3723 141
3724 141
3725 146
3726 143
3727 144
3728 143
3729 143
3730 146
3731 142
3732 141
3733 142
3734 142
3735 143
3736 142
3737 143
3738 140
3739 142
3740 141
3741 139
3742 139
3743 141
3744 138
3745 142
3746 140
3747 142
3748 146
3749 143
3750 141
3751 144
3752 144
3753 146
3754 147
3755 145
3756 146
3757 150
3758 148
3759 145
3760 146
3761 147
3762 150
3763 147
3764 149
3765 148
3766 152
3767 149
3768 148
3769 151
3770 147
3771 142
3772 144
3773 142
3774 143
3775 149
3776 144
3777 146
3778 146
3779 142
3780 142
3781 144
3782 143
3783 146
3784 148
3785 144
3786 143
3787 144
3788 142
3789 139
3790 141
3791 140
3792 139
3793 145
3794 139
3795 139
3796 139
3797 138
3798 139
3799 139
3800 139
3801 139
3802 141
3803 137
3804 137
3805 139
3806 138
3807 135
3808 137
3809 135
3810 134
3811 135
3812 129
3813 128
3814 125
3815 122
3816 121
3817 125
3818 126
3819 128
3820 131
3821 130
3822 130
3823 130
3824 132
3825 131
3826 128
3827 130
3828 128
3829 136
3830 131
3831 131
3832 133
3833 135
3834 135
3835 133
3836 132
3837 131
3838 138
3839 135
3840 134
3841 134
3842 131
3843 137
3844 137
3845 134
3846 134
3847 140
3848 139
3849 139
3850 138
3851 140
3852 140
3853 136
3854 139
3855 140
3856 146
3857 139
3858 143
3859 144
3860 140
3861 143
3862 140
3863 141
3864 140
3865 143
3866 143
3867 139
3868 141
3869 143
3870 146
3871 142
3872 140
3873 141
3874 143
3875 145
3876 142
3877 141
3878 141
3879 141
3880 142
3881 137
3882 141
3883 143
3884 140
3885 137
3886 139
3887 142
3888 140
3889 139
3890 139
3891 141
3892 148
3893 145
3894 143
3895 142
3896 146
3897 144
3898 143
3899 147
3900 144
3901 146
3902 145
3903 149
3904 144
3905 146
3906 147
3907 149
3908 145
3909 145
3910 154
3911 144
3912 144
3913 146
3914 150
3915 148
3916 146
3917 140
3918 147
3919 148
3920 146
3921 144
3922 142
3923 142
3924 142
3925 141
3926 145
3927 143
3928 145
3929 141
3930 142
3931 142
3932 140
3933 139
3934 139
3935 142
3936 139
3937 144
3938 140
3939 137
3940 137
3941 139
3942 142
3943 141
3944 135
3945 137
3946 136
3947 134
3948 135
3949 133
3950 136
3951 136
3952 131
3953 135
3954 132
3955 136
3956 129
3957 127
3958 126
3959 122
3960 121
3961 125
3962 126
3963 128
3964 133
3965 131
3966 129
3967 130
3968 129
3969 132
3970 130
3971 130
3972 132
3973 135
3974 131
3975 131
3976 132
3977 135
3978 134
3979 132
3980 134
3981 134
3982 135
3983 135
3984 133
3985 136
3986 135
3987 135
3988 136
3989 136
3990 137
3991 139
3992 139
3993 140
3994 139
3995 138
3996 140
3997 139
3998 139
3999 140
4000 144
4001 140
4002 140
4003 142
4004 139
4005 144
4006 141
4007 142
4008 139
4009 146
4010 141
4011 140
4012 141
4013 142
4014 142
4015 139
4016 144
4017 141
4018 142
4019 138
4020 142
4021 140
4022 139
4023 137
4024 140
4025 140
4026 141
4027 141
4028 137
4029 137
4030 141
4031 139
4032 137
4033 139
4034 137
4035 137
4036 143
4037 139
4038 140
4039 142
4040 139
4041 146
4042 145
4043 144
4044 143
4045 148
4046 145
4047 145
4048 144
4049 145
4050 147
4051 148
4052 143
4053 144
4054 152
4055 144
4056 144
4057 143
4058 144
4059 144
4060 143
4061 140
4062 145
4063 147
4064 144
4065 141
4066 143
4067 140
4068 141
4069 144
4070 142
4071 138
4072 144
4073 139
4074 139
4075 139
4076 139
4077 140
4078 138
4079 141
4080 141
4081 143
4082 139
4083 140
4084 138
4085 139
4086 142
4087 137
4088 137
4089 136
4090 144
4091 136
4092 136
4093 134
4094 136
4095 136
4096 133
4097 130
4098 132
4099 136
4100 129
4101 129
4102 128
4103 121
4104 121
4105 124
4106 127
4107 128
4108 132
4109 133
4110 130
4111 131
4112 131
4113 132
4114 131
4115 132
4116 131
4117 139
4118 134
4119 133
4120 134
4121 135
4122 133
4123 134
4124 132
4125 138
4126 137
4127 134
4128 136
4129 135
4130 137
4131 136
4132 133
4133 135
4134 140
4135 142
4136 137
4137 140
4138 138
4139 137
4140 140
4141 138
4142 138
4143 136
4144 145
4145 138
4146 144
4147 140
4148 141
4149 143
4150 141
4151 143
4152 144
4153 149
4154 141
4155 140
4156 141
4157 142
4158 142
4159 142
4160 143
4161 146
4162 146
4163 141
4164 140
4165 140
4166 138
4167 138
4168 143
4169 140
4170 138
4171 143
4172 139
4173 138
4174 136
4175 135
4176 138
4177 140
4178 139
4179 137
4180 144
4181 139
4182 140
4183 142
4184 143
4185 141
4186 142
4187 142
4188 144
4189 150
4190 143
4191 142
4192 145
4193 144
4194 143
4195 147
4196 144
4197 142
4198 151
4199 144
4200 145
4201 146
4202 144
4203 145
4204 144
4205 145
4206 142
4207 148
4208 140
4209 143
4210 142
4211 142
4212 142
4213 140
4214 141
4215 142
4216 143
4217 140
4218 142
4219 142
4220 137
4221 140
4222 137
4223 138
4224 139
4225 142
4226 140
4227 137
4228 138
4229 139
4230 137
4231 139
4232 138
4233 134
4234 137
4235 135
4236 134
4237 131
4238 133
4239 134
4240 131
4241 135
4242 132
4243 134
4244 128
4245 127
4246 126
4247 122
4248 124
4249 123
4250 127
4251 127
4252 133
4253 132
4254 130
4255 133
4256 131
4257 128
4258 129
4259 132
4260 130
4261 138
4262 132
4263 133
4264 133
4265 134
4266 135
4267 133
4268 135
4269 135
4270 137
4271 134
4272 139
4273 134
4274 134
4275 134
4276 137
4277 135
4278 134
4279 141
4280 137
4281 138
4282 141
4283 137
4284 138
4285 139
4286 137
4287 138
4288 146
4289 144
4290 142
4291 140
4292 142
4293 142
4294 142
4295 144
4296 146
4297 148
4298 141
4299 140
4300 142
4301 143
4302 140
4303 139
4304 140
4305 140
4306 144
4307 141
4308 140
4309 140
4310 140
4311 141
4312 138
4313 139
4314 136
4315 141
4316 138
4317 138
4318 138
4319 136
4320 138
4321 137
4322 138
4323 137
4324 140
4325 141
4326 141
4327 141
4328 137
4329 141
4330 139
4331 140
4332 143
4333 149
4334 141
4335 140
4336 141
4337 142
4338 141
4339 143
4340 143
4341 147
4342 148
4343 143
4344 140
4345 143
4346 143
4347 145
4348 141
4349 142
4350 143
4351 147
4352 141
4353 138
4354 140
4355 140
4356 140
4357 142
4358 139
4359 140
4360 141
4361 140
4362 137
4363 139
4364 137
4365 136
4366 139
4367 137
4368 133
4369 139
4370 136
4371 135
4372 138
4373 136
4374 135
4375 135
4376 135
4377 134
4378 136
4379 133
4380 132
4381 132
4382 130
4383 133
4384 131
4385 132
4386 128
4387 129
4388 129
4389 130
4390 125
4391 122
4392 123
4393 124
4394 125
4395 127
4396 131
4397 129
4398 129
4399 131
4400 132
4401 131
4402 132
4403 133
4404 131
4405 133
4406 136
4407 134
4408 136
4409 132
4410 134
4411 135
4412 133
4413 133
4414 138
4415 140
4416 137
4417 134
4418 134
4419 136
4420 134
4421 137
4422 137
4423 141
4424 139
4425 140
4426 136
4427 139
4428 137
4429 137
4430 138
4431 138
4432 146
4433 141
4434 140
4435 142
4436 138
4437 141
4438 143
4439 144
4440 142
4441 144
4442 140
4443 144
4444 144
4445 143
4446 137
4447 140
4448 141
4449 143
4450 147
4451 140
4452 140
4453 142
4454 138
4455 138
4456 140
4457 138
4458 140
4459 142
4460 140
4461 138
4462 136
4463 138
4464 137
4465 138
4466 139
4467 140
4468 141
4469 138
4470 136
4471 140
4472 138
4473 137
4474 140
4475 141
4476 142
4477 144
4478 139
4479 141
4480 142
4481 142
4482 140
4483 143
4484 141
4485 144
4486 150
4487 143
4488 142
4489 143
4490 143
4491 140
4492 139
4493 142
4494 139
4495 144
4496 140
4497 141
4498 141
4499 140
4500 145
4501 138
4502 138
4503 141
4504 141
4505 139
4506 138
4507 136
4508 135
4509 133
4510 137
4511 138
4512 136
4513 140
4514 135
4515 136
4516 134
4517 139
4518 135
4519 136
4520 134
4521 137
4522 136
4523 133
4524 132
4525 130
4526 130
4527 131
4528 130
4529 134
4530 132
4531 132
4532 130
4533 127
4534 126
4535 123
4536 121
4537 122
4538 127
4539 127
4540 133
4541 132
4542 129
4543 133
4544 133
4545 133
4546 132
4547 132
4548 135
4549 138
4550 133
4551 134
4552 135
4553 133
4554 134
4555 135
4556 137
4557 137
4558 141
4559 134
4560 137
4561 138
4562 135
4563 136
4564 138
4565 137
4566 138
4567 139
4568 138
4569 139
4570 138
4571 139
4572 138
4573 138
4574 142
4575 142
4576 144
4577 141
4578 141
4579 141
4580 140
4581 139
4582 140
4583 141
4584 143
4585 146
4586 138
4587 141
4588 141
4589 141
4590 141
4591 141
4592 140
4593 137
4594 144
4595 141
4596 139
4597 141
4598 139
4599 142
4600 140
4601 140
4602 139
4603 142
4604 137
4605 136
4606 135
4607 137
4608 136
4609 138
4610 139
4611 136
4612 143
4613 141
4614 141
4615 141
4616 136
4617 139
4618 141
4619 141
4620 140
4621 143
4622 142
4623 142
4624 140
4625 142
4626 139
4627 142
4628 142
4629 141
4630 147
4631 141
4632 140
4633 142
4634 144
4635 140
4636 140
4637 141
4638 139
4639 144
4640 141
4641 141
4642 138
4643 138
4644 140
4645 137
4646 138
4647 140
4648 143
4649 138
4650 140
4651 135
4652 134
4653 136
4654 136
4655 134
4656 137
4657 138
4658 133
4659 135
4660 140
4661 135
4662 136
4663 135
4664 132
4665 134
4666 137
4667 131
4668 130
4669 130
4670 132
4671 129
4672 130
4673 132
4674 128
4675 133
4676 128
4677 126
4678 124
4679 122
4680 122
4681 123
4682 127
4683 128
4684 133
4685 132
4686 129
4687 132
4688 133
4689 132
4690 134
4691 136
4692 132
4693 139
4694 134
4695 136
4696 138
4697 136
4698 136
4699 134
4700 137
4701 137
4702 137
4703 137
4704 138
4705 137
4706 135
4707 136
4708 140
4709 137
4710 138
4711 143
4712 138
4713 139
4714 140
4715 141
4716 139
4717 139
4718 138
4719 139
4720 143
4721 142
4722 140
4723 143
4724 143
4725 142
4726 140
4727 142
4728 143
4729 145
4730 142
4731 142
4732 140
4733 144
4734 141
4735 144
4736 141
4737 140
4738 146
4739 140
4740 139
4741 140
4742 138
4743 138
4744 137
4745 140
4746 139
4747 142
4748 135
4749 137
4750 136
4751 135
4752 137
4753 137
4754 138
4755 137
4756 144
4757 138
4758 138
4759 139
4760 138
4761 137
4762 141
4763 141
4764 142
4765 145
4766 143
4767 141
4768 141
4769 139
4770 142
4771 144
4772 141
4773 138
4774 144
4775 140
4776 144
4777 143
4778 146
4779 141
4780 141
4781 141
4782 141
4783 142
4784 139
4785 138
4786 141
4787 138
4788 139
4789 138
4790 137
4791 136
4792 139
4793 136
4794 136
4795 137
4796 137
4797 135
4798 135
4799 135
4800 135
4801 140
4802 133
4803 135
4804 135
4805 134
4806 132
4807 133
4808 134
4809 134
4810 135
4811 133
4812 132
4813 131
4814 131
4815 132
4816 134
4817 130
4818 130
4819 133
4820 129
4821 125
4822 124
4823 122
4824 123
4825 124
4826 129
4827 131
4828 133
4829 134
4830 132
4831 132
4832 134
4833 134
4834 132
4835 136
4836 137
4837 141
4838 136
4839 137
4840 137
4841 139
4842 140
4843 138
4844 136
4845 137
4846 142
4847 138
4848 139
4849 139
4850 137
4851 139
4852 140
4853 139
4854 143
4855 140
4856 139
4857 140
4858 141
4859 139
4860 140
4861 141
4862 138
4863 140
4864 146
4865 143
4866 142
4867 141
4868 142
4869 141
4870 141
4871 144
4872 143
4873 149
4874 142
4875 141
4876 143
4877 139
4878 142
4879 140
4880 143
4881 142
4882 147
4883 141
4884 141
4885 142
4886 141
4887 138
4888 139
4889 138
4890 138
4891 139
4892 139
4893 140
4894 139
4895 135
4896 136
4897 135
4898 135
4899 138
4900 143
4901 135
4902 140
4903 137
4904 137
4905 138
4906 140
4907 139
4908 139
4909 145
4910 141
4911 140
4912 139
4913 144
4914 141
4915 139
4916 140
4917 139
4918 144
4919 140
4920 143
4921 142
4922 139
4923 141
4924 138
4925 142
4926 141
4927 143
4928 140
4929 139
4930 137
4931 139
4932 139
4933 137
4934 138
4935 136
4936 140
4937 135
4938 139
4939 138
4940 134
4941 133
4942 134
4943 135
4944 135
4945 136
4946 132
4947 133
4948 134
4949 134
4950 134
4951 132
4952 133
4953 133
4954 132
4955 129
4956 131
4957 131
4958 129
4959 128
4960 131
4961 131
4962 129
4963 131
4964 128
4965 127
4966 124
4967 122
4968 123
4969 125
4970 128
4971 130
4972 133
4973 132
4974 132
4975 133
4976 136
4977 135
4978 134
4979 136
4980 136
4981 139
4982 137
4983 137
4984 139
4985 141
4986 140
4987 140
4988 138
4989 137
4990 142
4991 139
4992 140
4993 137
4994 140
4995 139
4996 140
4997 140
4998 137
4999 142
5000 143
5001 144
5002 141
5003 143
5004 140
5005 136
5006 140
5007 142
5008 145
5009 143
5010 142
5011 140
5012 144
5013 142
5014 144
5015 147
5016 142
5017 148
5018 145
5019 142
5020 143
5021 141
5022 144
5023 143
5024 142
5025 145
5026 147
5027 143
5028 142
5029 138
5030 139
5031 140
5032 140
5033 139
5034 139
5035 144
5036 139
5037 135
5038 137
5039 136
5040 135
5041 138
5042 137
5043 138
5044 142
5045 137
5046 137
5047 140
5048 139
5049 138
5050 139
5051 142
5052 142
5053 144
5054 138
5055 141
5056 142
5057 140
5058 137
5059 141
5060 140
5061 140
5062 147
5063 143
5064 140
5065 142
5066 143
5067 142
5068 141
5069 142
5070 141
5071 142
5072 139
5073 138
5074 138
5075 140
5076 139
5077 137
5078 139
5079 136
5080 141
5081 139
5082 135
5083 138
5084 136
5085 135
5086 135
5087 135
5088 136
5089 137
5090 133
5091 136
5092 135
5093 135
5094 134
5095 134
5096 134
5097 132
5098 134
5099 129
5100 130
5101 130
5102 129
5103 131
5104 129
5105 130
5106 128
5107 133
5108 129
5109 128
5110 125
5111 124
5112 126
5113 124
5114 130
5115 129
5116 136
5117 133
5118 134
5119 134
5120 137
5121 137
5122 136
5123 136
5124 140
5125 140
5126 138
5127 138
5128 140
5129 143
5130 141
5131 140
5132 138
5133 140
5134 144
5135 138
5136 141
5137 142
5138 140
5139 143
5140 140
5141 140
5142 141
5143 149
5144 143
5145 143
5146 142
5147 143
5148 147
5149 142
5150 143
5151 143
5152 146
5153 145
5154 143
5155 143
5156 144
5157 146
5158 142
5159 146
5160 146
5161 147
5162 144
5163 142
5164 145
5165 145
5166 144
5167 142
5168 145
5169 146
5170 149
5171 142
5172 144
5173 144
5174 142
5175 141
5176 138
5177 139
5178 138
5179 141
5180 136
5181 135
5182 137
5183 139
5184 139
5185 136
5186 137
5187 136
5188 140
5189 135
5190 135
5191 136
5192 137
5193 142
5194 140
5195 139
5196 136
5197 143
5198 136
5199 136
5200 140
5201 141
5202 138
5203 139
5204 139
5205 138
5206 146
5207 142
5208 139
5209 137
5210 140
5211 142
5212 138
5213 142
5214 137
5215 140
5216 138
5217 136
5218 139
5219 136
5220 140
5221 135
5222 135
5223 137
5224 138
5225 135
5226 135
5227 134
5228 133
5229 134
5230 135
5231 133
5232 134
5233 135
5234 134
5235 131
5236 134
5237 134
5238 132
5239 131
5240 132
5241 129
5242 132
5243 128
5244 130
5245 130
5246 129
5247 128
5248 128
5249 129
5250 130
5251 130
5252 129
5253 129
5254 123
5255 122
5256 122
5257 123
5258 126
5259 130
5260 134
5261 132
5262 134
5263 136
5264 140
5265 138
5266 137
5267 135
5268 137
5269 141
5270 139
5271 140
5272 140
5273 140
5274 139
5275 140
5276 138
5277 144
5278 146
5279 138
5280 138
5281 139
5282 144
5283 145
5284 140
5285 140
5286 139
5287 144
5288 141
5289 143
5290 142
5291 141
5292 144
5293 142
5294 142
5295 143
5296 148
5297 141
5298 145
5299 142
5300 145
5301 144
5302 145
5303 144
5304 144
5305 147
5306 144
5307 144
5308 144
5309 146
5310 147
5311 147
5312 146
5313 145
5314 146
5315 143
5316 142
5317 141
5318 143
5319 141
5320 140
5321 140
5322 134
5323 141
5324 137
5325 138
5326 137
5327 137
5328 136
5329 137
5330 138
5331 139
5332 139
5333 139
5334 138
5335 138
5336 136
5337 139
5338 138
5339 139
5340 137
5341 142
5342 140
5343 139
5344 142
5345 142
5346 141
5347 141
5348 138
5349 141
5350 145
5351 138
5352 143
5353 138
5354 138
5355 137
5356 140
5357 139
5358 143
5359 140
5360 137
5361 137
5362 140
5363 137
5364 140
5365 138
5366 137
5367 137
5368 138
5369 136
5370 133
5371 134
5372 133
5373 133
5374 134
5375 134
5376 130
5377 135
5378 132
5379 135
5380 132
5381 133
5382 131
5383 131
5384 130
5385 133
5386 132
5387 130
5388 129
5389 128
5390 130
5391 129
5392 128
5393 129
5394 128
5395 129
5396 127
5397 129
5398 125
5399 121
5400 123
5401 126
5402 128
5403 131
5404 134
5405 133
5406 134
5407 137
5408 135
5409 137
5410 138
5411 136
5412 136
5413 144
5414 142
5415 141
5416 143
5417 140
5418 140
5419 142
5420 141
5421 139
5422 146
5423 142
5424 138
5425 142
5426 145
5427 143
5428 144
5429 144
5430 142
5431 145
5432 141
5433 141
5434 143
5435 143
5436 145
5437 145
5438 145
5439 146
5440 149
5441 147
5442 144
5443 144
5444 150
5445 146
5446 144
5447 145
5448 145
5449 148
5450 145
5451 147
5452 146
5453 145
5454 145
5455 145
5456 146
5457 147
5458 148
5459 143
5460 144
5461 141
5462 141
5463 139
5464 140
5465 138
5466 139
5467 141
5468 137
5469 136
5470 135
5471 137
5472 140
5473 140
5474 138
5475 139
5476 147
5477 140
5478 140
5479 139
5480 142
5481 141
5482 143
5483 143
5484 145
5485 149
5486 142
5487 143
5488 140
5489 141
5490 143
5491 142
5492 139
5493 142
5494 147
5495 143
5496 142
5497 141
5498 144
5499 143
5500 142
5501 144
5502 141
5503 145
5504 141
5505 143
5506 140
5507 140
5508 139
5509 138
5510 140
5511 141
5512 140
5513 137
5514 137
5515 137
5516 138
5517 136
5518 135
5519 136
5520 134
5521 138
5522 136
5523 133
5524 134
5525 135
5526 136
5527 135
5528 135
5529 131
5530 134
5531 131
5532 130
5533 132
5534 131
5535 132
5536 130
5537 131
5538 129
5539 132
5540 131
5541 128
5542 124
5543 124
5544 122
5545 128
5546 131
5547 134
5548 139
5549 136
5550 140
5551 139
5552 138
5553 141
5554 142
5555 142
5556 142
5557 146
5558 143
5559 142
5560 145
5561 142
5562 144
5563 144
5564 147
5565 143
5566 151
5567 146
5568 146
5569 144
5570 150
5571 146
5572 146
5573 148
5574 143
5575 151
5576 147
5577 147
5578 149
5579 148
5580 150
5581 150
5582 150
5583 148
5584 153
5585 151
5586 149
5587 149
5588 152
5589 148
5590 149
5591 148
5592 150
5593 155
5594 149
5595 151
5596 150
5597 149
5598 146
5599 149
5600 148
5601 148
5602 154
5603 146
5604 144
5605 147
5606 147
5607 145
5608 143
5609 141
5610 142
5611 145
5612 139
5613 140
5614 139
5615 141
5616 142
5617 140
5618 141
5619 142
5620 144
5621 142
5622 142
5623 141
5624 140
5625 142
5626 142
5627 141
5628 146
5629 148
5630 141
5631 143
5632 140
5633 143
5634 142
5635 144
5636 145
5637 145
5638 145
5639 145
5640 144
5641 145
5642 143
5643 143
5644 143
5645 144
5646 142
5647 147
5648 141
5649 141
5650 141
5651 139
5652 140
5653 141
5654 139
5655 139
5656 139
5657 138
5658 137
5659 139
5660 136
5661 135
5662 137
5663 136
5664 135
5665 137
5666 136
5667 133
5668 136
5669 135
5670 134
5671 133
5672 135
5673 134
5674 138
5675 131
5676 132
5677 130
5678 131
5679 129
5680 129
5681 128
5682 130
5683 133
5684 130
5685 128
5686 126
5687 124
5688 125
5689 127
5690 130
5691 133
5692 139
5693 140
5694 140
5695 137
5696 141
5697 142
5698 143
5699 142
5700 144
5701 147
5702 145
5703 146
5704 146
5705 148
5706 147
5707 145
5708 149
5709 145
5710 152
5711 143
5712 148
5713 149
5714 147
5715 150
5716 151
5717 148
5718 149
5719 155
5720 147
5721 149
5722 154
5723 154
5724 152
5725 151
5726 151
5727 152
5728 155
5729 152
5730 152
5731 151
5732 151
5733 152
5734 150
5735 152
5736 154
5737 160
5738 156
5739 151
5740 152
5741 150
5742 148
5743 152
5744 152
5745 154
5746 155
5747 147
5748 148
5749 147
5750 147
5751 148
5752 148
5753 145
5754 141
5755 145
5756 140
5757 143
5758 142
5759 140
5760 143
5761 142
5762 143
5763 141
5764 146
5765 143
5766 143
5767 141
5768 142
5769 144
5770 142
5771 142
5772 142
5773 148
5774 142
5775 145
5776 143
5777 144
5778 146
5779 147
5780 146
5781 145
5782 148
5783 147
5784 146
5785 147
5786 142
5787 142
5788 142
5789 143
5790 145
5791 148
5792 142
5793 140
5794 141
5795 142
5796 144
5797 142
5798 141
5799 140
5800 144
5801 138
5802 141
5803 139
5804 135
5805 137
5806 136
5807 134
5808 137
5809 141
5810 138
5811 135
5812 134
5813 134
5814 138
5815 137
5816 138
5817 137
5818 135
5819 132
5820 131
5821 130
5822 132
5823 129
5824 130
5825 130
5826 131
5827 134
5828 129
5829 132
5830 128
5831 124
5832 125
5833 130
5834 131
5835 132
5836 139
5837 140
5838 140
5839 139
5840 142
5841 142
5842 142
5843 145
5844 146
5845 150
5846 147
5847 146
5848 146
5849 147
5850 149
5851 149
5852 147
5853 149
5854 153
5855 152
5856 149
5857 148
5858 151
5859 149
5860 151
5861 147
5862 151
5863 157
5864 149
5865 151
5866 151
5867 155
5868 155
5869 154
5870 152
5871 155
5872 159
5873 153
5874 151
5875 156
5876 152
5877 155
5878 155
5879 154
5880 157
5881 157
5882 151
5883 157
5884 154
5885 152
5886 152
5887 153
5888 154
5889 152
5890 156
5891 150
5892 153
5893 147
5894 147
5895 148
5896 147
5897 147
5898 146
5899 147
5900 142
5901 143
5902 141
5903 143
5904 143
5905 143
5906 142
5907 143
5908 146
5909 145
5910 145
5911 143
5912 142
5913 143
5914 146
5915 143
5916 146
5917 148
5918 146
5919 146
5920 145
5921 148
5922 145
5923 146
5924 145
5925 147
5926 149
5927 146
5928 147
5929 146
5930 146
5931 147
5932 143
5933 145
5934 146
5935 152
5936 143
5937 144
5938 144
5939 144
5940 143
5941 142
5942 140
5943 143
5944 145
5945 139
5946 139
5947 140
5948 139
5949 138
5950 136
5951 136
5952 137
5953 139
5954 134
5955 134
5956 138
5957 134
5958 137
5959 136
5960 134
5961 133
5962 135
5963 132
5964 132
5965 130
5966 129
5967 133
5968 129
5969 129
5970 131
5971 132
5972 131
5973 129
5974 125
5975 124
5976 126
5977 128
5978 133
5979 136
5980 141
5981 138
5982 139
5983 142
5984 143
5985 144
5986 145
5987 147
5988 147
5989 152
5990 148
5991 149
5992 149
5993 147
5994 153
5995 149
5996 149
5997 152
5998 158
5999 153
6000 148
6001 150
6002 152
6003 154
6004 153
6005 153
6006 152
6007 157
6008 153
6009 155
6010 155
6011 156
6012 154
6013 158
6014 156
6015 153
6016 160
6017 157
6018 152
6019 155
6020 157
6021 157
6022 158
6023 156
6024 156
6025 163
6026 157
6027 155
6028 159
6029 153
6030 155
6031 156
6032 156
6033 151
6034 159
6035 153
6036 151
6037 153
6038 149
6039 149
6040 150
6041 149
6042 146
6043 149
6044 143
6045 145
6046 141
6047 143
6048 144
6049 147
6050 146
6051 144
6052 146
6053 143
6054 144
6055 144
6056 147
6057 147
6058 147
6059 145
6060 147
6061 155
6062 148
6063 144
6064 145
6065 146
6066 147
6067 150
6068 147
6069 147
6070 151
6071 146
6072 146
6073 147
6074 147
6075 150
6076 149
6077 147
6078 149
6079 152
6080 145
6081 145
6082 145
6083 146
6084 146
6085 143
6086 144
6087 141
6088 144
6089 143
6090 138
6091 141
6092 139
6093 138
6094 140
6095 139
6096 137
6097 139
6098 139
6099 134
6100 136
6101 135
6102 138
6103 134
6104 133
6105 132
6106 136
6107 132
6108 131
6109 133
6110 131
6111 132
6112 128
6113 130
6114 131
6115 131
6116 129
6117 127
6118 124
6119 124
6120 127
6121 130
6122 132
6123 139
6124 141
6125 140
6126 143
6127 143
6128 145
6129 148
6130 148
6131 146
6132 145
6133 155
6134 149
6135 152
6136 150
6137 152
6138 151
6139 152
6140 151
6141 154
6142 162
6143 152
6144 155
6145 157
6146 157
6147 154
6148 154
6149 154
6150 156
6151 161
6152 155
6153 153
6154 160
6155 158
6156 159
6157 161
6158 157
6159 157
6160 163
6161 157
6162 161
6163 159
6164 160
6165 160
6166 162
6167 157
6168 158
6169 168
6170 164
6171 157
6172 158
6173 161
6174 156
6175 157
6176 159
6177 156
6178 161
6179 158
6180 153
6181 153
6182 152
6183 150
6184 147
6185 149
6186 146
6187 150
6188 143
6189 147
6190 143
6191 141
6192 147
6193 144
6194 145
6195 146
6196 150
6197 146
6198 142
6199 144
6200 149
6201 147
6202 149
6203 148
6204 150
6205 150
6206 150
6207 150
6208 150
6209 143
6210 147
6211 146
6212 146
6213 148
6214 152
6215 148
6216 148
6217 147
6218 145
6219 151
6220 146
6221 147
6222 150
6223 153
6224 146
6225 146
6226 147
6227 146
6228 143
6229 146
6230 142
6231 139
6232 145
6233 142
6234 142
6235 139
6236 137
6237 143
6238 140
6239 138
6240 136
6241 139
6242 140
6243 140
6244 137
6245 138
6246 136
6247 136
6248 137
6249 134
6250 136
6251 130
6252 132
6253 131
6254 132
6255 132
6256 131
6257 132
6258 132
6259 134
6260 131
6261 128
6262 129
6263 124
6264 125
6265 129
6266 135
6267 136
6268 142
6269 141
6270 144
6271 145
6272 148
6273 150
6274 151
6275 149
6276 148
6277 152
6278 151
6279 152
6280 153
6281 157
6282 153
6283 153
6284 155
6285 155
6286 161
6287 156
6288 155
6289 156
6290 157
6291 156
6292 160
6293 157
6294 157
6295 159
6296 158
6297 162
6298 158
6299 158
6300 159
6301 158
6302 159
6303 161
6304 165
6305 159
6306 157
6307 162
6308 158
6309 159
6310 158
6311 158
6312 160
6313 169
6314 163
6315 163
6316 159
6317 157
6318 160
6319 160
6320 162
6321 158
6322 164
6323 156
6324 153
6325 160
6326 154
6327 156
6328 149
6329 151
6330 148
6331 151
6332 150
6333 146
6334 144
6335 144
6336 142
6337 146
6338 150
6339 147
6340 152
6341 146
6342 147
6343 150
6344 147
6345 149
6346 147
6347 148
6348 149
6349 153
6350 149
6351 151
6352 150
6353 149
6354 147
6355 149
6356 147
6357 150
6358 151
6359 146
6360 151
6361 147
6362 148
6363 147
6364 155
6365 150
6366 147
6367 153
6368 150
6369 146
6370 145
6371 146
6372 144
6373 147
6374 143
6375 143
6376 147
6377 140
6378 141
6379 140
6380 139
6381 142
6382 137
6383 140
6384 140
6385 140
6386 135
6387 139
6388 138
6389 139
6390 137
6391 134
6392 135
6393 134
6394 137
6395 130
6396 132
6397 132
6398 130
6399 132
6400 133
6401 130
6402 130
6403 134
6404 130
6405 125
6406 124
6407 125
6408 127
6409 129
6410 134
6411 136
6412 143
6413 143
6414 143
6415 146
6416 151
6417 148
6418 148
6419 153
6420 152
6421 155
6422 155
6423 153
6424 155
6425 156
6426 153
6427 155
6428 158
6429 159
6430 160
6431 156
6432 154
6433 159
6434 159
6435 158
6436 160
6437 156
6438 161
6439 166
6440 160
6441 163
6442 164
6443 161
6444 161
6445 164
6446 160
6447 162
6448 168
6449 161
6450 165
6451 163
6452 165
6453 160
6454 163
6455 161
6456 162
6457 167
6458 165
6459 157
6460 160
6461 161
6462 160
6463 165
6464 162
6465 160
6466 163
6467 158
6468 157
6469 157
6470 157
6471 154
6472 151
6473 151
6474 148
6475 154
6476 150
6477 147
6478 150
6479 144
6480 149
6481 146
6482 149
6483 147
6484 150
6485 147
6486 146
6487 147
6488 149
6489 152
6490 148
6491 148
6492 151
6493 154
6494 149
6495 146
6496 146
6497 151
6498 151
6499 148
6500 149
6501 150
6502 155
6503 155
6504 151
6505 151
6506 147
6507 152
6508 149
6509 150
6510 149
6511 152
6512 147
6513 148
6514 151
6515 146
6516 143
6517 147
6518 143
6519 144
6520 151
6521 145
6522 141
6523 138
6524 136
6525 143
6526 139
6527 140
6528 138
6529 138
6530 140
6531 138
6532 138
6533 136
6534 137
6535 136
6536 137
6537 134
6538 136
6539 131
6540 132
6541 129
6542 132
6543 133
6544 130
6545 132
6546 130
6547 131
6548 130
6549 127
6550 126
6551 124
6552 125
6553 128
6554 135
6555 137
6556 144
6557 140
6558 143
6559 143
6560 145
6561 154
6562 149
6563 150
6564 152
6565 161
6566 156
6567 157
6568 158
6569 154
6570 156
6571 155
6572 160
6573 159
6574 165
6575 155
6576 160
6577 156
6578 161
6579 156
6580 159
6581 162
6582 161
6583 167
6584 160
6585 164
6586 162
6587 163
6588 161
6589 163
6590 162
6591 164
6592 174
6593 163
6594 164
6595 164
6596 164
6597 162
6598 163
6599 164
6600 164
6601 173
6602 167
6603 163
6604 163
6605 166
6606 165
6607 164
6608 165
6609 162
6610 166
6611 154
6612 161
6613 163
6614 160
6615 157
6616 156
6617 152
6618 152
6619 154
6620 151
6621 146
6622 147
6623 148
6624 148
6625 149
6626 150
6627 150
6628 150
6629 150
6630 149
6631 149
6632 148
6633 148
6634 156
6635 147
6636 151
6637 158
6638 151
6639 152
6640 149
6641 150
6642 149
6643 149
6644 150
6645 153
6646 158
6647 155
6648 148
6649 152
6650 152
6651 155
6652 150
6653 149
6654 151
6655 153
6656 149
6657 149
6658 149
6659 148
6660 150
6661 146
6662 144
6663 142
6664 147
6665 145
6666 141
6667 140
6668 140
6669 140
6670 143
6671 138
6672 138
6673 143
6674 137
6675 140
6676 140
6677 136
6678 137
6679 134
6680 135
6681 133
6682 134
6683 133
6684 135
6685 131
6686 130
6687 132
6688 133
6689 133
6690 132
6691 133
6692 128
6693 128
6694 127
6695 126
6696 125
6697 131
6698 133
6699 138
6700 148
6701 143
6702 143
6703 144
6704 148
6705 150
6706 152
6707 152
6708 153
6709 159
6710 151
6711 153
6712 159
6713 157
6714 154
6715 159
6716 158
6717 158
6718 163
6719 160
6720 161
6721 161
6722 160
6723 159
6724 161
6725 162
6726 164
6727 166
6728 163
6729 163
6730 165
6731 164
6732 165
6733 164
6734 170
6735 160
6736 172
6737 165
6738 165
6739 166
6740 166
6741 165
6742 163
6743 166
6744 170
6745 171
6746 167
6747 166
6748 162
6749 164
6750 162
6751 163
6752 163
6753 164
6754 168
6755 156
6756 163
6757 160
6758 155
6759 155
6760 155
6761 153
6762 152
6763 152
6764 154
6765 153
6766 152
6767 148
6768 145
6769 147
6770 148
6771 146
6772 150
6773 149
6774 147
6775 146
6776 146
6777 147
6778 150
6779 149
6780 149
6781 152
6782 147
6783 150
6784 149
6785 149
6786 151
6787 149
6788 149
6789 147
6790 155
6791 150
6792 148
6793 148
6794 150
6795 148
6796 149
6797 151
6798 150
6799 155
6800 146
6801 144
6802 144
6803 149
6804 146
6805 145
6806 144
6807 145
6808 144
6809 142
6810 141
6811 139
6812 139
6813 136
6814 139
6815 139
6816 135
6817 140
6818 137
6819 137
6820 139
6821 136
6822 135
6823 135
6824 132
6825 132
6826 134
6827 129
6828 130
6829 128
6830 132
6831 128
6832 135
6833 130
6834 130
6835 132
6836 130
6837 128
6838 128
6839 126
6840 124
6841 128
6842 132
6843 137
6844 140
6845 144
6846 141
6847 149
6848 147
6849 147
6850 148
6851 152
6852 150
6853 159
6854 151
6855 152
6856 156
6857 156
6858 153
6859 156
6860 159
6861 155
6862 161
6863 160
6864 160
6865 158
6866 159
6867 161
6868 155
6869 163
6870 159
6871 165
6872 165
6873 164
6874 163
6875 165
6876 165
6877 163
6878 163
6879 161
6880 166
6881 165
6882 167
6883 164
6884 168
6885 163
6886 164
6887 164
6888 165
6889 175
6890 165
6891 163
6892 160
6893 166
6894 158
6895 162
6896 164
6897 170
6898 165
6899 164
6900 158
6901 159
6902 157
6903 156
6904 155
6905 151
6906 148
6907 158
6908 147
6909 150
6910 150
6911 149
6912 146
6913 146
6914 145
6915 143
6916 153
6917 146
6918 145
6919 145
6920 145
6921 148
6922 145
6923 145
6924 147
6925 147
6926 146
6927 146
6928 147
6929 145
6930 147
6931 148
6932 146
6933 148
6934 148
6935 146
6936 146
6937 147
6938 146
6939 148
6940 149
6941 146
6942 148
6943 150
6944 144
6945 145
6946 146
6947 145
6948 145
6949 143
6950 143
6951 140
6952 147
6953 139
6954 137
6955 135
6956 137
6957 137
6958 135
6959 140
6960 134
6961 139
6962 134
6963 137
6964 134
6965 132
6966 131
6967 132
6968 127
6969 130
6970 134
6971 129
6972 127
6973 129
6974 127
6975 128
6976 129
6977 131
6978 128
6979 127
6980 127
6981 127
6982 126
6983 124
6984 123
6985 127
6986 130
6987 132
6988 138
6989 136
6990 135
6991 143
6992 145
6993 145
6994 148
6995 149
6996 147
6997 151
6998 148
6999 150
7000 154
7001 152
7002 150
7003 153
7004 153
7005 157
7006 158
7007 154
7008 158
7009 158
7010 159
7011 156
7012 158
7013 157
7014 159
7015 159
7016 161
7017 160
7018 160
7019 161
7020 160
7021 159
7022 158
7023 161
7024 165
7025 161
7026 158
7027 158
7028 161
7029 163
7030 165
7031 162
7032 163
7033 167
7034 159
7035 162
7036 160
7037 158
7038 161
7039 161
7040 157
7041 160
7042 167
7043 159
7044 155
7045 159
7046 159
7047 152
7048 149
7049 149
7050 146
7051 149
7052 145
7053 143
7054 144
7055 146
7056 147
7057 138
7058 143
7059 141
7060 148
7061 141
7062 143
7063 144
7064 144
7065 144
7066 142
7067 142
7068 142
7069 144
7070 142
7071 142
7072 143
7073 143
7074 143
7075 141
7076 143
7077 140
7078 144
7079 142
7080 142
7081 141
7082 140
7083 141
7084 145
7085 146
7086 140
7087 146
7088 139
7089 137
7090 140
7091 141
7092 138
7093 135
7094 137
7095 139
7096 143
7097 136
7098 136
7099 132
7100 135
7101 132
7102 133
7103 131
7104 134
7105 135
7106 130
7107 130
7108 135
7109 134
7110 130
7111 128
7112 128
7113 128
7114 129
7115 126
7116 128
7117 126
7118 128
7119 125
7120 124
7121 125
7122 128
7123 129
7124 128
7125 123
7126 121
7127 123
7128 123
7129 125
7130 128
7131 132
7132 137
7133 133
7134 135
7135 138
7136 141
7137 141
7138 141
7139 143
7140 143
7141 149
7142 143
7143 146
7144 144
7145 145
7146 149
7147 147
7148 147
7149 145
7150 152
7151 148
7152 151
7153 151
7154 148
7155 152
7156 150
7157 151
7158 150
7159 154
7160 152
7161 154
7162 148
7163 151
7164 150
7165 150
7166 153
7167 155
7168 156
7169 154
7170 153
7171 153
7172 157
7173 156
7174 158
7175 157
7176 159
7177 160
7178 155
7179 156
7180 155
7181 152
7182 158
7183 155
7184 153
7185 151
7186 156
7187 148
7188 153
7189 149
7190 148
7191 152
7192 144
7193 150
7194 145
7195 148
7196 147
7197 141
7198 142
7199 144
7200 143
7201 144
7202 143
7203 139
7204 146
7205 144
7206 144
7207 142
7208 142
7209 146
7210 145
7211 143
7212 142
7213 146
7214 143
7215 145
7216 143
7217 143
7218 142
7219 142
7220 144
7221 142
7222 144
7223 144
7224 142
7225 142
7226 141
7227 140
7228 135
7229 142
7230 146
7231 145
7232 141
7233 140
7234 139
7235 141
7236 138
7237 140
7238 137
7239 137
7240 136
7241 137
7242 136
7243 134
7244 135
7245 133
7246 134
7247 131
7248 133
7249 135
7250 133
7251 132
7252 132
7253 132
7254 132
7255 128
7256 132
7257 127
7258 128
7259 126
7260 126
7261 127
7262 123
7263 129
7264 126
7265 125
7266 126
7267 127
7268 127
7269 124
7270 122
7271 120
7272 123
7273 127
7274 129
7275 133
7276 137
7277 136
7278 135
7279 137
7280 141
7281 145
7282 144
7283 144
7284 144
7285 153
7286 145
7287 143
7288 147
7289 145
7290 149
7291 151
7292 150
7293 148
7294 154
7295 149
7296 151
7297 149
7298 151
7299 151
7300 151
7301 148
7302 149
7303 154
7304 149
7305 154
7306 153
7307 152
7308 154
7309 153
7310 153
7311 157
7312 159
7313 154
7314 155
7315 155
7316 159
7317 159
7318 153
7319 156
7320 156
7321 159
7322 158
7323 157
7324 155
7325 154
7326 152
7327 152
7328 156
7329 154
7330 157
7331 149
7332 153
7333 154
7334 151
7335 150
7336 146
7337 147
7338 146
7339 150
7340 145
7341 146
7342 144
7343 141
7344 149
7345 148
7346 146
7347 148
7348 150
7349 149
7350 147
7351 149
7352 150
7353 151
7354 154
7355 148
7356 150
7357 157
7358 154
7359 151
7360 149
7361 152
7362 148
7363 149
7364 151
7365 149
7366 153
7367 151
7368 149
7369 152
7370 149
7371 153
7372 149
7373 151
7374 149
7375 153
7376 152
7377 145
7378 151
7379 147
7380 149
7381 140
7382 142
7383 144
7384 142
7385 140
7386 137
7387 140
7388 138
7389 138
7390 138
7391 137
7392 135
7393 137
7394 136
7395 136
7396 134
7397 134
7398 135
7399 133
7400 134
7401 130
7402 130
7403 128
7404 132
7405 129
7406 128
7407 129
7408 128
7409 127
7410 131
7411 129
7412 127
7413 127
7414 126
7415 122
7416 124
7417 129
7418 134
7419 138
7420 144
7421 143
7422 144
7423 148
7424 149
7425 153
7426 153
7427 155
7428 156
7429 161
7430 155
7431 158
7432 157
7433 159
7434 162
7435 163
7436 163
7437 163
7438 167
7439 163
7440 166
7441 162
7442 164
7443 168
7444 170
7445 164
7446 165
7447 168
7448 168
7449 166
7450 165
7451 166
7452 167
7453 171
7454 169
7455 170
7456 173
7457 170
7458 169
7459 170
7460 169
7461 171
7462 174
7463 169
7464 175
7465 171
7466 174
7467 171
7468 167
7469 167
7470 169
7471 164
7472 169
7473 169
7474 169
7475 164
7476 168
7477 161
7478 161
7479 158
7480 161
7481 160
7482 156
7483 155
7484 150
7485 151
7486 151
7487 150
7488 149
7489 152
7490 151
7491 152
7492 151
7493 148
7494 148
7495 149
7496 151
7497 150
7498 150
7499 151
7500 150
7501 150
7502 152
7503 150
7504 147
7505 152
7506 150
7507 152
7508 152
7509 150
7510 149
7511 151
7512 149
7513 153
7514 152
7515 152
7516 155
7517 149
7518 153
7519 156
7520 150
7521 148
7522 152
7523 147
7524 150
7525 145
7526 145
7527 145
7528 141
7529 141
7530 141
7531 142
7532 139
7533 137
7534 137
7535 140
7536 137
7537 138
7538 134
7539 134
7540 134
7541 135
7542 134
7543 132
7544 131
7545 131
7546 130
7547 128
7548 128
7549 129
7550 126
7551 127
7552 127
7553 127
7554 130
7555 128
7556 124
7557 124
7558 122
7559 122
7560 123
7561 128
7562 131
7563 138
7564 142
7565 141
7566 145
7567 147
7568 151
7569 149
7570 152
7571 149
7572 155
7573 154
7574 157
7575 161
7576 161
7577 162
7578 162
7579 164
7580 163
7581 166
7582 166
7583 168
7584 167
7585 169
7586 168
7587 176
7588 169
7589 168
7590 170
7591 167
7592 168
7593 169
7594 175
7595 176
7596 169
7597 176
7598 173
7599 175
7600 173
7601 176
7602 172
7603 173
7604 176
7605 175
7606 176
7607 173
7608 172
7609 174
7610 172
7611 171
7612 173
7613 171
7614 171
7615 173
7616 170
7617 170
7618 170
7619 166
7620 166
7621 166
7622 161
7623 162
7624 163
7625 157
7626 155
7627 154
7628 153
7629 150
7630 149
7631 149
7632 155
7633 154
7634 158
7635 151
7636 154
7637 154
7638 155
7639 158
7640 157
7641 152
7642 154
7643 156
7644 157
7645 153
7646 157
7647 157
7648 155
7649 156
7650 154
7651 153
7652 156
7653 157
7654 156
7655 160
7656 156
7657 156
7658 159
7659 161
7660 159
7661 159
7662 164
7663 161
7664 156
7665 153
7666 155
7667 155
7668 156
7669 149
7670 148
7671 148
7672 146
7673 149
7674 143
7675 142
7676 141
7677 142
7678 141
7679 140
7680 140
7681 139
7682 138
7683 136
7684 134
7685 135
7686 133
7687 136
7688 132
7689 131
7690 132
7691 131
7692 130
7693 134
7694 127
7695 130
7696 128
7697 129
7698 129
7699 127
7700 124
7701 128
7702 125
7703 125
7704 127
7705 130
7706 132
7707 140
7708 140
7709 147
7710 146
7711 150
7712 152
7713 154
7714 157
7715 159
7716 159
7717 160
7718 163
7719 164
7720 171
7721 165
7722 170
7723 170
7724 168
7725 175
7726 172
7727 173
7728 174
7729 173
7730 175
7731 178
7732 178
7733 174
7734 176
7735 179
7736 179
7737 182
7738 178
7739 184
7740 179
7741 183
7742 180
7743 183
7744 186
7745 184
7746 184
7747 186
7748 184
7749 178
7750 182
7751 180
7752 178
7753 184
7754 180
7755 189
7756 182
7757 183
7758 179
7759 185
7760 176
7761 177
7762 176
7763 177
7764 174
7765 173
7766 168
7767 174
7768 163
7769 161
7770 163
7771 156
7772 157
7773 158
7774 153
7775 154
7776 209
7777 210
7778 210
7779 210
7780 210
7781 210
7782 211
7783 210
7784 210
7785 209
7786 210
7787 209
7788 211
7789 210
7790 210
7791 210
7792 210
7793 211
7794 210
7795 209
7796 210
7797 211
7798 210
7799 210
7800 210
7801 210
7802 210
7803 209
7804 210
7805 211
7806 210
7807 209
7808 209
7809 208
7810 209
7811 209
7812 209
7813 209
7814 209
7815 209
7816 210
7817 209
7818 208
7819 208
7820 208
7821 208
7822 208
7823 208
7824 208
7825 208
7826 208
7827 207
7828 208
7829 207
7830 207
7831 208
7832 207
7833 207
7834 207
7835 207
7836 206
7837 207
7838 207
7839 207
7840 207
7841 206
7842 206
7843 206
7844 206
7845 206
7846 205
7847 205
7848 206
7849 206
7850 207
7851 207
7852 208
7853 208
7854 209
7855 209
7856 209
7857 209
7858 209
7859 211
7860 210
7861 211
7862 210
7863 211
7864 211
7865 211
7866 213
7867 211
7868 212
7869 211
7870 211
7871 212
7872 212
7873 213
7874 212
7875 213
7876 212
7877 212
7878 212
7879 213
7880 214
7881 213
7882 213
7883 213
7884 213
7885 214
7886 213
7887 214
7888 214
7889 213
7890 213
7891 214
7892 213
7893 213
7894 213
7895 213
7896 214
7897 213
7898 215
7899 214
7900 214
7901 214
7902 213
7903 214
7904 213
7905 213
7906 213
7907 212
7908 213
7909 212
7910 213
7911 212
7912 212
7913 211
7914 211
7915 211
7916 210
7917 210
7918 209
7919 210
7920 210
7921 210
7922 211
7923 209
7924 210
7925 209
7926 209
7927 209
7928 209
7929 210
7930 209
7931 209
7932 209
7933 209
7934 210
7935 209
7936 209
7937 209
7938 210
7939 210
7940 209
7941 209
7942 211
7943 209
7944 209
7945 210
7946 209
7947 210
7948 210
7949 210
7950 210
7951 208
7952 209
7953 209
7954 209
7955 208
7956 208
7957 209
7958 208
7959 208
7960 208
7961 208
7962 207
7963 208
7964 208
7965 207
7966 207
7967 206
7968 206
7969 207
7970 207
7971 207
7972 206
7973 206
7974 207
7975 206
7976 206
7977 206
7978 206
7979 206
7980 206
7981 206
7982 205
7983 206
7984 206
7985 205
7986 205
7987 206
7988 205
7989 206
7990 205
7991 205
7992 205
7993 206
7994 206
7995 206
7996 208
7997 208
7998 209
7999 209
8000 209
8001 210
8002 210
8003 209
8004 210
8005 211
8006 211
8007 211
8008 212
8009 211
8010 211
8011 211
8012 211
8013 212
8014 212
8015 212
8016 211
8017 212
8018 212
8019 212
8020 213
8021 212
8022 213
8023 213
8024 212
8025 213
8026 213
8027 213
8028 213
8029 214
8030 213
8031 215
8032 214
8033 214
8034 213
8035 213
8036 214
8037 212
8038 213
8039 214
8040 213
8041 214
8042 213
8043 214
8044 214
8045 213
8046 214
8047 213
8048 213
8049 213
8050 214
8051 214
8052 212
8053 213
8054 211
8055 211
8056 211
8057 212
8058 210
8059 211
8060 209
8061 210
8062 209
8063 209
8064 214
8065 215
8066 215
8067 214
8068 215
8069 216
8070 215
8071 215
8072 214
8073 213
8074 214
8075 214
8076 215
8077 215
8078 215
8079 214
8080 214
8081 215
8082 215
8083 215
8084 214
8085 215
8086 214
8087 213
8088 214
8089 213
8090 211
8091 212
8092 210
8093 212
8094 209
8095 210
8096 210
8097 210
8098 209
8099 209
8100 209
8101 210
8102 209
8103 208
8104 209
8105 208
8106 209
8107 208
8108 209
8109 207
8110 208
8111 208
8112 207
8113 209
8114 210
8115 212
8116 213
8117 213
8118 215
8119 216
8120 215
8121 216
8122 217
8123 218
8124 218
8125 218
8126 220
8127 219
8128 218
8129 220
8130 220
8131 220
8132 220
8133 219
8134 220
8135 221
8136 221
8137 222
8138 221
8139 222
8140 223
8141 222
8142 222
8143 222
8144 223
8145 222
8146 223
8147 221
8148 221
8149 221
8150 219
8151 221
8152 220
8153 218
8154 219
8155 217
8156 216
8157 216
8158 215
8159 215
8160 216
8161 216
8162 216
8163 215
8164 217
8165 217
8166 217
8167 217
8168 217
8169 215
8170 215
8171 216
8172 217
8173 216
8174 217
8175 217
8176 217
8177 216
8178 217
8179 217
8180 217
8181 217
8182 215
8183 216
8184 215
8185 215
8186 214
8187 212
8188 212
8189 212
8190 212
8191 211
8192 212
8193 211
8194 210
8195 210
8196 211
8197 210
8198 209
8199 209
8200 210
8201 210
8202 209
8203 209
8204 209
8205 208
8206 208
8207 208
8208 209
8209 209
8210 211
8211 214
8212 213
8213 214
8214 216
8215 218
8216 218
8217 219
8218 219
8219 220
8220 222
8221 222
8222 221
8223 223
8224 221
8225 223
8226 224
8227 223
8228 225
8229 225
8230 224
8231 223
8232 223
8233 223
8234 225
8235 224
8236 226
8237 225
8238 224
8239 223
8240 225
8241 226
8242 224
8243 226
8244 223
8245 223
8246 224
8247 222
8248 223
8249 221
8250 220
8251 219
8252 219
8253 219
8254 217
8255 215
8256 219
8257 218
8258 218
8259 218
8260 218
8261 218
8262 218
8263 218
8264 217
8265 218
8266 217
8267 217
8268 218
8269 218
8270 220
8271 218
8272 218
8273 219
8274 218
8275 217
8276 218
8277 217
8278 217
8279 217
8280 216
8281 215
8282 215
8283 213
8284 213
8285 213
8286 213
8287 213
8288 212
8289 212
8290 211
8291 212
8292 210
8293 211
8294 209
8295 210
8296 210
8297 209
8298 209
8299 209
8300 209
8301 210
8302 208
8303 210
8304 209
8305 209
8306 211
8307 214
8308 214
8309 217
8310 218
8311 220
8312 221
8313 221
8314 222
8315 221
8316 223
8317 224
8318 225
8319 225
8320 224
8321 225
8322 227
8323 227
8324 227
8325 226
8326 227
8327 226
8328 228
8329 226
8330 228
8331 227
8332 229
8333 229
8334 227
8335 229
8336 229
8337 229
8338 229
8339 227
8340 228
8341 227
8342 225
8343 224
8344 225
8345 222
8346 223
8347 222
8348 220
8349 218
8350 218
8351 218
8352 220
8353 220
8354 219
8355 221
8356 219
8357 220
8358 220
8359 220
8360 220
8361 218
8362 219
8363 219
8364 220
8365 220
8366 220
8367 221
8368 221
8369 220
8370 220
8371 219
8372 221
8373 220
8374 218
8375 218
8376 218
8377 217
8378 216
8379 216
8380 215
8381 213
8382 213
8383 213
8384 213
8385 211
8386 211
8387 211
8388 210
8389 210
8390 210
8391 211
8392 210
8393 210
8394 210
8395 209
8396 209
8397 210
8398 208
8399 210
8400 209
8401 210
8402 212
8403 214
8404 215
8405 216
8406 219
8407 220
8408 221
8409 222
8410 223
8411 224
8412 226
8413 226
8414 228
8415 227
8416 228
8417 228
8418 228
8419 228
8420 229
8421 232
8422 230
8423 231
8424 230
8425 230
8426 231
8427 233
8428 233
8429 231
8430 232
8431 232
8432 233
8433 231
8434 233
8435 232
8436 232
8437 232
8438 228
8439 228
8440 228
8441 227
8442 225
8443 224
8444 222
8445 221
8446 218
8447 218
8448 221
8449 222
8450 219
8451 220
8452 219
8453 221
8454 220
8455 221
8456 219
8457 219
8458 221
8459 219
8460 220
8461 220
8462 221
8463 219
8464 222
8465 221
8466 221
8467 221
8468 220
8469 220
8470 219
8471 218
8472 217
8473 216
8474 215
8475 215
8476 214
8477 213
8478 214
8479 213
8480 211
8481 211
8482 212
8483 212
8484 211
8485 212
8486 210
8487 211
8488 212
8489 210
8490 210
8491 211
8492 209
8493 210
8494 210
8495 209
8496 208
8497 210
8498 211
8499 214
8500 217
8501 217
8502 218
8503 222
8504 220
8505 222
8506 224
8507 224
8508 224
8509 227
8510 227
8511 227
8512 229
8513 227
8514 230
8515 231
8516 229
8517 231
8518 232
8519 231
8520 231
8521 232
8522 233
8523 233
8524 233
8525 235
8526 233
8527 235
8528 232
8529 231
8530 234
8531 231
8532 230
8533 233
8534 229
8535 229
8536 229
8537 228
8538 226
8539 224
8540 223
8541 221
8542 220
8543 219
8544 230
8545 232
8546 231
8547 230
8548 228
8549 227
8550 229
8551 229
8552 228
8553 230
8554 230
8555 230
8556 230
8557 227
8558 228
8559 226
8560 225
8561 223
8562 222
8563 220
8564 220
8565 217
8566 216
8567 217
8568 216
8569 216
8570 216
8571 216
8572 216
8573 216
8574 216
8575 214
8576 214
8577 216
8578 221
8579 224
8580 228
8581 229
8582 232
8583 234
8584 238
8585 236
8586 240
8587 242
8588 241
8589 242
8590 243
8591 245
8592 246
8593 247
8594 247
8595 249
8596 249
8597 246
8598 247
8599 246
8600 246
8601 243
8602 240
8603 239
8604 237
8605 232
8606 227
8607 229
8608 236
8609 239
8610 236
8611 236
8612 236
8613 237
8614 235
8615 233
8616 234
8617 235
8618 237
8619 233
8620 235
8621 236
8622 233
8623 231
8624 231
8625 228
8626 226
8627 224
8628 224
8629 222
8630 219
8631 221
8632 222
8633 220
8634 220
8635 218
8636 219
8637 218
8638 218
8639 217
8640 217
8641 217
8642 222
8643 228
8644 231
8645 237
8646 237
8647 241
8648 246
8649 245
8650 247
8651 249
8652 248
8653 252
8654 252
8655 253
8656 253
8657 252
8658 253
8659 257
8660 258
8661 257
8662 255
8663 257
8664 254
8665 252
8666 250
8667 244
8668 241
8669 237
8670 237
8671 237
8672 261
8673 256
8674 258
8675 256
8676 257
8677 259
8678 259
8679 258
8680 257
8681 256
8682 258
8683 260
8684 262
8685 260
8686 255
8687 251
8688 251
8689 248
8690 242
8691 243
8692 242
8693 235
8694 234
8695 233
8696 233
8697 234
8698 230
8699 230
8700 230
8701 226
8702 225
8703 224
8704 226
8705 230
8706 234
8707 240
8708 249
8709 255
8710 265
8711 266
8712 268
8713 274
8714 276
8715 281
8716 284
8717 286
8718 288
8719 297
8720 289
8721 292
8722 291
8723 292
8724 290
8725 291
8726 295
8727 294
8728 289
8729 287
8730 281
8731 273
8732 267
8733 259
8734 259
8735 259
