0.0625
-0.0625
-0.0625
-0.0625
0.0000
0.0000
0.0000
0.0000
-0.0625
-0.1250
0.0000
0.0000
-0.1250
0.0625
-0.0625
0.0000
-0.0625
0.0000
0.0000
0.0000
0.0000
-0.0625
0.0625
-0.0625
-0.0625
0.0000
-0.0625
0.0000
-0.0625
-0.0625
-0.0625
-0.0625
-0.1250
-0.0625
0.0000
-0.0625
0.0000
-0.0625
-0.0625
-0.0625
0.0000
-0.0625
-0.1250
-0.0625
0.1250
0.0000
0.0000
0.0000
-0.0625
-0.1875
0.0000
0.1250
-0.3750
0.0625
-0.0625
0.0000
-0.0625
-0.0625
0.0000
0.0000
-0.0625
0.0000
-0.0625
0.0000
-0.0625
0.0000
0.0000
0.0000
0.0000
0.0000
-0.0625
0.0000
-0.1250
0.0000
0.0000
0.0000
0.0000
0.0000
0.0625
0.0000
0.0000
-0.0625
-0.0625
0.0000
0.0000
0.0000
0.0000
-0.0625
0.0000
0.0000
0.0000
0.0000
0.0000
-0.0625
0.0000
0.0000
-0.1250
-0.2500
-0.0625
0.5000
0.0000
0.1250
0.0000
0.0000
0.0000
0.0000
-0.1250
0.0000
0.0000
-0.0625
-0.0625
0.0000
0.0000
0.0000
0.0000
0.0000
0.0625
0.2500
0.0000
0.0000
0.0000
-0.0625
0.0000
0.1250
0.0625
-0.0625
0.0000
0.0000
0.0
