Classifier coefficients:
Layer: 0
Weights:
-0.0221138216404 -0.609099159462 0.4673714483 -0.111621208304
-1.93142212407e-316 1.91840364252e-316 1.33168468036e-316 7.93683752898e-317
0.00626694132184 0.114256413249 0.0319312133455 0.0844807945184
6.26845442315e-317 2.92339373861e-316 2.54606098292e-316 -2.92222902826e-316
0.548070788904 -0.451162530269 0.302534728825 0.0234017442404
-0.143000898024 0.283253332808 -0.309193204308 0.0816576745866
-0.268500062204 0.337025989635 0.249876392912 -0.565430048943
-0.283764575626 0.214590264537 -0.096547065298 0.133024854101
-0.885341561012 -0.665734104173 0.70431917076 -0.34425695396
-0.32901032151 0.772161919364 -0.653302342344 0.0226663342583
0.459616100826 -0.447395904122 0.452110567082 -0.330554649375
-1.76551083941 0.147202626186 0.548345696161 -0.0585140923255
-0.123397975673 0.191210119343 0.173350314682 -0.123005157635
0.815361008572 0.294623573888 -0.365182021997 0.079548460844
-0.857354688095 -0.930788099276 0.510055119689 0.0227696912187
0.0181898753036 -0.41599542711 0.291806769323 0.0948790390895
0.691379336183 0.172008553981 -0.539896925089 0.227486677584
0.0253638504375 -0.274043763792 0.0543978543199 0.141720238983
-2.6362461943e-316 -6.9890061839e-317 2.15907714889e-316 -7.13390723871e-317
-1.54964274304 0.203818145236 -0.0374285030666 0.0168902772531
-0.221136262406 -2.25106565555 0.256961993874 0.00194983553015
-0.524248013669 0.781015356319 0.0252149380284 -0.0301127676158
0.0607677439554 -0.428359994197 0.3703301605 -5.41346523354e-05
-0.525194307165 0.559599748072 0.0205464494051 -0.0558737715116
Intercepts:
5.02281582532 -0.2824309392 -9.28757480847 -0.449937654161 -3.67077790051 4.72514396808 -4.30786284283 2.21223244918 0.0629881131061 -0.0944799863562 -3.29056543046 -0.150675358646 3.92383818506 -0.441036709666 3.62772029298 0.436018808067 -3.12582635613 -3.34232428001 -0.0193357963566 2.54951623536 2.94947133732 -1.66553246557 4.34844007247 -1.52935028975
Layer: 1
Weights:
0.204570473419 -3.13496425871e-316 -1.27285259177 9.40335875169e-317 -0.0832575642428 0.273643129176 0.15340105645 0.444863134556 -0.68521896186 -0.025621291171 0.378791836896 -1.12729682968 0.426310007647 0.00989361099501 -0.813761088286 0.377448956459 -0.539674157276 -0.0688179736339 -4.14085409774e-317 -0.521728855521 -0.323349995991 0.684559865693 0.54564321383 0.365573222804
0.9942212312 -9.0247676108e-317 -1.44313541127 2.21359363682e-316 -0.454193490721 0.250280490576 -0.362457411173 -0.0233523928207 -0.319916651857 -0.282065105469 -0.0788610169649 0.237112632099 0.0726236277884 0.296479002174 -1.00459343263 -0.00681570939437 0.127455103894 -0.237756004196 1.29794276352e-316 -0.199154199486 -0.0467576727331 -0.134954722313 0.145441880129 0.0280487438196
-0.867158108761 -1.27235292983e-317 -1.18963138494 -2.55159511103e-317 0.0732700562602 -0.2840107943 -0.200598922298 0.244130687473 0.288014225624 0.0818275064376 -0.310618130346 -0.150085198401 -0.156854216153 -0.0733142288916 -0.1722286751 0.186801990764 0.0967700377399 -0.208426362415 -1.53318085609e-316 -0.495039671018 0.619971848483 0.372809452155 0.150158569557 0.0624794157556
-1.98909919935e-316 -4.64910930893e-317 2.60966566018e-316 2.36527060434e-316 -8.15392997376e-317 3.51110147435e-316 3.61327128552e-316 3.72242303477e-316 -2.86788156019e-316 -1.54923981762e-316 -1.71415977011e-316 1.74322614613e-317 -3.61289989637e-316 -2.1314920805e-317 -3.59531387674e-316 -7.86159528365e-317 -3.01596988188e-317 7.42996965413e-317 1.26379260023e-316 2.47659164762e-316 1.72206709315e-316 2.2122199367e-317 3.70616674342e-316 8.28497248721e-317
-2.96880800575e-316 1.06349433607e-316 2.23858293372e-316 1.17830372984e-316 3.04096738027e-316 -1.7648774367e-316 -1.93443523282e-316 2.00440061003e-316 -2.13944969942e-316 -2.04993147665e-316 2.99265438058e-316 -3.94928859209e-316 2.58108381435e-316 2.1151195355e-316 2.70365814144e-317 7.42304186564e-317 -7.18688787417e-317 -2.01259864129e-317 -8.03968816261e-318 2.61674853588e-316 -9.06223458498e-317 1.17926295829e-316 -9.40188001322e-317 -3.13732223641e-316
0.316333081603 -6.255523243e-317 -1.11235316918 1.55398008105e-316 -0.00124474801139 -0.692815160223 0.444323590334 0.348131697157 0.15354830561 -0.390343263256 -0.324432434607 -0.937540934931 0.463413150541 0.132549999026 0.210693679745 -0.0551167809266 -0.308593270996 -0.00616837423297 -1.81677671069e-317 0.339277028497 -1.41494510618 0.227197235493 0.279285835031 -0.0948403133531
0.251206539862 -5.82758877792e-317 -1.66460570545 3.35682043504e-316 -0.0997837887769 -0.0694792879891 0.119910295071 0.0823738584447 0.246806411509 0.310021987145 0.126859488085 0.479877676439 0.0831463634622 -0.143765522779 0.115478011091 -0.00160740960207 -0.0602812877068 0.172782336645 3.26192608635e-316 0.241264676713 -0.299008199591 -1.09385890578 -0.0435544961139 -0.259750407059
-0.435416702009 2.14200209195e-316 -0.269928792697 -5.60624539232e-317 0.476182355101 -0.322045452664 0.0395352975777 -0.0132026331023 0.028456433328 -0.48838792117 -0.0879804955668 0.348063291767 0.236078593373 -0.355411816809 -0.387970422788 0.0994965419796 -0.0116448167567 0.26096624132 -1.61373371424e-316 -0.440476300627 -0.50750128374 0.336232735739 0.29150598998 -0.596829823996
0.768487354428 7.58092795375e-317 0.588084788224 3.60183588911e-317 -1.04218230925 -0.650744119893 0.626141077962 -0.620293890307 0.0144839178793 0.584278447319 0.00591167144862 -0.621956337362 -0.16040759256 -0.686882816769 -0.0792934276914 0.00311601930733 0.135937065409 0.408947373354 -1.99214185322e-316 -0.21386229582 0.810819981205 -0.0498555229233 0.236595763634 0.620939832538
0.73468945632 1.19777085501e-316 -0.756537955913 2.63735571753e-316 -0.346391242743 -0.0500521550886 0.0220344862786 0.177394216682 -0.142699048092 -0.176432526019 0.206875723089 -0.368184057494 -0.0541510202748 -0.0312294688336 -0.46700284479 -0.159368625404 0.0940493510049 -0.0370636729074 1.5883052918e-316 0.44675556412 0.0806534186936 0.0412498927728 0.0622602859784 0.0953241082044
-0.815838042356 3.13409539486e-316 -0.56100956797 2.71616541326e-318 -0.205828029654 0.532477109814 -0.11848237862 0.354787096827 -0.736788649018 -0.169581388776 0.564277334025 0.0403316642325 0.105960928403 -0.159192710114 -0.919703557799 0.0772191860537 -0.317314551614 0.065075699615 -1.35740717067e-316 -0.181085160197 -0.141914254581 0.452505792782 0.118868751211 0.476160215927
-0.444956170933 -1.45370935942e-316 -0.677188152761 -1.12023016688e-316 -0.367272001927 0.333464064702 0.132641303136 0.0322562189815 0.153363938501 -0.0492310596572 0.282139757011 -0.498856026125 0.515739755456 -0.166609734987 -0.449636639914 0.350932118646 -0.544816387185 0.2250390615 -1.58075414069e-317 -0.410835155677 -0.064736507642 0.155753409687 0.519230380207 -0.164346348546
-0.123763062543 1.98141929473e-316 -1.71593479022 2.37967933721e-316 -0.0236833834217 -0.806148835641 0.215359994425 -0.381068683101 0.445987732776 0.0985943654312 0.510409903126 0.599188006707 0.0510572997847 -0.116568310834 0.116691877406 0.394411689672 -0.0383144890683 0.509313191588 -4.00171236617e-317 -0.117510647922 -0.230365136742 -0.408501571444 0.649689811028 0.0317274840105
0.722895824309 3.2618029652e-316 -0.123160904667 1.06894857377e-316 0.259860975447 -0.0360570318623 0.211060678181 0.183937383833 -0.0793870770896 -0.171937660821 -0.308789209936 -0.319069329919 0.457084971797 -0.616600424688 0.38197497881 -0.329655207746 0.223252392779 -0.188961192333 1.41231831825e-316 -0.594299316937 -1.25773764725 0.156385545397 0.0295852844404 -0.386215605638
0.625776212544 8.20109446845e-318 -1.2940313002 1.59510170823e-316 0.254688458456 -0.330163942763 -1.23362200646 -0.715308723706 -0.43942438702 -0.280542462772 -0.138191754299 -0.194012583189 0.564260617833 -0.163397986353 0.830030937087 -1.22066441633 -0.189206094578 0.000683677918214 1.4408972985e-316 0.176483620188 -0.107158926199 0.495861160819 -0.611093509236 -0.0148432528392
-0.387315038459 -1.16911593687e-317 -0.102895032155 -1.6897919584e-317 0.0239644249236 0.352903120914 0.288086611498 -0.0484437711289 -0.0717058017988 -0.605422838517 -0.283266946466 -0.376307956129 0.528902462045 0.120887297037 -0.48021751688 -0.0959938973817 -0.128051198307 -0.0860069880089 1.74333538404e-316 -0.289885913273 0.189449852224 -0.316950960471 0.326156634531 -0.130675862126
-0.890793691576 -1.43026732791e-316 -1.03416743891 -2.20434319633e-316 -0.725948795161 -0.235262489268 0.454074166651 0.0503452097092 -1.06006965518 -0.145930502596 0.361567708539 -0.19028904995 0.32624074393 -0.664672561702 -0.234686646592 0.0309990772876 -0.119111438568 0.292607896579 2.19826258221e-317 -0.727076555666 0.00131490025219 0.023179983824 0.50548972562 0.659250018078
-0.367825778723 1.78867277456e-317 -0.986960720773 1.36788595718e-317 -0.547566555408 -0.13858879105 0.397191567801 0.177623352598 -0.689644662701 -0.272199554612 0.521889165049 0.136979857402 0.451055945357 -0.953391489204 -0.0630951455091 0.456014624068 -0.0681702531814 0.0719454123109 2.09075987587e-316 -0.0727747956411 -0.17170361581 -0.495185130994 0.466684156451 0.193925305865
-0.166818337569 4.82402139327e-317 -0.621433739365 8.03575045941e-318 -0.0298284626435 0.452296553879 -0.11822939652 0.300827172277 -0.189690891761 -0.356743275093 -0.268568237756 0.65005697504 -0.138395927743 -0.464546906463 -0.665370767168 0.0111658027569 -0.0422265432091 0.112469331949 2.86765606862e-316 0.0314520345131 -0.618275163675 0.332619345676 -0.00260445666147 0.520094652534
-0.01719073802 -1.51490437972e-316 -1.76521917843 -2.28645829005e-316 0.156696690864 0.361197788188 -0.10590931156 -0.0341115157305 -0.139513498474 0.300509814375 0.123536659348 0.1496988122 0.379898936021 0.0201243625331 -0.51562005179 0.122620873667 -0.325780855368 0.189959151347 2.59976334948e-316 -0.391344638586 -0.693337857242 0.0701003058406 0.286174029034 -0.346271318866
0.183492009676 3.80773626482e-317 -0.409352543026 8.03293428523e-318 -0.141077066495 0.084639561932 0.266758599915 0.167377449779 -0.252520133766 -0.103529893097 0.147805219716 -0.42163293014 0.462660779744 -0.033451881157 -0.404057898502 0.312332762808 -0.380740154329 -0.0279496312009 1.18921847987e-316 -0.375955000812 -0.443996031443 0.107630002194 0.501516142783 0.0475128275492
-0.693434112401 -6.11616214628e-317 0.357326057718 6.44516095391e-317 -0.447979661747 -0.390886707236 0.0598914176117 0.470591945403 1.31178406826 -0.243198113871 0.368659493125 -0.612209320557 0.21983887313 -0.129875007608 -0.636077629156 -0.0146597093444 -0.258121500803 -0.0773512080527 2.0122435069e-316 -0.824440045628 -0.26328844598 0.257943871663 0.242581856202 0.250611318078
0.858420246809 2.38975807876e-316 1.01197373215 -2.15256496843e-318 -0.297087182118 -0.0365218314229 -0.410392172924 0.130722328044 0.0693591480664 -0.533024542715 0.0529605340027 -0.311473031442 -0.464394741507 -0.336168692915 0.209895250933 -0.204829908245 0.317490179504 -0.414161092652 2.62667337598e-316 -0.0875442406165 -0.545820804886 0.441448575851 -0.0516390969856 -0.564164847092
0.350983266205 -2.77384436599e-316 -1.28860307129 6.31114663561e-317 0.354415275071 -0.319383267357 0.343417221652 -0.218697451904 0.263794280905 -0.0277053910745 0.367903058617 -0.0966274181642 0.278357009591 0.135032699279 0.338103562255 0.0283515193876 0.151026315373 0.142155701726 1.68117545353e-317 -0.197869144005 -0.11828558979 -2.065919152 -0.0348733516854 -0.949644582524
0.476819346377 2.49585600825e-316 0.729800973789 4.96669520015e-317 0.0598722034231 -0.256076299581 -0.33375703877 -0.144055563251 -5.17402574027e-10 -0.320669182331 -0.341583993113 -0.0797409298513 -0.0249936624325 0.863389290917 -0.151477571787 0.0960906096072 0.0558819970957 -0.158017520594 -1.79332376033e-316 -0.424968172198 -0.0853290188045 0.138401978882 -0.249518771402 -0.0755078464333
0.203766575889 -3.14709688055e-317 1.09817001744 7.29953335923e-317 0.100886409146 -0.445949293043 -0.831053175583 -0.048282210753 -1.21939388503e-316 -0.366571312155 0.154868287549 -0.556722458539 -0.280763738408 0.302720009827 0.0885124319311 -0.54102294567 1.01250378665 -0.712444722385 2.74912729927e-316 -0.0254181180152 1.04472594563e-11 -0.0716668136272 -0.455801052371 0.23928951395
Intercepts:
2.20710674298 1.8011413777 -0.359892592942 -0.0278232007952 -0.00912043154437 1.49556667999 0.899824261951 1.84545502407 -0.47250184435 0.345243762589 -0.0778957587352 2.41374082514 0.15885665919 2.01526067794 1.11254101372 1.82097511191 0.686286173033 0.313888825619 -0.885567542913 4.43226453356 1.44019567173 -1.96769971355 -0.209021655095 -0.2125209458 -1.38140006687 -3.15791421868
Layer: 2
Weights:
-2.82293567161 1.3847274619 -0.0583640139833 -5.68123912264e-317 -5.26440680669e-317 -1.23423549096 -0.477584311564 -1.03148016008 -0.200853794999 0.15135639315 -0.872628743183 0.967158184199 -0.922120434189 -0.191195787866 -1.73371264965 -0.181663240143 9.31359702863e-07 -1.28045063177 -0.472339747381 2.04667586502 -0.237838056875 -5.15475235589e-05 -0.549327614542 0.081369677291 0.467861343924 0.834070105009
-1.94749296326 1.08117947129 -0.198860687027 -3.62915920153e-318 5.76084693202e-317 -0.883396177892 -0.676734124453 -0.935585100299 -0.106137702566 0.294918032938 -0.994276027938 0.90233438049 -0.439631392754 -0.149676222081 -1.49590271191 -0.0789169197661 7.72233106862e-09 -1.02027349868 -0.479583068324 1.67023921582 -0.841687053186 -0.232598530412 -0.567503362706 0.00504408996786 0.527125831792 0.667684287989
-1.08633546919 0.796933255083 -0.325698722376 -6.299890338e-317 7.09307617154e-317 -0.616228473999 -0.779566986621 -0.825497779532 -0.0460541916995 0.286011255336 -1.02335356863 0.610312729074 -0.138468634064 -0.159478709729 -1.18968546496 0.0275917487457 3.59617245403e-06 -0.876867162793 -0.49788299811 1.35285482875 -1.26464984496 0.0595243887118 -0.393300847125 -0.100555345621 0.517394002472 0.478329747849
-0.336283468315 0.515477828306 -0.367156032759 -1.53631115721e-316 -9.22562308219e-317 -0.353909736254 -0.757479934108 -0.824046345514 -0.0271314233155 0.224922456906 -0.92978475824 0.128083947736 -0.0821876945382 -0.0647062859456 -0.928590270585 0.146243699216 -9.90055354691e-05 -0.666149667497 -0.555201523808 1.05155544332 -1.42521824779 -0.030809838297 -0.267518387071 -0.16266019995 0.473336269834 0.244677815012
0.0172662075307 0.246384830115 -0.359950193714 1.65468414767e-316 4.717124362e-317 -0.106949901486 -0.669250759212 -0.800278426585 -0.0320500124962 0.256519725227 -0.587781609811 -0.379906538597 -0.0830949121532 -0.0660375805011 -0.639073455135 0.234693906889 0.0133123808009 -0.563597858288 -0.62869052504 0.749262294792 -1.09407788114 -0.0181659193518 -0.184909555152 -0.106733204286 0.423169814982 -0.0158081197096
0.212475197242 0.0479551614384 -0.28615459338 9.41122625304e-317 3.96203336127e-316 0.0829160654617 -0.659128261712 -0.751736069819 -0.0826447723188 0.310394931167 -0.219069365694 -0.696642459494 -0.139983479787 -0.0059539888323 -0.398322304925 0.246047814193 -0.0527229628395 -0.438272402442 -0.716434203092 0.439883764917 -0.702508781644 -0.00751322884866 -0.0694373813451 0.105831373929 0.37748681097 -0.414946479163
0.381675297571 -0.0613834772763 -0.0978205089849 -2.99299533529e-317 4.06707922737e-317 0.21684435788 -0.437106644298 -0.727994225494 -0.0659484263544 0.243568156723 0.0941849538202 -0.810510297928 -0.250974953126 0.142647854315 -0.159051573382 0.213697623775 -1.19675039287 -0.385919693523 -0.674816406764 0.147225715533 -0.421935410274 0.0918388190583 0.175851277713 -0.150949629335 0.241239280336 -0.851437831961
0.414927809796 -0.172500740556 0.0859850019968 -1.16067694979e-316 -9.51048898194e-317 0.364542749629 -0.320741751649 -0.686643136753 -0.0306258378874 0.153837015833 0.326719145467 -0.572279061391 -0.283578840163 0.287538231422 0.0201885020873 0.147140866761 -1.79663467501 -0.566057529603 -0.596814959536 -0.215510639686 -0.309796846339 0.234532427499 0.374232840127 -0.271609070599 2.8791008891e-05 -1.28120577246
0.384444824 -0.257284023363 0.160630977237 -2.01012233486e-316 -9.0253313397e-317 0.401345663423 -0.176647390705 -0.622188172621 -0.931433095238 0.0766960183155 0.38980983516 -0.163489316877 -0.388547768395 0.387769274974 0.192213024778 0.0251678617857 -1.27363450893 -0.661198901245 -0.336218288822 -0.462685555726 -0.213006079165 0.408980480954 0.42429221373 -0.227969273848 -0.316623725185 -1.67710205769
0.343359624518 -0.299673697906 0.185403948866 -4.70444466127e-317 -3.68502765069e-317 0.418333421955 0.0569539714352 -0.391088259088 -0.732415183447 -0.0476880093696 0.397451861831 0.0696952980991 -0.54170676076 0.50956239784 0.318204338613 -0.131001626108 -0.869421037333 -0.825144316422 -0.0300745501073 -0.717267105297 0.0222263517029 0.356622326085 0.34942460866 0.0241209706048 -0.909074755459 -1.88649879517
0.291118013003 -0.377470757915 0.319534562331 -2.22942098038e-316 -2.35394019688e-316 0.360950315182 0.0262034746818 -0.198235093099 -0.555174745695 -0.129878660536 0.293304506301 0.246516070643 -1.03011403943 0.762618459439 0.469746660285 -0.269610585139 -0.477124272693 -0.901910483236 0.229500639079 -0.89948476872 0.128246927727 0.223527031653 0.277566927821 -0.0816426323136 -1.59867861752 -0.543296937543
0.0594749037221 -0.554017645889 0.350393643364 -2.34510235061e-317 -3.34194861444e-316 0.212592308209 0.111962043106 0.0100392658526 -0.23340268749 -0.136942536838 0.333507217134 0.347608380272 -1.95905032655 0.912913887712 0.562615925481 -0.313889090589 -0.0926946148523 -0.829817226202 0.307634377936 -0.784684537065 0.236541628917 -0.248776642963 0.163275710339 -0.247073996332 -2.09319191355 -0.00466811461553
-0.239696206854 -0.713351792061 0.373268642032 5.79298293789e-317 -2.64684978179e-316 0.0612792868913 0.0349057880649 0.244197651595 0.206612764075 0.0638877467073 0.42294873172 0.338631569749 -1.94003570084 1.01814902919 0.554299240812 -0.245484828866 0.254163139521 -0.594139957892 0.235632449295 -0.494773321931 0.230995708367 -0.919070056466 -0.261845387932 -0.137455027645 -2.54721099641 -0.000714459603737
-0.44242903863 -0.619203074216 0.187887624188 -1.73663624913e-316 -8.89481154771e-317 -0.0171356092126 -0.109412863219 0.371276131781 0.454822401389 0.192158380058 0.333351488402 0.332043345549 -1.53273460739 0.899937047736 0.537421880431 -0.226124145184 0.391535407686 -0.315120131815 0.208537496981 -0.38414371738 0.215630134659 -1.38551959601 -0.194817464217 -0.504349826796 -0.821584087694 -0.00935810961141
-0.542931108227 -0.400304179684 -0.124307035629 6.79321389724e-317 4.63118411324e-317 0.249078456921 -0.173704310056 0.41047103915 0.555609075679 0.0561830636952 0.0683010063456 0.256364144099 -1.10966668535 0.399664773077 0.541959970297 -0.259449807675 0.280165478 -0.133355093073 0.26902629196 -0.267186133758 0.311430044732 -1.13541433526 -0.149559108544 -0.532254505862 -0.342077728573 -0.0441158579568
-0.57817031595 -0.230224181004 -0.260986728735 -2.43521285927e-316 -3.97091987301e-316 0.396535466266 -0.155912696379 0.458065259718 -0.296258232265 -0.0715036065954 -0.290322076492 0.194936408276 -0.768547322384 -0.0170735346838 0.58783711504 -0.287640831401 0.111011333964 0.0128852216235 0.30662112866 -0.164376127961 0.422186683144 -0.808098841408 0.0914619464758 -0.0370844494534 -0.219013148146 -0.0374040430427
-0.541241948608 -0.0722550747016 -0.268585050537 -3.34091290463e-317 1.28431984206e-316 0.422420023638 -0.320986141205 0.465173581454 -0.101728855629 -0.0233732072195 -0.771911414607 0.101463014172 -0.531130610302 -0.465624079869 0.487333002949 -0.39359193788 0.0160508047851 0.16416617716 0.325777552121 0.0284227617631 0.451676665967 -0.388216521386 0.474501234224 0.2029778548 -0.230684869813 -0.0157481297894
-0.471409069955 0.0408732459901 -0.197210601225 -5.19519611476e-317 3.10588686503e-317 0.354538648548 -0.460884799591 0.350091216247 0.242859097989 -0.139897444548 -1.22611483684 0.00800680699293 -0.273487598726 -0.705259703631 0.403315448804 -0.668585222387 -0.0788228379252 0.260873070115 0.223225748269 0.272248283206 0.524179334759 -0.0957096494392 0.739196846079 -0.00663138765327 -0.177857893634 -0.0110550545998
-0.401186245447 0.0715951976493 -0.31168542412 -1.33158809053e-316 -8.97910606381e-317 -0.178901471931 -0.50075863692 0.15210916026 0.491456192853 -0.265236372594 -1.26454780925 0.0239631921978 0.136989954697 -0.37680613477 0.146967812738 -0.89869026863 -0.238534341439 0.27399390339 -0.188855041505 0.414620516065 0.291187184702 -0.0165423963855 0.536395622785 -0.401270995882 -0.0710753972528 -0.0141597525546
-0.303903343883 0.183150237567 -0.178304112869 3.19725689525e-317 -1.94286433858e-316 -0.579476765056 -0.162630748194 0.116877721625 0.553119111816 -0.323739582742 -1.09997340033 0.031980410827 0.338099969613 -0.113672884801 0.0497042942008 -0.814331592056 -0.0896906583978 0.237208222692 -0.630685731439 0.355566022933 0.245123318543 0.152328643253 0.01473924183 -0.684999781799 -0.113346763131 -0.0161508457678
-0.219939468747 0.182022267295 -0.16380650629 -3.59692537066e-317 -9.14479937726e-317 -0.854258074901 0.126868973469 -0.0236003340323 0.492946830808 -0.362612543533 -0.940885332241 -0.0687315577332 0.433595189544 0.0895681122797 -0.0786306294071 -0.680287260594 -0.00319692951444 0.224766433311 -1.22925791499 0.358009950985 0.0952371849898 0.361576745833 -0.300073906476 -0.756286849031 -0.120246381212 -0.0180038708032
-0.119843204492 -0.0322507601206 -0.00549315218378 2.73818394284e-316 8.20094229623e-317 -0.952429544946 0.492423476012 -0.106118189329 0.276758274536 -0.244888377462 -0.824136648538 -0.0863148631177 0.371383051044 0.148091035861 -0.154430630343 -0.367843814163 -0.00013311458624 0.223437815411 -1.87144922644 0.302131915036 -0.0567697196109 0.482798709278 -0.191890379599 -0.567201266778 -0.0958237269211 -0.0283077376946
-0.141488457203 -0.158363966809 -0.055857797878 5.50069468994e-318 -3.94662834503e-316 -0.976375579475 0.497818496647 -0.244816536394 -0.0238172654203 -0.0894212777231 -0.718569056336 0.0525938256377 0.295731762618 0.168034362208 -0.233742135672 -0.222131946476 -5.42356778947e-07 0.238401161043 -2.14981684602 0.156471934491 -0.108451280557 0.554405237813 -0.119000532314 -0.025521806 -0.0594281446501 -0.0273856027489
-0.219293335277 -0.0855743800936 -0.0122888618821 -2.09046309063e-316 -1.78268889849e-316 -1.00563820021 0.417013306741 -0.614607337969 -0.241401800697 0.0681223954829 -0.645918637419 0.104394604963 0.244250355093 0.108838360855 -0.174281695654 -0.0627367180418 0.000353004102224 0.227452778602 -2.11835421368 -0.137036523247 -0.0240548070345 0.550570705447 -0.146269784088 0.262281747773 -0.0550277288486 -0.0243766530982
-0.162120814125 0.00466235706956 -0.0383683690688 2.25993235019e-317 1.72530643456e-316 -0.662691165973 0.398610336243 -1.35948977965 -0.169350856011 0.124431720792 -0.652953692146 0.0949929457785 0.216542012716 -0.10469875073 -0.169843589864 0.140026724409 -1.46573580169e-07 0.247809840824 -2.00330191789 -0.339596129548 -0.0352062146425 -0.00377245378274 -0.23397614923 0.33538832379 -0.0879333529637 -0.0230844080244
Intercepts:
-1.39112478129 -0.548541191438 -0.109868655224 -0.0138188252854 0.428684711849 0.865496871232 0.459377687154 0.654358673031 0.218618175113 -0.138553719065 0.14446216141 -0.0236891957023 -0.438056001555 -0.220865183416 -0.0406149884408 0.182100205144 0.285088674536 0.545702231227 0.999221543084 0.684979478393 0.455217733316 -0.095148316459 -0.325706683229 -0.258363892574 -0.211079482899
