1
-90   90   0
3
0   75   60
75   105   90
105   180   120
0  7
0  60   0   1   3.600488e-06    0.007003356   1.000004e-06   5.568356e-05          0.001            -40      0.5626177
0  60   0   0   3.989667e-06    0.006742071   1.000001e-06   4.203924e-05          0.001            -40      0.5599705
1  60   0   1   2.822428e-06    0.006158083   1.004014e-06    6.66028e-05          0.001            -40       0.576594
1  60   0   0   2.610254e-06    0.005180403   1.000013e-06   6.810997e-05          0.001            -40      0.5798475
2  60   0   1   2.543766e-06     0.00454208   1.853544e-05    7.11117e-05   0.0009797733      -39.99704      0.6047998
2  60   0   0   3.213295e-06    0.006962994   4.095618e-06   5.657172e-05   0.0009999999      -39.99998      0.5830718
3  60   0   1   3.400429e-06    0.006686817    1.00008e-06   6.061644e-05   0.0004805686      -39.99998      0.5621164
3  60   0   0   3.387526e-06    0.007098134   0.0001758346    3.09391e-05   0.0009008453            -40      0.6271892
4  60   0   1   2.653823e-06    0.004793026   6.083039e-05   6.721572e-05          0.001            -40      0.6503495
4  60   0   0   3.074897e-06    0.005680911   0.0002137225   2.413413e-05   0.0009999998      -39.99999      0.6582297
5  60   0   1   5.168814e-06    0.009987798   1.292216e-06   3.581664e-05   0.0002563165      -39.99998      0.5231983
5  60   0   0    3.75279e-06    0.006478728   1.000074e-06   5.875079e-05   0.0001724749            -40      0.5131668
6  60   0   1   5.147907e-06    0.007964561   0.0002073152   1.076857e-08   0.0009999992      -31.43798      0.6835529
6  60   0   0   3.616596e-06      0.0075482   1.000099e-06     7.1437e-05   0.0003693847            -40       0.582904
7  60   0   1   5.859563e-06    0.008942534   0.0001262098   1.003294e-08   0.0009999999      -23.44052      0.7223984
7  60   0   0   3.938329e-06    0.007258502   1.829119e-05   4.969171e-05   0.0009992685      -37.01296      0.6461589
8  60   0   1   9.132439e-06     0.01115387   1.000053e-06   5.754818e-05   0.0009999999            -40      0.6313645
8  60   0   0   7.594999e-06    0.009848106   1.118327e-06   0.0001045536   0.0008973928       -37.5543      0.6438567
9  60   0   1   8.785791e-06     0.01101799   1.000064e-06   1.162149e-05   0.0002150023      -39.99999      0.5080765
9  60   0   0   7.276197e-06      0.0102481   1.000024e-06   6.410939e-05   0.0002247244      -39.99994      0.5484407
10  60   0   1   6.320144e-06    0.009718948   6.127042e-05   6.778618e-05   0.0009999999            -40       0.687666
10  60   0   0   7.019341e-06    0.009573347   1.002647e-06   8.692348e-05   0.0007977722      -39.99991      0.6853333
11  60   0   1   7.398386e-06     0.01146396    0.000208257   1.856109e-08   0.0009999868       -32.4335      0.7551215
11  60   0   0   7.223964e-06    0.009096598   0.0001934245          1e-08   0.0009999989      -39.85576      0.7266186
12  60   0   1   7.111853e-06    0.009857839   1.000008e-06   6.866744e-05   0.0003041479            -40      0.6602286
12  60   0   0   6.012985e-06    0.008021768   6.735452e-05   5.553441e-05   0.0004135945      -39.99995      0.7057794
13  60   0   1   7.318803e-06    0.008318517   0.0002376134     1.0109e-08          0.001            -40      0.7634832
13  60   0   0    4.83843e-06    0.005854584    1.00001e-06   9.517096e-05   0.0009999999            -40      0.7632394
14  60   0   1   6.119963e-06    0.006464701   0.0001385865   1.253623e-05   0.0009999897      -22.74749      0.7865789
14  60   0   0   4.846086e-06    0.006255313   1.000022e-06   7.927002e-05          0.001            -40      0.7200054
15  60   0   1   4.489221e-06     0.00632331   1.114515e-06   7.462888e-05   0.0006541548      -31.19535      0.7332725
15  60   0   0   7.705869e-06    0.009352782   3.232021e-05   1.844617e-05   0.0006078865      -13.37832      0.8269533
16  60   0   1   5.102486e-06    0.005404708          1e-06   5.283508e-05   0.0009999998      -20.59358      0.8143637
16  60   0   0   5.984184e-06    0.006019302   8.544817e-05   3.036883e-05   0.0009999999      -34.81601      0.7751356
17  60   0   1   6.248183e-06    0.006180004   1.000002e-06   6.497333e-05    0.000382504      -39.99996      0.6812878
17  60   0   0   6.689783e-06    0.006757128    8.25642e-05   5.411659e-05   0.0009949834      -25.84669      0.8447437
18  60   0   1   5.349331e-06    0.004553157   0.0001221776   4.069091e-05   0.0009999999      -34.19628      0.8109847
18  60   0   0   8.527899e-06    0.005773387   0.0001553238   1.702963e-05   0.0009999998      -39.99999      0.7949257
19  60   0   1   6.028435e-06    0.004500002   0.0001128141   3.357102e-05          0.001            -40      0.8347998
19  60   0   0   6.943043e-06    0.004500198   9.655839e-05   4.222182e-05          0.001            -40       0.830945
20  60   0   1   8.115094e-06    0.009186315   0.0002151649   1.000013e-08          0.001      -38.47843      0.7608698
20  60   0   0   8.459149e-06    0.009280956     6.0447e-05   5.589626e-05          0.001            -40      0.7582144
21  60   0   1   6.761658e-06    0.006596442   1.000002e-06   6.902395e-05   0.0003650747      -31.32782      0.7162814
21  60   0   0   8.476894e-06     0.01011697     1.0005e-06   6.208184e-05   0.0002613642      -33.33916      0.6868364
22  60   0   1   7.346217e-06    0.007805136   1.003107e-06   6.729655e-05          0.001      -31.64718      0.8107266
22  60   0   0   8.551358e-06    0.008171268   0.0001750447   1.024857e-08          0.001            -40      0.8016177
23  60   0   1   4.764063e-06    0.004834049          1e-06   7.541106e-05   0.0005062189      -27.06508      0.8110652
23  60   0   0   9.851551e-06     0.01412778   5.417706e-06   2.861309e-05   0.0007526767      -12.99109      0.9443442
24  60   0   1   6.841549e-06     0.00901606   1.000064e-06   5.821098e-05          0.001      -26.74643      0.8667855
24  60   0   0   7.228382e-06    0.008455662   1.779794e-05   4.477721e-05   0.0009999997      -19.02352      0.9148282
25  60   0   1   7.912476e-06    0.009653756   2.463633e-05   3.381521e-05   0.0008191018      -13.11832      0.9945502
25  60   0   0   6.529902e-06    0.009405573   1.002108e-06   5.325781e-05   0.0005587682      -21.33661      0.8846672
26  60   0   1   5.589459e-06    0.006496031    0.000155031   1.000759e-08   0.0009999997      -39.02258      0.8060006
26  60   0   0   4.494766e-06         0.0045   4.108647e-05   5.454093e-05          0.001            -40      0.7977683
27  60   0   1   5.115873e-06    0.005500719   6.910008e-05   4.238479e-05          0.001            -40      0.8153833
27  60   0   0     5.8075e-06    0.005510949   9.389439e-05    2.15796e-05          0.001      -26.46122       0.877448
28  60   0   1   6.428885e-06    0.007716868   7.779053e-05   2.659531e-05          0.001            -40      0.8370047
28  60   0   0   6.317965e-06     0.00727876          1e-06   4.514236e-05          0.001      -27.67704      0.8664061
29  60   0   1   6.840247e-06    0.006533175   1.000001e-06   6.162407e-05   0.0009999999            -40      0.8376602
29  60   0   0   6.827928e-06    0.006787762   1.000045e-06   5.850839e-05   0.0009999999      -34.08143       0.844105
30  60   0   1   9.709033e-06    0.009515843   9.489761e-05   1.000418e-08          0.001       -18.4701      0.9752299
30  60   0   0   8.631435e-06     0.01005605   1.000215e-06   4.904093e-05   0.0004371849      -39.99976      0.8037523
31  60   0   1   9.126101e-06    0.008591281   5.864499e-05   1.195116e-05          0.001            -40      0.8627867
31  60   0   0   7.948604e-06    0.008162491   1.000166e-06    4.34846e-05          0.001      -32.20763      0.8796759
32  60   0   1   9.675791e-06     0.01030189   5.421952e-05    2.49609e-05   0.0007986743      -39.99998      0.8066333
32  60   0   0   7.348604e-06    0.009261126   3.890362e-05   4.526465e-05   0.0007571461      -28.87892      0.8401939
33  60   0   1    1.01859e-05    0.009480816   0.0001233656          1e-08          0.001            -40      0.8193973
33  60   0   0    6.38042e-06    0.006560267   1.000568e-06   7.206151e-05          0.001            -40      0.8177192
34  60   0   1   9.255522e-06    0.008383849   0.0001298794   1.009354e-08          0.001      -37.23542      0.8590231
34  60   0   0   7.842213e-06    0.006508676   3.858603e-06   6.406136e-05          0.001      -39.99999      0.8440354
35  60   0   1   1.060883e-05     0.01201248   0.0001443918   1.007223e-08   0.0009999994      -27.69462       0.900836
35  60   0   0   7.309604e-06    0.007785208   0.0001123253    2.34117e-05   0.0009999999      -24.76986      0.9205046
36  60   0   1    9.81618e-06     0.01092512   0.0001387323   1.871124e-07          0.001            -40      0.8572415
36  60   0   0   9.805698e-06    0.008373497   0.0001264372   1.011997e-08          0.001            -40      0.8643585
37  60   0   1   8.947522e-06     0.01000165   0.0001394261   1.000103e-08          0.001      -39.99997      0.8966968
37  60   0   0   1.206746e-05     0.01760416   7.030498e-05   1.000705e-08          0.001      -25.28918       0.940672
38  60   0   1   6.821903e-06    0.006851855   0.0001369502   1.000053e-08          0.001      -29.79176      0.8791766
38  60   0   0   5.676668e-06    0.007152704   3.395175e-05   5.331334e-05          0.001            -40      0.8438898
39  60   0   1   6.299111e-06    0.007237699   1.000002e-06   5.752271e-05   0.0009999999      -19.02193      0.9572316
39  60   0   0   6.897075e-06    0.006441674    0.000129189   1.000004e-08          0.001      -27.01945       0.931045
40  60   0   1   7.969484e-06    0.007965266   0.0001249335   1.119971e-08          0.001            -40      0.8800253
40  60   0   0   7.103799e-06    0.007682233   0.0001370308    1.00026e-08          0.001            -40      0.8871612
41  60   0   1   7.318931e-06    0.007475929   0.0001166841    2.29001e-07          0.001            -40      0.8901186
41  60   0   0   8.422512e-06     0.01193489   9.794125e-05   1.000004e-08          0.001            -40      0.8873552
42  60   0   1   7.940602e-06    0.007951226   0.0001074087   1.003863e-08    0.000742695      -33.16953      0.9243899
42  60   0   0   8.150025e-06     0.00927968   0.0001027619   1.000168e-08          0.001      -24.35086      0.9804429
43  60   0   1   6.209402e-06    0.007897448   3.316969e-05   4.260389e-05   0.0009999999            -40      0.9241031
43  60   0   0   6.497168e-06    0.007347611   1.000143e-06   5.112113e-05          0.001      -31.52435      0.9391882
44  60   0   1   8.024161e-06    0.009470272   1.000002e-06   5.783427e-05   0.0009999989      -19.71883      0.9530283
44  60   0   0   8.775074e-06     0.01055067   2.030191e-05   4.396068e-05   0.0009999972      -19.15402      0.9660375
45  60   0   1   8.648166e-06    0.009475121    0.000142307   1.000001e-08          0.001      -37.04222      0.8820423
45  60   0   0   1.023335e-05     0.01048604   0.0001270878   1.003024e-08          0.001            -40      0.8751293
46  60   0   1    8.85753e-06    0.009916643   0.0001376374   1.000016e-08          0.001      -25.29018      0.9423774
46  60   0   0   8.397758e-06    0.008088518   0.0001260262   1.000066e-08          0.001      -39.81894      0.9004129
47  60   0   1   8.686449e-06     0.01060927   0.0001054397   1.000025e-08          0.001      -15.77934         1.0449
47  60   0   0   7.060188e-06     0.00800014   6.568516e-05   2.059273e-05   0.0009999994      -25.39207      0.9750773
48  60   0   1    7.14515e-06    0.007892817   1.375446e-05   5.432427e-05   0.0009999996      -31.22582      0.9293058
48  60   0   0   6.534156e-06    0.007888482   1.000134e-06   5.971597e-05          0.001      -27.27903      0.9445575
49  60   0   1   9.273886e-06    0.009648234   6.252935e-05    1.81356e-05          0.001      -35.24937      0.9506937
49  60   0   0    8.02626e-06     0.01140484   0.0001085295   1.000026e-08          0.001      -39.39929      0.9361895
50  60   0   1   8.174432e-06     0.01018655   0.0001021233   1.000001e-08          0.001            -40      0.8862394
50  60   0   0   6.124046e-06    0.005384166   1.710084e-05    4.81954e-05          0.001      -39.99999      0.8740054
51  60   0   1   6.996548e-06    0.008015315   7.992918e-05   2.145902e-05   0.0004333418      -39.99998      0.8560118
51  60   0   0    8.37557e-06     0.00819953   0.0001119222   1.011273e-08          0.001      -39.67553      0.9141817
52  60   0   1   8.612538e-06    0.008392061   9.903615e-05   1.000011e-08          0.001      -32.51152      0.9470172
52  60   0   0   1.043447e-05     0.01365819   7.216084e-05    1.00215e-08          0.001      -21.11018       1.001315
53  60   0   1   5.865566e-06    0.006834304   1.000033e-06   4.804385e-05          0.001      -31.68403      0.9362528
53  60   0   0   7.346203e-06    0.007724437    8.63221e-05   1.000416e-08   0.0009999999      -37.21399      0.9238536
54  60   0   1    8.11666e-06     0.01023853   8.694511e-05   1.000101e-08          0.001            -40      0.9339069
54  60   0   0   5.398632e-06    0.005686591   4.756204e-06   4.652591e-05          0.001            -40      0.9258045
55  60   0   1   7.782554e-06     0.01293771   8.420487e-06   2.895706e-05          0.001      -27.24124       1.014879
55  60   0   0    6.41021e-06    0.009053306   1.603042e-05   3.143507e-05   0.0009993413      -35.73726      0.9955566
0  90   0   1   4.216652e-06    0.007817635   1.000016e-06    5.63727e-05          0.001            -40        0.56738
0  90   0   0   4.673465e-06    0.007800165   1.000078e-06   5.403721e-05          0.001            -40       0.579713
1  90   0   1   3.211435e-06    0.006020447   1.000037e-06   7.632613e-05          0.001            -40      0.5864585
1  90   0   0    3.02934e-06    0.005862147   1.000004e-06   8.383445e-05          0.001            -40      0.5859081
2  90   0   1   4.241843e-06    0.007933441    1.00078e-06   4.691298e-05   0.0003145253            -40      0.5022458
2  90   0   0    3.87659e-06    0.008266154   1.000013e-06   5.525769e-05   0.0004060792            -40      0.5167479
3  90   0   1   3.977115e-06    0.006661945   0.0003132035   1.002999e-08          0.001            -40      0.6623439
3  90   0   0   2.952261e-06    0.004500001   0.0001772642    4.59223e-05          0.001            -40       0.631409
4  90   0   1   4.603384e-06    0.007410219   0.0002343761   1.029849e-08   0.0003282037      -39.34482      0.5850327
4  90   0   0    4.20909e-06    0.007200587   0.0002716239   2.042804e-08   0.0009985696      -29.65324      0.6901726
5  90   0   1   5.175239e-06    0.007393038    0.000215221    2.94439e-08   0.0009832272      -24.43141      0.7277661
5  90   0   0   4.653583e-06    0.007037448   0.0002212654   4.697634e-06   0.0009991879      -28.83384      0.6905512
6  90   0   1   5.783848e-06    0.009063383   0.0002124448   1.162807e-08          0.001            -40      0.6497301
6  90   0   0   4.129561e-06    0.007192674   4.780169e-06   7.145525e-05   0.0005035359      -33.88332      0.6181845
7  90   0   1   6.041957e-06    0.008648343   0.0002021962   1.020317e-08          0.001      -32.54644       0.693454
7  90   0   0   4.571865e-06    0.008323911   8.610965e-05   4.263991e-05          0.001            -40      0.6406746
8  90   0   1    8.66282e-06    0.009432629   0.0001501893   6.147095e-05   0.0003539634      -39.47165      0.5751897
8  90   0   0   7.117741e-06    0.007587336   2.373808e-06   0.0001552599   0.0006845812      -37.71378      0.6326739
9  90   0   1   6.017581e-06    0.008178409   1.000022e-06   0.0001048312   0.0009999988            -40      0.6633852
9  90   0   0   1.002607e-05      0.0109563   1.000003e-06   4.571035e-05   0.0003312559      -39.99976      0.5587397
10  90   0   1   6.373597e-06    0.008665929   1.000342e-06   9.987563e-05   0.0007800331      -39.99405      0.6635755
10  90   0   0    7.73429e-06    0.008146063    1.68046e-06    7.90935e-05   0.0004624248      -39.99986       0.620027
11  90   0   1   6.553985e-06    0.007546532   4.942666e-05   5.833868e-05   0.0008914079       -20.5833      0.7828962
11  90   0   0   7.656437e-06    0.008436213   1.000264e-06   6.700713e-05   0.0009999176      -23.66147      0.7749391
12  90   0   1   7.278768e-06     0.00810599   1.000056e-06   8.967567e-05   0.0003007599      -39.99993      0.6512192
12  90   0   0   7.149936e-06     0.00845569   1.000418e-06   9.033723e-05   0.0003175377            -40      0.6562252
13  90   0   1   7.727984e-06    0.008775256   1.000008e-06   7.989712e-05   0.0009143863      -24.29253      0.7891656
13  90   0   0    1.08717e-05     0.01297357   0.0001997232   2.226502e-07   0.0009999973      -30.44528      0.7841803
14  90   0   1   6.757959e-06    0.007222357   1.000009e-06   6.525676e-05   0.0004179177      -39.99966      0.6265506
14  90   0   0   6.019727e-06    0.004937904   1.220822e-06    7.14914e-05    0.000995435        -20.695      0.7776297
15  90   0   1   6.902175e-06    0.005327997   0.0002163528   5.595243e-06   0.0009999999            -40      0.7336347
15  90   0   0   7.126664e-06    0.005644065   0.0002159806   1.001791e-08          0.001      -33.64504      0.7556627
16  90   0   1   5.977511e-06    0.006953215   1.000105e-06   7.547656e-05   0.0007478766            -40      0.7200204
16  90   0   0   6.200505e-06    0.005261434   1.000005e-06   7.923679e-05          0.001            -40      0.7506057
17  90   0   1   7.006624e-06         0.0045   1.000703e-06   7.072001e-05   0.0008240584      -23.73737      0.7892848
17  90   0   0   7.922084e-06    0.005954259   1.000103e-06   9.342753e-05   0.0006403803            -40      0.7322967
18  90   0   1   6.743882e-06    0.004664652   1.000001e-06   8.955502e-05   0.0009999968      -28.77228      0.8080755
18  90   0   0   8.903591e-06    0.005831385   1.000003e-06   9.641398e-05          0.001            -40      0.7801618
19  90   0   1   1.007609e-05    0.006041619   0.0001476404   6.185902e-06          0.001      -26.21961      0.8540757
19  90   0   0   9.632362e-06     0.00530566   0.0001290976   5.652201e-05   0.0009999999      -39.99996      0.8200355
20  90   0   1   1.110397e-05     0.00992815   0.0002095687    1.00635e-08   0.0009999994      -30.76161      0.7869057
20  90   0   0   9.445808e-06    0.008349268     8.3926e-05   5.660186e-05          0.001            -40      0.7519931
21  90   0   1   7.775551e-06    0.006438478   1.008011e-06   8.478445e-05   0.0006241088      -31.82714       0.749901
21  90   0   0   9.989486e-06    0.007744195   1.000023e-06   5.221204e-05     0.00046284      -27.60663      0.7299758
22  90   0   1   8.219024e-06    0.006406639   1.001394e-06   7.183364e-05   0.0009999972       -33.7459      0.7933052
22  90   0   0    1.08221e-05    0.008939597   0.0001584885   1.000096e-08   0.0009999999      -29.75537      0.8209458
23  90   0   1   8.899752e-06     0.00749264   0.0001487907   3.232642e-07   0.0009999695      -18.97843      0.9180465
23  90   0   0   9.354381e-06    0.008282903   1.299844e-06    4.31728e-05   0.0009968928      -13.86875      0.9439454
24  90   0   1   9.800551e-06     0.00933044   0.0001591659   1.016974e-08   0.0009999999      -33.25026      0.8549175
24  90   0   0   1.210133e-05     0.01202936   0.0001171364   1.002459e-08   0.0009999997      -26.20643      0.8745141
25  90   0   1   7.916008e-06    0.007994012   1.015099e-06   5.941132e-05   0.0009996739      -17.04454      0.9506245
25  90   0   0   8.178299e-06    0.007447309   1.000046e-06    5.74432e-05   0.0006683757      -23.17028      0.8666578
26  90   0   1   5.601617e-06    0.005345946   4.542706e-05   5.006467e-05   0.0009999999            -40      0.7917563
26  90   0   0   6.737489e-06     0.00691329   9.349417e-05   2.181194e-05   0.0009999996      -32.88806      0.8082346
27  90   0   1   7.380867e-06     0.00628178    0.000108646   1.713101e-05          0.001            -40      0.8096902
27  90   0   0   7.836415e-06     0.00660816   0.0001372968   1.003635e-08          0.001      -36.25691      0.8120507
28  90   0   1   6.548487e-06    0.005746888    4.58432e-05   4.444382e-05   0.0009999999      -32.12545      0.8513647
28  90   0   0   7.981622e-06    0.007914407   0.0001438756    1.00078e-08          0.001            -40      0.8455502
29  90   0   1   1.066014e-05    0.009625761   6.523503e-05   3.150626e-05          0.001            -40      0.8315825
29  90   0   0   1.003837e-05      0.0073829   8.930424e-05   1.866589e-05          0.001            -40      0.8174408
30  90   0   1   1.135972e-05    0.008362808   0.0001029194   3.596631e-06   0.0009712641      -14.59341       1.005115
30  90   0   0   1.066424e-05    0.007262138    0.000127082   1.007773e-08    0.000999995      -28.82598      0.8984463
31  90   0   1   1.167772e-05     0.00705569   0.0001024717   1.027423e-08          0.001      -35.15392      0.8747888
31  90   0   0   1.068878e-05    0.007131814   0.0001193942   6.471506e-07          0.001      -37.76356      0.8683778
32  90   0   1   9.689462e-06    0.005874461   1.000003e-06   6.215337e-05   0.0005158899      -39.99995      0.7505088
32  90   0   0   9.841026e-06    0.008216895   4.691252e-05   4.639995e-05   0.0009999916      -23.37885      0.8812041
33  90   0   1   1.315704e-05     0.01091511   9.355684e-05   1.002128e-08          0.001      -22.23561      0.8772715
33  90   0   0   1.050771e-05    0.007920972   0.0001482553   1.000039e-08          0.001      -34.59578       0.838494
34  90   0   1   1.124507e-05    0.007659069   0.0001125134   1.133328e-05          0.001            -40      0.8495962
34  90   0   0   1.029091e-05     0.00807544   3.924649e-05   5.364521e-05   0.0009999999            -40      0.8450834
35  90   0   1   1.065779e-05    0.007819014   0.0001464853   4.180258e-08    0.000677533      -39.82391      0.8450998
35  90   0   0   1.013595e-05    0.007678204   0.0001541157   1.000416e-08   0.0005249887            -40      0.8112693
36  90   0   1   1.065603e-05    0.009929007   0.0001537196   1.001466e-08          0.001            -40      0.8661027
36  90   0   0   1.083183e-05     0.01070461   2.305274e-05   4.584007e-05          0.001      -31.00219       0.872421
37  90   0   1   1.064786e-05    0.007730981   0.0001264728   1.001084e-08          0.001      -32.00714      0.9120928
37  90   0   0   1.123204e-05     0.01010206   0.0001224157   1.001101e-08          0.001      -32.22391      0.9152612
38  90   0   1   8.575171e-06    0.006648733   0.0001075374   1.126556e-06   0.0009999997       -28.6355      0.8675644
38  90   0   0   7.762272e-06    0.005868646   0.0001402091    1.00006e-08          0.001            -40      0.8381937
39  90   0   1   9.622681e-06    0.007754383   0.0001174693   1.010152e-08   0.0009999609      -22.52422      0.9339996
39  90   0   0   8.575156e-06    0.007341249     1.0001e-06   4.414784e-05   0.0007530333      -18.81756      0.9161379
40  90   0   1   9.497324e-06     0.00634864   0.0001495828   1.585221e-07          0.001            -40      0.8832385
40  90   0   0   9.267396e-06    0.007869101   0.0001120561   1.000097e-08          0.001      -24.39063      0.9212385
41  90   0   1    8.71382e-06    0.007683992   0.0001304414   1.000027e-08          0.001      -39.99998      0.8847523
41  90   0   0   8.727444e-06    0.006484981   0.0001261444   1.000646e-08          0.001            -40      0.8733959
42  90   0   1   9.071383e-06    0.007693364   5.359478e-05   2.442331e-05   0.0009996112      -20.34071       1.000096
42  90   0   0   9.777115e-06    0.007365305   0.0001208269    1.93322e-08   0.0003961004            -40      0.8604803
43  90   0   1     9.8465e-06     0.00668682   0.0001119343   1.000264e-08          0.001      -28.64917      0.9523045
43  90   0   0   1.085596e-05    0.009359242   9.541168e-05   1.000389e-08          0.001      -23.57408      0.9667979
44  90   0   1   1.168242e-05    0.008876013   0.0001173544   1.000057e-08          0.001      -22.71993      0.9330782
44  90   0   0   1.127645e-05    0.009016339   6.211302e-06   4.112691e-05   0.0009999997      -13.32859      0.9934346
45  90   0   1   1.167111e-05     0.01042773   0.0001155434   1.000004e-08   0.0009999999      -22.77824      0.9196547
45  90   0   0   1.198259e-05    0.009924133   0.0001154811   1.000522e-08          0.001      -21.03115      0.9323046
46  90   0   1   9.524623e-06     0.00795578   0.0001511607   1.000951e-08          0.001       -34.7677      0.9071264
46  90   0   0   1.028537e-05     0.00725266   0.0001336174   1.000028e-08          0.001      -38.35049      0.8924831
47  90   0   1   1.056409e-05    0.009561696    8.72511e-05   1.000942e-08   0.0009712422      -12.03433       1.063322
47  90   0   0   1.063235e-05    0.008750664   8.000586e-05   7.332154e-08   0.0009511805      -12.27274       1.063295
48  90   0   1   1.279217e-05     0.01059812   8.373269e-05   1.010699e-08          0.001      -22.37855      0.9664124
48  90   0   0   1.067249e-05     0.01091779   4.701916e-05   3.232102e-05   0.0009999999      -21.87107       0.984213
49  90   0   1   1.056291e-05    0.007773586   0.0001260621   1.000004e-08          0.001      -35.03846       0.949711
49  90   0   0   9.377532e-06    0.009434295   0.0001364201   1.000018e-08          0.001            -40      0.9415295
50  90   0   1   9.213477e-06    0.006168347   5.009595e-05   2.848655e-05          0.001            -40      0.8626849
50  90   0   0   1.066215e-05    0.008954014   8.823831e-05   1.015533e-08   0.0009999999      -36.72337      0.8595232
51  90   0   1   1.202565e-05    0.009659779   9.838374e-05   1.009688e-08          0.001       -29.8596      0.9191052
51  90   0   0   9.503868e-06     0.00638711   0.0001285587    1.00014e-08          0.001      -39.43541      0.9033611
52  90   0   1   9.995892e-06    0.006677257   6.871807e-05   2.273042e-05   0.0004346625            -40      0.8578193
52  90   0   0   1.257852e-05     0.01050545   5.907429e-05   1.049312e-08   0.0009999997      -14.02592       1.036927
53  90   0   1   1.004947e-05     0.01069259   9.473834e-05   1.001005e-08          0.001            -40      0.9051726
53  90   0   0   8.756927e-06    0.006470723   0.0001054844   1.000654e-08          0.001      -37.81513       0.914585
54  90   0   1   9.175749e-06     0.00881043   0.0001073393   1.000433e-08          0.001      -39.94237      0.9276353
54  90   0   0   8.431478e-06    0.007670081   0.0001135412   1.000009e-08          0.001            -40      0.9203095
55  90   0   1   8.544977e-06      0.0073013   1.000017e-06   3.990805e-05   0.0009999999      -18.72728       1.070389
55  90   0   0   8.213213e-06    0.007455713   1.001465e-06   3.720806e-05   0.0009056876      -13.87805       1.108781
0 120   0   1   4.495008e-06    0.007955664   1.000016e-06   3.982845e-05          0.001            -40      0.5666442
0 120   0   0   4.167659e-06    0.008010612   1.000059e-06   4.523695e-05          0.001            -40      0.5792355
1 120   0   1   2.605707e-06    0.005811688   1.013864e-06   7.014897e-05          0.001            -40      0.5799349
1 120   0   0   2.720616e-06    0.005711236   1.000009e-06   6.748604e-05          0.001            -40      0.5892776
2 120   0   1   5.911711e-06     0.01087471   1.000024e-06   1.044666e-08   0.0002776513            -40      0.4733064
2 120   0   0   2.388931e-06    0.005868749   1.012833e-06   8.199816e-05   0.0009999996            -40      0.5871326
3 120   0   1    3.77444e-06    0.006488761   0.0002343071   1.053607e-05   0.0009999995      -39.99674      0.6474892
3 120   0   0   3.407552e-06    0.006957343   0.0001452363   3.306363e-05   0.0009975823      -38.51973      0.6107891
4 120   0   1   4.563414e-06    0.007566786   0.0002121066    1.28406e-08   0.0004588776            -40      0.5980434
4 120   0   0   3.592545e-06    0.005857338   0.0002619701   3.294834e-06          0.001            -40        0.66257
5 120   0   1   6.656453e-06     0.01076124   2.042336e-06   1.105047e-05   0.0003595304      -21.32116       0.614494
5 120   0   0   3.428716e-06      0.0060699   0.0001371662   4.135246e-05   0.0009999998      -39.99999      0.6602746
6 120   0   1   4.720352e-06    0.007452707   0.0002156334   1.083012e-08   0.0009999995       -39.9999      0.6572191
6 120   0   0   4.409698e-06    0.008662911   5.137007e-06   4.621767e-05   0.0009999953      -24.34662      0.6861833
7 120   0   1   5.521462e-06     0.00843432   0.0001801002   1.007884e-08   0.0004498053            -40      0.6267866
7 120   0   0   4.068019e-06      0.0075195   1.000134e-06   4.998104e-05   0.0003476024      -39.99924      0.5774742
8 120   0   1   8.251595e-06     0.01199197   1.000565e-06   7.372359e-05    0.000390706            -40       0.565432
8 120   0   0   6.590318e-06    0.007125829   1.001739e-06   0.0001052371   0.0007359299      -25.14988      0.6746928
9 120   0   1   4.488642e-06    0.006922885    1.18401e-06   9.978584e-05    0.000920398      -25.76198      0.7324971
9 120   0   0   7.827508e-06    0.008778128   1.000026e-06   5.743289e-05   0.0009999995            -40      0.6583695
10 120   0   1   6.105844e-06     0.01001729   1.019394e-06   8.192612e-05          0.001            -40      0.6750342
10 120   0   0   6.736265e-06    0.007478669   1.000115e-06   7.637034e-05   0.0005482841      -39.95239      0.6462973
11 120   0   1   6.326968e-06    0.008824524   1.149438e-06   6.237946e-05   0.0008248696      -26.13708      0.7443398
11 120   0   0   5.311864e-06    0.006965086   1.000083e-06    7.04798e-05   0.0009999961            -40      0.7200844
12 120   0   1   7.042983e-06    0.008353297   1.000011e-06   7.245133e-05   0.0003613323      -28.99007      0.6976487
12 120   0   0   5.565321e-06    0.007105268   1.000005e-06   8.568526e-05   0.0003560641            -40      0.6755785
13 120   0   1   7.603413e-06    0.009820388   1.000001e-06   6.551783e-05   0.0009999997            -40      0.7480102
13 120   0   0   5.470901e-06    0.006373862   4.555828e-05   7.570105e-05   0.0009999998      -36.70712       0.770938
14 120   0   1   5.318381e-06    0.005277223   1.000022e-06   5.507832e-05   0.0002834123            -40      0.6127357
14 120   0   0   6.450517e-06    0.006716605   2.426985e-06   4.573494e-05   0.0008150304      -18.49065      0.7798756
15 120   0   1   5.096177e-06    0.006115662   1.000057e-06   6.320293e-05   0.0003157791      -39.95471      0.6479473
15 120   0   0   7.373005e-06    0.008151685   0.0001291158   1.001302e-08    0.000985337      -19.92184      0.8270187
16 120   0   1   4.829646e-06         0.0045   7.070496e-05   4.079252e-05   0.0009999956      -34.80263      0.7676121
16 120   0   0   5.813614e-06         0.0045   1.000006e-06    6.73829e-05   0.0005764409       -39.9997      0.7067511
17 120   0   1   6.427557e-06    0.004570201   1.000404e-06   6.818731e-05   0.0004635667      -39.99998      0.6993885
17 120   0   0   7.718287e-06    0.004500002          1e-06    8.32691e-05   0.0004829624      -34.45645      0.7390541
18 120   0   1   6.433117e-06    0.006072433          1e-06   7.988745e-05   0.0006447826            -40      0.7438905
18 120   0   0   6.973294e-06    0.005470475   6.108879e-06   9.597319e-05   0.0009999997      -30.20887      0.8093296
19 120   0   1   9.996187e-06    0.007540396   0.0001589014   1.005562e-08          0.001      -25.92893      0.8607965
19 120   0   0   7.997468e-06    0.004655621   1.000001e-06   0.0001298216          0.001            -40      0.8204874
20 120   0   1   9.428792e-06    0.008091764   0.0001060702   2.923334e-05          0.001      -33.41403      0.7705768
20 120   0   0   6.011761e-06    0.005266716   1.000137e-06   8.884127e-05          0.001            -40      0.7463845
21 120   0   1   7.588015e-06    0.006316907   1.001036e-06   7.676224e-05   0.0009999992      -35.59992      0.7742875
21 120   0   0    8.21488e-06    0.006595794          1e-06   5.526563e-05   0.0004834283            -40      0.7098999
22 120   0   1   7.895651e-06     0.00653791   1.000963e-06    4.87157e-05    0.000832534      -33.31915      0.7836871
22 120   0   0    9.61282e-06    0.007210009   0.0001330816   1.000524e-08          0.001      -34.61642      0.8027852
23 120   0   1   5.116571e-06         0.0045   3.928724e-05   6.260836e-05          0.001        -23.966      0.8872236
23 120   0   0   7.764974e-06    0.006328695    1.00018e-06   3.295722e-05   0.0009999951      -16.04596      0.9101926
24 120   0   1   7.527004e-06    0.007464722   1.017639e-06   4.890099e-05          0.001      -24.52093       0.864513
24 120   0   0   8.117475e-06    0.006613316          1e-06   4.878426e-05   0.0007663811      -27.39279      0.8462591
25 120   0   1   6.921348e-06    0.008057534   1.000002e-06   5.235043e-05   0.0003101113            -40      0.7566599
25 120   0   0   7.493004e-06    0.007500355   1.000012e-06   4.889719e-05   0.0002538303      -39.42984      0.7501234
26 120   0   1     4.6802e-06    0.004864208   3.886331e-05   4.149944e-05          0.001      -39.99976      0.8049048
26 120   0   0   3.914491e-06    0.005124148    1.00023e-06   6.178406e-05          0.001            -40      0.7927745
27 120   0   1   7.292979e-06    0.006107302   0.0001157318   1.084808e-08   0.0009999995      -22.19304      0.8774582
27 120   0   0   6.132493e-06    0.005795819   0.0001090373   1.564468e-05          0.001            -40      0.8120935
28 120   0   1    5.51629e-06     0.00532107          1e-06   5.349814e-05   0.0009999997      -39.99996      0.8341879
28 120   0   0   6.014339e-06    0.005538723    8.97507e-05    1.72909e-05   0.0009999994      -39.71255      0.8327385
29 120   0   1   9.305743e-06    0.006571051   9.878435e-05   1.001315e-08          0.001            -40      0.8249503
29 120   0   0   8.900875e-06    0.006321267   0.0001333663   1.000238e-08          0.001            -40      0.8281704
30 120   0   1   9.900675e-06    0.007975209   0.0001015082   1.000906e-08   0.0009999998      -21.71902      0.9334618
30 120   0   0   8.801706e-06    0.006419931   4.760321e-05   3.379051e-05   0.0009999978      -27.75402      0.9048808
31 120   0   1   8.393343e-06    0.005314105   4.488574e-05    3.83719e-05          0.001      -36.93907       0.871987
31 120   0   0   1.056157e-05    0.008177986   1.000046e-06   3.154696e-05          0.001      -27.75579      0.8835804
32 120   0   1    9.74296e-06    0.006127309    0.000104927   1.006886e-08   0.0004178594      -39.99998      0.7386659
32 120   0   0   8.991143e-06    0.006693307          1e-06   3.891455e-05   0.0005939025            -40       0.755942
33 120   0   1   9.397182e-06    0.007107462   0.0001190762          1e-08          0.001      -30.80279      0.8434498
33 120   0   0   1.015772e-05    0.009439273   0.0001153568   1.073417e-08          0.001            -40      0.8245512
34 120   0   1   8.720615e-06    0.006311416   0.0001369424   1.000013e-08          0.001            -40      0.8497537
34 120   0   0   9.510427e-06    0.006261689   0.0001305979   1.000167e-08   0.0009999999      -37.83647      0.8486755
35 120   0   1   8.770822e-06    0.008132441   0.0001337402   1.013249e-08   0.0007983856      -39.99997       0.859013
35 120   0   0   9.375885e-06    0.007584898   0.0001282459   2.560691e-07   0.0009999382      -21.24763      0.9419439
36 120   0   1   7.908118e-06    0.004826538   0.0001088755   1.296999e-05          0.001            -40      0.8761023
36 120   0   0   8.315527e-06    0.006263813   0.0001341126          1e-08          0.001      -28.85823      0.8956244
37 120   0   1    9.38013e-06    0.007915739   0.0001000009   1.000236e-08          0.001      -27.27414       0.936779
37 120   0   0   7.781821e-06    0.007161316   0.0001272402   3.562165e-06          0.001            -40      0.9107584
38 120   0   1   6.090093e-06    0.004561533   3.866811e-05   3.582498e-05          0.001            -40      0.8230904
38 120   0   0   6.812862e-06    0.005342639   0.0001175534          1e-08          0.001            -40      0.8382939
39 120   0   1   7.432865e-06    0.004588939   0.0001222439   1.016995e-08   0.0005659395            -40       0.833854
39 120   0   0   7.571285e-06    0.006555017   0.0001172008   1.000376e-08   0.0004838759            -40      0.8152123
40 120   0   1   8.347969e-06    0.005245768   0.0001210236   1.000244e-08          0.001      -39.84876      0.8744388
40 120   0   0   6.551209e-06    0.004734166    7.75034e-05   2.869545e-05          0.001            -40      0.8726646
41 120   0   1   7.795036e-06    0.005708133    5.84523e-05    2.03077e-05          0.001            -40       0.863448
41 120   0   0   7.904491e-06    0.005782113   9.993224e-05   1.000128e-08          0.001      -39.99999       0.866509
42 120   0   1   8.262599e-06    0.005976557   9.873959e-05   1.000154e-08   0.0009999993      -20.31803       1.007386
42 120   0   0   8.620957e-06    0.006332762   9.184261e-05   2.160952e-07   0.0009982765      -14.71419       1.057821
43 120   0   1   8.468473e-06    0.005423125     4.6897e-05    2.55309e-05          0.001      -22.56086       0.988335
43 120   0   0   7.788597e-06         0.0045   0.0001219995   1.000027e-08   0.0009999999      -34.77118      0.9444856
44 120   0   1   1.000055e-05    0.007377378   6.680227e-05   2.456169e-05   0.0004436804            -40      0.8072254
44 120   0   0   8.307249e-06    0.006651485          1e-06   5.661348e-05   0.0003836112      -39.99993      0.7691047
45 120   0   1    9.89272e-06    0.006805945   0.0001236387   1.000872e-08          0.001            -40      0.8705971
45 120   0   0   7.742837e-06    0.005432223   3.872743e-05   4.667136e-05   0.0009834947      -37.11042      0.8682386
46 120   0   1   9.339563e-06    0.008144123   0.0001274296   1.000409e-08          0.001            -40      0.8920025
46 120   0   0   9.093359e-06    0.006050959   0.0001145655   1.000103e-08          0.001      -27.79654      0.9245016
47 120   0   1    8.99049e-06    0.007045652    9.51999e-05   1.000028e-08          0.001      -22.12407      0.9645498
47 120   0   0    9.46567e-06    0.007651306   0.0001098947   1.000877e-08   0.0009999999      -18.50572       1.006503
48 120   0   1   9.184436e-06     0.00753287   8.723083e-05   1.000682e-08          0.001      -20.08331      0.9814195
48 120   0   0   1.117409e-05    0.008862811   9.980546e-05   1.000534e-08          0.001      -27.46203      0.9637479
49 120   0   1    8.14816e-06    0.006073336   0.0001334635          1e-08          0.001            -40      0.9366643
49 120   0   0   9.674861e-06    0.009607942   9.726541e-05   1.000015e-08          0.001      -36.12471      0.9449627
50 120   0   1   6.812926e-06         0.0045          1e-06   4.993911e-05          0.001            -40      0.8778642
50 120   0   0   6.831662e-06    0.004877942   9.014079e-05   1.168807e-05          0.001            -40      0.8681923
51 120   0   1   9.305249e-06    0.005439623   0.0001072029   1.026609e-08          0.001            -40      0.8945258
51 120   0   0   7.309903e-06    0.006253253   6.003265e-05    2.72701e-05          0.001      -39.99979      0.8937752
52 120   0   1   1.081556e-05    0.008533771    6.48018e-05   1.002099e-08    0.000999999      -17.63627       1.007782
52 120   0   0   7.669857e-06    0.005729634   1.000009e-06   3.773712e-05   0.0003911528            -40      0.8237721
53 120   0   1   7.701978e-06    0.006762046     9.7698e-05   1.000024e-08          0.001            -40      0.9200382
53 120   0   0   9.390841e-06    0.009711847    7.12424e-05   1.003142e-08          0.001      -35.39027      0.9157921
54 120   0   1   8.657661e-06    0.006595412   7.157773e-05   1.003254e-08          0.001      -35.99798      0.9207417
54 120   0   0   7.243596e-06    0.005190422   2.726275e-05   2.864244e-05          0.001            -40      0.9013241
55 120   0   1   7.675822e-06    0.006449737   3.318812e-05   1.945331e-05          0.001      -23.28781       1.048079
55 120   0   0   8.317735e-06    0.007542132   1.000012e-06   2.071856e-05          0.001       -16.0403       1.063568
