1
-90  90  0
4
0  60  55
60  80  70
80  100  90
100  180  115
0  8
0   55    0  0.0   0    -0.07831336    0.006512615  -3.076785e-05  -9.633557e-08    4.68976e-09   -3.22242e-11         94.249   0.0007826353
0   55    0  0.0   1    -0.06394623    0.005224279   1.605765e-06  -1.517552e-07  -6.481632e-10   6.099871e-12         94.249   0.0008796389
1   55    0  0.0   0    -0.01086228   -0.001730015   0.0003681766   -8.94147e-06   9.604735e-08  -3.859163e-10       87.08888   0.0008078326
1   55    0  0.0   1    -0.03092764    0.001053657   0.0002330638  -5.877715e-06   6.310675e-08  -2.515019e-10       93.25684     0.00078726
2   55    0  0.0   0     -0.0755649    0.006527448  -2.553291e-05  -1.150925e-07   2.859752e-09  -1.352958e-11       91.37667   0.0007897202
2   55    0  0.0   1    -0.06243855    0.005096154   5.490397e-05  -2.214439e-06   2.783614e-08  -1.222439e-10       96.86529   0.0007867428
3   55    0  0.0   0    -0.08588669    0.007608934  -5.668007e-05   7.001645e-08   5.905434e-09  -4.123323e-11       103.3358   0.0006948379
3   55    0  0.0   1    -0.08288499    0.007400492  -4.718421e-05  -5.545122e-09    4.58105e-09  -2.682889e-11       95.39015   0.0007132272
4   55    0  0.0   0    -0.05745336    0.005941256  -2.324367e-05  -5.838598e-09   2.182946e-09  -1.522093e-11       111.3497   0.0006115056
4   55    0  0.0   1     -0.0834736    0.007617029  -5.329837e-05   4.261634e-08   4.836617e-09  -3.023356e-11       103.2724   0.0006761941
5   55    0  0.0   0    -0.07239568    0.007057886  -4.264087e-05     2.5798e-08   3.378034e-09   -1.97715e-11       105.9678   0.0006453643
5   55    0  0.0   1    -0.02567044    0.002363286   0.0001441991  -3.367633e-06   3.198525e-08  -1.107248e-10       114.1639   0.0006738644
6   55    0  0.0   0    -0.05184336    0.003998796   7.746194e-05  -2.086514e-06   2.025427e-08  -6.917989e-11       113.4289    0.000616058
6   55    0  0.0   1    -0.04576926    0.003899633    8.21359e-05   -2.20158e-06    2.15793e-08  -7.474936e-11         114.75   0.0006826523
7   55    0  0.0   0    -0.05242706    0.004917709   3.061879e-06    -1.5543e-07  -2.274399e-10   6.510776e-12         114.08   0.0007814187
7   55    0  0.0   1    -0.06659073    0.006647111  -3.195527e-05  -1.309638e-08   1.776417e-09   -7.21279e-12       116.7091   0.0007046354
8   55    0  0.0   0    -0.07641596    0.007035834  -3.936444e-05   3.662989e-08   2.457998e-09  -1.333681e-11         124.95   0.0004321486
8   55    0  0.0   1    -0.03817841    0.003225026   8.361593e-05  -1.809416e-06   1.543152e-08  -4.781463e-11       130.4216   0.0004663336
9   55    0  0.0   0    -0.03431209     0.00372133   5.702838e-05  -1.240147e-06   1.008614e-08  -2.951756e-11       143.7639    0.000500985
9   55    0  0.0   1    -0.03368784    0.002635931   0.0001032435  -2.045026e-06   1.610042e-08  -4.549336e-11         143.74   0.0004542564
10   55    0  0.0   0     -0.0785726    0.007129308  -3.947484e-05   3.938831e-08   1.823313e-09  -8.360476e-12       168.5262   0.0004716165
10   55    0  0.0   1    -0.04412194     0.00381653   5.453939e-05  -1.181625e-06    9.21195e-09  -2.522285e-11         155.72   0.0003933557
11   55    0  0.0   0    -0.05882705     0.00574017  -8.080665e-06  -2.349712e-07   2.451935e-09   -7.02592e-12       157.9981    0.000371549
11   55    0  0.0   1    -0.04251032    0.004117774    3.24195e-05  -7.087772e-07   5.116482e-09  -1.283673e-11       158.4071   0.0003544143
12   55    0  0.0   0    -0.05806901    0.005249515  -1.584341e-06  -2.072095e-07   1.619215e-09  -3.770306e-12       169.4051    0.000283071
12   55    0  0.0   1    -0.05665075    0.005282331  -9.557491e-06   -3.80649e-08   3.474522e-10  -5.752388e-13       168.1579   0.0003774866
13   55    0  0.0   0    -0.05567685    0.005820948  -1.819218e-05  -9.768923e-09   5.617669e-10  -1.675019e-12       179.3734   0.0003765622
13   55    0  0.0   1    -0.05830462    0.005738589  -1.709371e-05  -1.609185e-08   5.772133e-10  -1.685742e-12       179.8019    0.000294166
14   55    0  0.0   0    -0.07154752    0.006816782  -3.332917e-05   1.610491e-08   1.423659e-09  -5.742399e-12       154.7564   0.0003813546
14   55    0  0.0   1    -0.06392321    0.006209691  -2.479922e-05   4.651107e-09   1.018679e-09  -3.986057e-12       154.8278   0.0003333928
15   55    0  0.0   0    -0.05895495    0.005866723  -6.477638e-06   -2.93835e-07   2.879035e-09  -7.913297e-12         166.89   0.0003124511
15   55    0  0.0   1    -0.05059327    0.005097798   7.971653e-06   -4.11169e-07   3.300965e-09  -8.453904e-12         166.89   0.0003535711
16   55    0  0.0   0    -0.06866387    0.005599381  -7.794765e-07  -3.099804e-07   2.581905e-09  -6.398011e-12         183.07   0.0002874692
16   55    0  0.0   1    -0.08016833    0.006402829  -2.560641e-05   1.221822e-09   8.781293e-10  -3.009906e-12         183.07   0.0002260972
17   55    0  0.0   0    -0.04137624    0.003926004   3.584951e-05  -6.595129e-07    4.01811e-09  -8.400521e-12         205.75   0.0002671862
17   55    0  0.0   1    -0.05535012    0.004468676   2.581707e-05  -5.821201e-07   3.773842e-09  -8.174664e-12         209.25   0.0004074138
18   55    0  0.0   0    -0.07279494    0.006240606  -2.161042e-05  -7.027232e-09   5.648755e-10  -1.538436e-12        199.853   0.0002568062
18   55    0  0.0   1    -0.07278334    0.005818415  -1.604257e-05  -2.050308e-08    4.14337e-10  -8.907639e-13       196.8767   0.0002717256
19   55    0  0.0   0    -0.08995849    0.008308742  -7.956134e-05   6.999452e-07  -3.328312e-09   6.328437e-12        194.025   0.0007259458
19   55    0  0.0   1    -0.08849284    0.007802765  -6.565228e-05    5.32718e-07  -2.451049e-09   4.679722e-12        194.025   0.0006561051
20   55    0  0.0   0    -0.05288103    0.005602546   -2.32129e-06  -3.089788e-07   2.678522e-09  -6.749477e-12       178.8948   0.0002358463
20   55    0  0.0   1    -0.05398679    0.005941832  -1.948112e-05  -1.211003e-08   6.178896e-10   -1.81999e-12         177.45   0.0002347751
21   55    0  0.0   0    -0.04798734    0.005141245   4.887592e-06   -3.26488e-07   2.406891e-09  -5.513047e-12        191.342   0.0001658807
21   55    0  0.0   1    -0.05306743    0.005351176   2.263487e-06  -3.222644e-07   2.483374e-09  -5.796547e-12          189.3   0.0002108815
22   55    0  0.0   0    -0.04505941    0.005539435  -8.121901e-06  -1.465408e-07   1.254627e-09  -2.808905e-12       192.9778   0.0002758748
22   55    0  0.0   1    -0.05518741    0.006186936  -2.325501e-05   2.483994e-09   6.268655e-10  -1.898442e-12         192.65   0.0002697836
23   55    0  0.0   0    -0.03384597    0.005012098   1.932853e-06  -2.349951e-07   1.595907e-09  -3.270774e-12         206.64   0.0001833187
23   55    0  0.0   1    -0.04468723    0.005603221  -7.193772e-06  -1.800442e-07   1.489679e-09  -3.322192e-12         206.64   0.0002042949
24   55    0  0.0   0    -0.01813104    0.003980888   2.527214e-05  -4.687979e-07   2.643717e-09  -4.993627e-12       239.4737   0.0003452913
24   55    0  0.0   1    -0.02445356     0.00434086   1.819106e-05  -4.053972e-07   2.380055e-09  -4.586313e-12          224.4   0.0002108302
25   55    0  0.0   0     -0.0304865     0.00449078   1.167046e-05  -2.955818e-07   1.666282e-09  -3.037183e-12          234.6   0.0001572437
25   55    0  0.0   1    -0.03973647    0.005018493   2.533821e-06  -2.311771e-07   1.472289e-09  -2.835576e-12          234.6   0.0001661437
26   55    0  0.0   0    -0.05878198    0.005990758  -2.026837e-05  -3.075274e-09   5.033633e-10  -1.350591e-12       194.5419   0.0002705864
26   55    0  0.0   1     -0.0658172    0.006573803   -3.76278e-05   2.199588e-07  -7.635643e-10   1.256075e-12       192.4747   0.0003586837
27   55    0  0.0   0      -0.058488    0.005715922  -1.362289e-05  -6.431066e-08   7.342166e-10  -1.669445e-12       204.8396   0.0003409544
27   55    0  0.0   1    -0.05843891     0.00578906  -1.745901e-05  -9.089426e-09   4.171922e-10  -1.025345e-12         202.55   0.0003996125
28   55    0  0.0   0    -0.06503068    0.006724369  -4.157878e-05   2.581002e-07  -9.274257e-10   1.468685e-12       209.9393   0.0002824871
28   55    0  0.0   1    -0.04756775    0.005516077  -1.412627e-05  -1.410721e-08   2.906212e-10  -5.588835e-13       212.0419   0.0002332725
29   55    0  0.0   0     -0.0563793    0.006445935  -3.398255e-05   1.729326e-07  -5.176044e-10   7.381904e-13       215.5061   0.0003086816
29   55    0  0.0   1    -0.04740641    0.005744031  -1.703957e-05  -6.502363e-09   3.389803e-10  -7.750909e-13       219.7499   0.0002240228
30   55    0  0.0   0     -0.0481097    0.006603057  -3.637709e-05   1.772054e-07  -4.679265e-10   5.673232e-13       224.3567   0.0002076801
30   55    0  0.0   1    -0.04336258    0.006362628  -3.164998e-05   1.306325e-07  -2.548328e-10   2.034208e-13       225.7054   0.0001295447
31   55    0  0.0   0    -0.02441531    0.005347201  -1.146567e-05  -4.892323e-08   4.755206e-10  -9.225695e-13         239.84   0.0001198296
31   55    0  0.0   1    -0.02566097    0.005489856  -1.534748e-05  -7.356773e-09    2.82433e-10  -5.979377e-13         239.84   6.829074e-05
32   55    0  0.0   0    -0.04413683    0.005814685  -1.852081e-05  -4.305433e-09   4.051867e-10  -1.004847e-12       208.9019   7.462347e-05
32   55    0  0.0   1    -0.04105975    0.005825278  -1.913511e-05  -3.642099e-10   4.137553e-10  -1.080119e-12       208.2058   0.0001891343
33   55    0  0.0   0    -0.06405408    0.007266025  -5.458228e-05   3.925086e-07  -1.577701e-09    2.63856e-12       211.9487   0.0001526547
33   55    0  0.0   1    -0.05267662    0.006180647  -2.215015e-05   2.954163e-09    4.56935e-10  -1.195379e-12       215.4969   0.0001523861
34   55    0  0.0   0    -0.02969329    0.005427944    -1.4294e-05  -9.944013e-09   2.681062e-10  -5.200863e-13       217.2855   0.0001877943
34   55    0  0.0   1    -0.03480923    0.005636185  -1.631098e-05  -4.907489e-09    2.88865e-10  -6.164831e-13       217.8945   0.0003298381
35   55    0  0.0   0    -0.03000891     0.00583926  -2.604258e-05   1.193979e-07  -3.525103e-10   5.473934e-13       227.0308   0.0002299732
35   55    0  0.0   1    -0.02709672    0.005458966  -1.471363e-05  -5.151923e-09   2.267175e-10  -4.118822e-13       223.7378   0.0002974995
36   55    0  0.0   0    -0.04523026    0.006525257  -3.631185e-05   1.920867e-07  -5.991546e-10   8.577769e-13       235.3691   0.0002065717
36   55    0  0.0   1    -0.04477865    0.006557708  -3.896657e-05   2.285925e-07  -7.930357e-10   1.213782e-12         234.85   0.0002080131
37   55    0  0.0   0    -0.03289302    0.005858471  -1.942336e-05   4.640139e-09   3.050134e-10  -7.106773e-13        247.925   6.820887e-05
37   55    0  0.0   1     -0.0190692    0.005223513  -1.235784e-05  -8.070413e-09   1.728438e-10  -2.653312e-13         240.75   0.0002658739
38   55    0  0.0   0    -0.04457929    0.006387538  -3.626813e-05   2.157355e-07  -7.760703e-10   1.265689e-12       217.0444   0.0002321547
38   55    0  0.0   1       -0.04032    0.006402893  -3.633723e-05    2.07598e-07  -6.951246e-10   1.061927e-12       215.1798    0.000273826
39   55    0  0.0   0    -0.03338982     0.00606471  -2.811579e-05   1.151651e-07  -2.494049e-10   2.849072e-13       224.4633   0.0001967831
39   55    0  0.0   1    -0.02403837    0.005418423  -1.431967e-05  -6.982894e-09   2.415598e-10  -4.622944e-13       225.2012   0.0001921646
40   55    0  0.0   0    -0.03394771    0.006164143  -3.027279e-05    1.33372e-07  -3.145023e-10   3.525052e-13       231.1081   0.0002720991
40   55    0  0.0   1    -0.02213046      0.0054581   -1.49445e-05  -5.186062e-09    2.43691e-10  -4.823377e-13       233.7499   0.0001184831
41   55    0  0.0   0    -0.02598563    0.005745908  -2.214788e-05   6.957407e-08  -1.071599e-10   1.188304e-13       239.0693    0.000202021
41   55    0  0.0   1    -0.01399354    0.005247517  -1.273078e-05  -9.129823e-09   1.845017e-10  -2.660706e-13       236.4052   0.0001750708
42   55    0  0.0   0    -0.03989288    0.006564662  -3.572743e-05   1.661096e-07  -4.219729e-10   5.033423e-13       247.0888   0.0001417255
42   55    0  0.0   1    -0.03523301    0.006658322  -4.192226e-05   2.487513e-07  -8.299979e-10   1.181202e-12       245.8973   0.0002425252
43   55    0  0.0   0    -0.01763488    0.005214548  -1.020594e-05   -4.49213e-08   3.738239e-10  -6.321263e-13       257.5743   0.0001310396
43   55    0  0.0   1    -0.02672865    0.005993652  -2.798829e-05   1.303282e-07  -3.909896e-10    5.80273e-13       252.2904   0.0002610149
44   55    0  0.0   0    -0.03312002     0.00553176  -1.552778e-05  -4.092047e-09    2.62313e-10  -5.502075e-13       228.2891   0.0002162206
44   55    0  0.0   1    -0.04913743    0.006534675  -3.631462e-05   1.832194e-07  -4.973552e-10   5.867042e-13       229.1193   0.0001298135
45   55    0  0.0   0    -0.04741581    0.006432714  -3.441888e-05   1.830791e-07  -6.031141e-10   9.301028e-13       232.9066   0.0001563374
45   55    0  0.0   1    -0.04600575     0.00647063  -3.567292e-05   1.845335e-07   -5.45574e-10   7.354417e-13       231.6339   0.0001797451
46   55    0  0.0   0    -0.02064179    0.005435759  -1.477847e-05  -5.224188e-09   2.294006e-10  -4.387808e-13       241.0419   4.350027e-05
46   55    0  0.0   1    -0.03834153    0.006235166  -2.903188e-05   1.052142e-07  -1.597334e-10   8.433886e-14       235.9952   0.0002953547
47   55    0  0.0   0    -0.02310265    0.006238164  -3.455369e-05   1.886419e-07  -6.003407e-10   8.475827e-13       246.3766   0.0001776122
47   55    0  0.0   1    -0.02315116    0.005952068  -2.894714e-05   1.418605e-07  -4.296662e-10   6.229775e-13       245.8613   0.0002032773
48   55    0  0.0   0    -0.01049109    0.004927591  -9.594941e-06  -1.201173e-08   1.220775e-10  -1.245009e-13       257.2348   0.0001685408
48   55    0  0.0   1    -0.03560578    0.006262927  -3.335082e-05   1.738038e-07  -5.365373e-10   7.493272e-13        251.373   0.0001691272
49   55    0  0.0   0    -0.01142419     0.00513165  -1.170384e-05  -7.379237e-09   1.495813e-10  -2.225992e-13       264.0949   1.321721e-16
49   55    0  0.0   1   -0.009433639    0.005146862  -1.211904e-05  -6.256512e-09   1.524847e-10  -2.309278e-13       257.9783   0.0002756513
50   55    0  0.0   0    -0.04915897    0.006412317  -3.489945e-05   1.886525e-07  -6.138791e-10   9.158008e-13       237.2499   0.0001641642
50   55    0  0.0   1    -0.04126653    0.005987595  -2.592144e-05   1.007181e-07  -2.229336e-10   2.769333e-13       238.4311   0.0001438064
51   55    0  0.0   0    -0.05475147    0.006072687  -2.441139e-05   7.442169e-08   -9.80258e-11   7.822831e-14       246.0731   0.0002135594
51   55    0  0.0   1    -0.04617438    0.005655402  -1.760456e-05   2.379565e-08   8.276851e-11  -1.765079e-13         248.25   0.0001902282
52   55    0  0.0   0    -0.03761543    0.006243224  -3.236481e-05   1.634403e-07  -4.994785e-10   7.132147e-13       250.7229   8.126406e-05
52   55    0  0.0   1    -0.02744306    0.005762509  -2.308371e-05   8.280547e-08   -1.81456e-10   2.475293e-13       250.2031   0.0002096365
53   55    0  0.0   0    -0.02332384     0.00593583  -2.668433e-05   1.094242e-07  -2.617086e-10   3.210712e-13         258.25    9.49211e-05
53   55    0  0.0   1    -0.01621613    0.005600494  -2.101354e-05   6.488136e-08  -9.845755e-11   9.795761e-14       256.6831   0.0001349023
54   55    0  0.0   0     -0.0232172    0.006169948   -3.44385e-05   1.934504e-07  -6.419476e-10   9.255219e-13       260.3715     0.00039088
54   55    0  0.0   1    -0.02419617    0.006204919  -3.253934e-05   1.646283e-07   -5.00925e-10   6.954271e-13            263   4.338505e-05
55   55    0  0.0   0    -0.00548638    0.005627867  -2.319984e-05   8.240294e-08  -1.789445e-10   1.997131e-13       297.0013   0.0001661046
55   55    0  0.0   1   -0.004283089    0.005648062   -2.36052e-05   8.730508e-08  -2.016418e-10   2.325219e-13         301.73    2.07173e-05
0   70    0  0.0   0    -0.06784471     0.00533893  -7.677979e-06  -6.821789e-08   1.500734e-09   -1.61833e-11       93.86637   0.0007773457
0   70    0  0.0   1   -0.001094985   -0.002600867   0.0003486681  -7.363822e-06   7.090019e-08  -2.649107e-10       90.96391   0.0008079817
1   70    0  0.0   0    -0.06120279    0.004372178   7.997624e-05  -2.627983e-06   3.184298e-08  -1.416806e-10       92.29283   0.0008028115
1   70    0  0.0   1    -0.09469562    0.008086751  -6.510089e-05   3.765889e-08   8.575355e-09  -6.356374e-11       92.80442   0.0008182583
2   70    0  0.0   0    -0.03748892    0.001817594   0.0001802087  -4.443886e-06   4.685832e-08  -1.853028e-10       95.79385   0.0007496012
2   70    0  0.0   1    -0.06578814    0.004962684   6.945992e-05  -2.592555e-06   3.192493e-08  -1.382354e-10       96.50856   0.0007560755
3   70    0  0.0   0     -0.0568903    0.004330978   7.056231e-05  -2.170313e-06   2.408484e-08  -9.637061e-11       96.95905   0.0007356165
3   70    0  0.0   1    -0.09280902    0.008055719  -6.239518e-05   5.145489e-08   6.565741e-09  -4.390495e-11        99.7977   0.0007143168
4   70    0  0.0   0    -0.08679993    0.007729199   -5.56999e-05   2.390224e-08   5.766242e-09  -3.644824e-11       102.8778   0.0006725594
4   70    0  0.0   1    -0.06462553    0.005436823   3.448481e-05  -1.591186e-06   1.915145e-08  -7.804095e-11       103.4789   0.0006951252
5   70    0  0.0   0    -0.06513756    0.005962016   1.886392e-06  -7.971532e-07   1.060859e-08  -4.419805e-11       106.0929   0.0006354812
5   70    0  0.0   1    -0.07389992    0.007180824  -4.323611e-05  -1.687337e-09   3.967204e-09  -2.325219e-11       107.3524   0.0006586947
6   70    0  0.0   0    -0.04940114    0.003741725   8.053498e-05  -2.026689e-06   1.918565e-08  -6.529549e-11       113.8335   0.0006555627
6   70    0  0.0   1    -0.07750063    0.006905635  -3.675307e-05  -4.501546e-09   2.776541e-09  -1.470192e-11        113.095   0.0006443938
7   70    0  0.0   0    -0.05026843    0.003654656   7.590883e-05  -1.779384e-06   1.559348e-08  -4.899174e-11       119.2612   0.0006365379
7   70    0  0.0   1    -0.07516809    0.006900172  -3.592207e-05   1.919692e-09   2.389313e-09  -1.208895e-11        117.183   0.0006512111
8   70    0  0.0   0    -0.02002356    0.001356397   0.0001496841  -2.822962e-06    2.26306e-08  -6.725446e-11        128.323   0.0004151559
8   70    0  0.0   1    -0.07233886    0.006201136  -2.522343e-05  -2.566693e-09    1.77417e-09  -9.651598e-12       126.4943   0.0004256917
9   70    0  0.0   0    -0.04004136     0.00353162   7.282199e-05  -1.550884e-06   1.247837e-08  -3.593313e-11         143.74   0.0003736755
9   70    0  0.0   1    -0.03944451    0.003053922   8.476969e-05  -1.703084e-06   1.341016e-08  -3.805558e-11       145.0522   0.0003801628
10   70    0  0.0   0    -0.05452877    0.004685315   3.508889e-05  -9.498502e-07   7.782269e-09  -2.175272e-11       160.7879    0.000349974
10   70    0  0.0   1    -0.04300189    0.003476679   6.411836e-05  -1.283069e-06   9.637667e-09  -2.577891e-11       157.9967   0.0003153393
11   70    0  0.0   0    -0.05848645     0.00509461   1.589148e-05   -5.74619e-07   4.567657e-09  -1.190037e-11        158.628   0.0003262507
11   70    0  0.0   1    -0.07205124    0.005861043  -8.659862e-06   -2.39391e-07   2.534872e-09  -7.411546e-12       158.5275   0.0003420107
12   70    0  0.0   0    -0.05352165    0.004306184    3.03354e-05  -6.497303e-07   4.334452e-09  -9.883007e-12        170.249   0.0003251515
12   70    0  0.0   1    -0.05405951    0.004424692   2.523959e-05  -5.758311e-07   3.898053e-09  -8.981736e-12       170.2047   0.0003109505
13   70    0  0.0   0    -0.06401724    0.005960394  -1.818462e-05  -2.074762e-08   5.822626e-10  -1.530621e-12       177.1489   0.0003351131
13   70    0  0.0   1     -0.0705932     0.00619867  -2.186093e-05  -1.325336e-08   7.338807e-10  -2.195597e-12       175.9795   0.0002943146
14   70    0  0.0   0    -0.06101871    0.005530586   5.674146e-06  -4.898046e-07   4.439106e-09   -1.25821e-11       155.7836   0.0003278728
14   70    0  0.0   1    -0.06018389    0.005493279   2.491183e-06  -4.157376e-07   3.885629e-09  -1.120862e-11        153.846   0.0003664346
15   70    0  0.0   0    -0.05986646    0.005728512  -1.696969e-06   -3.52539e-07   3.206936e-09   -8.67214e-12         166.89   0.0003238645
15   70    0  0.0   1    -0.05512982     0.00522796   6.483858e-06  -4.083451e-07   3.351214e-09  -8.714821e-12         166.89   0.0003344019
16   70    0  0.0   0    -0.06664563    0.005291942   7.845908e-06  -4.068226e-07   3.064715e-09    -7.3111e-12         183.07   0.0002660933
16   70    0  0.0   1    -0.06318502    0.004769538   1.910491e-05  -5.183309e-07   3.589819e-09  -8.280099e-12         183.07   0.0002753952
17   70    0  0.0   0    -0.05316322    0.004385687     2.7337e-05  -5.731062e-07   3.583807e-09  -7.590475e-12       212.2315   0.0002997325
17   70    0  0.0   1    -0.05447854    0.004066476    3.51643e-05  -6.596525e-07   4.028868e-09  -8.452649e-12       208.7344   0.0003300871
18   70    0  0.0   0    -0.07688451     0.00625491  -2.073806e-05  -1.163007e-08   5.427632e-10  -1.423663e-12       196.6716   0.0002664205
18   70    0  0.0   1    -0.06854743    0.005135629    3.08528e-06  -2.453157e-07    1.60782e-09  -3.250046e-12       196.3749   0.0003155178
19   70    0  0.0   0    -0.08491056    0.007740456  -6.302015e-05   5.005129e-07  -2.274852e-09   4.299819e-12        194.025    0.000638897
19   70    0  0.0   1    -0.08129931     0.00712442  -4.937542e-05   3.587857e-07  -1.587355e-09   3.049802e-12        194.025   0.0006116081
20   70    0  0.0   0    -0.05429573    0.005447783   1.181828e-06  -3.259712e-07    2.65976e-09  -6.599216e-12         177.45   0.0002300521
20   70    0  0.0   1    -0.05422116    0.005365545   1.061092e-06  -2.990257e-07   2.382174e-09  -5.805839e-12         177.45   0.0002720525
21   70    0  0.0   0     -0.0536118    0.005240577   5.155673e-06  -3.460139e-07   2.564648e-09  -5.920739e-12          189.3   0.0002004846
21   70    0  0.0   1    -0.04207324    0.005141019  -1.128473e-05   -1.11943e-08   3.543968e-10  -1.190958e-12       197.5375   0.0003082244
22   70    0  0.0   0    -0.06087018    0.006302752  -2.342992e-05   -3.69508e-09   6.445296e-10  -1.873571e-12         192.65    0.000231186
22   70    0  0.0   1    -0.05918781    0.006079466  -1.797597e-05  -6.387569e-08   9.612129e-10  -2.513471e-12         192.65   0.0002260747
23   70    0  0.0   0    -0.05037652    0.005752757  -1.214758e-05  -1.062826e-07   1.050198e-09  -2.430859e-12         206.64   0.0001838656
23   70    0  0.0   1    -0.01079447    0.004696562  -1.057465e-05   -5.97082e-10   3.034664e-10  -1.009317e-12       207.8006   0.0001861992
24   70    0  0.0   0    -0.04044443    0.005065029   4.441839e-06  -2.791538e-07   1.833649e-09  -3.703625e-12          224.4   0.0001205764
24   70    0  0.0   1    -0.04366612    0.005207208    7.36363e-07  -2.361251e-07   1.617092e-09   -3.31816e-12          224.4   0.0001351165
25   70    0  0.0   0    -0.03760079    0.004820444   6.280004e-06   -2.55195e-07    1.52576e-09  -2.858912e-12          234.6   7.816099e-05
25   70    0  0.0   1    -0.04605597    0.005128491   5.997544e-07  -2.098556e-07   1.367424e-09  -2.663964e-12          234.6   0.0001094246
26   70    0  0.0   0    -0.08047992    0.007216049  -4.861629e-05   3.028376e-07  -1.020347e-09   1.461809e-12       192.7864   0.0003122004
26   70    0  0.0   1    -0.06322781     0.00598847  -1.923539e-05  -1.055901e-08   5.099726e-10  -1.329612e-12       194.0699   0.0002990921
27   70    0  0.0   0    -0.06707644    0.006000039  -1.858793e-05  -1.282748e-08   4.567431e-10  -1.101517e-12       203.2813   0.0002542576
27   70    0  0.0   1    -0.07124387    0.006224489  -2.371617e-05   4.030332e-08   2.004084e-10  -6.386142e-13       203.3764   0.0002694276
28   70    0  0.0   0    -0.06412702    0.006239723  -2.641979e-05   8.529572e-08  -8.307904e-11   -3.98633e-14       210.8906   0.0002717325
28   70    0  0.0   1    -0.06519512    0.006203167  -2.553102e-05   7.445395e-08  -2.782044e-11  -1.352958e-13       210.9505   0.0002517597
29   70    0  0.0   0    -0.06649192    0.006731621  -3.641368e-05   1.734458e-07  -4.537045e-10   5.512895e-13         214.94   0.0002567734
29   70    0  0.0   1    -0.06099551    0.006292159  -2.713791e-05   8.484632e-08  -5.778736e-11  -1.194079e-13       216.7951   0.0002010273
30   70    0  0.0   0    -0.05306714    0.006752254  -3.927115e-05   2.110371e-07  -6.563202e-10   9.370148e-13       222.2848   0.0001549225
30   70    0  0.0   1    -0.05510087    0.006740192  -4.018158e-05   2.321483e-07  -7.956199e-10   1.224641e-12       222.3799   0.0001530541
31   70    0  0.0   0    -0.03600328    0.005792786  -1.891171e-05   1.257585e-08   2.388074e-10  -5.924562e-13         239.84   5.441388e-05
31   70    0  0.0   1    -0.04644471    0.006227869  -2.626519e-05   6.942058e-08   3.061705e-11  -2.997724e-13         239.84   5.613977e-05
32   70    0  0.0   0     -0.0594073    0.006568196  -3.416055e-05   1.525484e-07  -3.264372e-10   2.499692e-13       207.1875   0.0001920638
32   70    0  0.0   1    -0.06061499    0.006639019  -3.341954e-05   1.212221e-07  -7.828697e-11  -3.317895e-13       204.4705   0.0002618375
33   70    0  0.0   0    -0.05178692    0.005863829  -1.761196e-05  -9.657692e-09   3.682827e-10  -8.249158e-13       211.5992   0.0002164804
33   70    0  0.0   1    -0.05243419    0.005987652  -1.934436e-05   -5.25396e-09   4.171105e-10  -1.036177e-12       213.0313   0.0002426906
34   70    0  0.0   0    -0.05299544    0.006410367  -3.188823e-05   1.443619e-07  -3.775434e-10   4.972914e-13       217.2284   0.0001629261
34   70    0  0.0   1    -0.06201115    0.006956228  -4.259823e-05   2.408901e-07  -7.886112e-10   1.163552e-12       217.1704   0.0002025514
35   70    0  0.0   0    -0.05286599    0.006744628  -4.034865e-05   2.275672e-07  -7.435358e-10   1.084856e-12       225.0801   0.0002330688
35   70    0  0.0   1     -0.0473245    0.006305592  -2.893194e-05   1.067834e-07  -1.793043e-10   1.183916e-13       227.0409   0.0002524064
36   70    0  0.0   0    -0.04455933    0.006225933  -2.769671e-05   9.303055e-08  -1.045786e-10  -3.259844e-14         234.85   0.0002062921
36   70    0  0.0   1    -0.04376204    0.006203742  -2.894601e-05   1.182623e-07  -2.618215e-10   2.807767e-13       235.2839   0.0001403111
37   70    0  0.0   0    -0.03785005    0.005996817  -2.431508e-05   7.481291e-08  -8.472318e-11   1.544853e-14       241.3095    0.000193696
37   70    0  0.0   1     -0.0460063    0.006569822  -3.742845e-05   2.022827e-07  -6.381341e-10   9.007541e-13       241.6396   6.140429e-05
38   70    0  0.0   0    -0.04392192    0.006112811  -2.593467e-05   7.905644e-08  -2.651948e-11  -1.929992e-13       218.0344   0.0001505818
38   70    0  0.0   1     -0.0490506    0.006454643  -3.296539e-05    1.45306e-07  -3.213763e-10   3.089486e-13       217.1905   0.0001981755
39   70    0  0.0   0    -0.04823682    0.006620947  -3.797477e-05   2.031073e-07  -6.145955e-10   8.355195e-13       224.5345   0.0001632952
39   70    0  0.0   1    -0.04840976     0.00666675  -3.926592e-05    2.22327e-07  -7.455352e-10   1.146266e-12       221.6229   0.0002197828
40   70    0  0.0   0    -0.04417348    0.006457489  -3.430791e-05   1.630973e-07  -4.259463e-10   5.098783e-13       231.8965   0.0001529299
40   70    0  0.0   1    -0.04423715    0.006527844  -3.546142e-05   1.772052e-07  -5.153165e-10   7.106677e-13       229.5531   0.0002223717
41   70    0  0.0   0    -0.03890615    0.006290942  -3.179157e-05   1.487363e-07  -4.038516e-10   5.235297e-13       237.7592   0.0002033625
41   70    0  0.0   1    -0.04084653    0.006490758  -3.523693e-05   1.751036e-07  -4.984949e-10   6.531601e-13        238.994   0.0001464702
42   70    0  0.0   0     -0.0397852    0.006395946  -3.274616e-05   1.480604e-07  -3.784942e-10   4.625074e-13       246.0668   0.0001354632
42   70    0  0.0   1    -0.03534745    0.006257191  -3.144117e-05   1.471039e-07   -4.03355e-10   5.247482e-13       245.9832    0.000155163
43   70    0  0.0   0    -0.04119702    0.006549945  -3.721243e-05   1.962879e-07  -5.978021e-10    8.07131e-13       252.2497   0.0001784938
43   70    0  0.0   1    -0.03274468    0.006133256  -2.952186e-05   1.349268e-07  -3.756896e-10   5.053583e-13       254.0611   0.0001177536
44   70    0  0.0   0    -0.05184309    0.006289334  -2.963102e-05   1.264147e-07  -3.135187e-10   4.038774e-13       226.1644   0.0001615118
44   70    0  0.0   1    -0.05031068    0.006233016  -2.860802e-05   1.158845e-07  -2.568616e-10   2.861366e-13       228.4375   0.0001160451
45   70    0  0.0   0    -0.05349095    0.006469123  -3.282758e-05   1.531272e-07  -4.254509e-10   5.834189e-13       231.3619   0.0002116653
45   70    0  0.0   1    -0.04954324     0.00640148  -3.232138e-05   1.472254e-07   -3.78321e-10   4.592896e-13       234.4031   9.098088e-05
46   70    0  0.0   0    -0.03936938    0.006235854  -2.993843e-05   1.316457e-07  -3.422334e-10   4.453957e-13       238.0416   0.0002063345
46   70    0  0.0   1    -0.04452633    0.006401483  -3.237047e-05   1.432379e-07  -3.456551e-10   3.867435e-13        240.014    0.000118493
47   70    0  0.0   0    -0.03183862    0.006158686  -2.896081e-05   1.222094e-07  -3.005027e-10   3.768023e-13       246.5808   0.0001429501
47   70    0  0.0   1    -0.03365959    0.006229726  -3.127232e-05   1.447144e-07  -3.899136e-10   5.025292e-13       245.0206   0.0001879528
48   70    0  0.0   0    -0.03945322    0.006239237   -3.11391e-05   1.453047e-07   -4.02053e-10   5.265799e-13        253.398   0.0001438892
48   70    0  0.0   1    -0.04574986    0.006576927  -3.651799e-05   1.850617e-07  -5.371824e-10   6.963305e-13        253.285   0.0001761287
49   70    0  0.0   0    -0.02443269     0.00565286  -2.042127e-05   5.783361e-08   -7.70509e-11    7.45193e-14       259.8495   0.0001140479
49   70    0  0.0   1    -0.02689068    0.005942105  -2.660709e-05   1.128001e-07  -2.927839e-10   3.820618e-13       259.3586    8.29842e-05
50   70    0  0.0   0     -0.0554074    0.006307767  -2.895044e-05   1.107274e-07  -2.130488e-10   1.896779e-13         239.18   0.0001478668
50   70    0  0.0   1    -0.06097729    0.006633687  -3.481309e-05   1.597788e-07  -4.061292e-10   4.752356e-13       239.7939     0.00010965
51   70    0  0.0   0    -0.06766469    0.006384105  -2.878303e-05   1.076172e-07  -2.204695e-10    2.42186e-13       246.5463    0.000152993
51   70    0  0.0   1    -0.06683657    0.006477453  -3.178839e-05   1.422392e-07  -3.867883e-10   5.247383e-13       245.8037   0.0001488153
52   70    0  0.0   0    -0.04800638    0.006414256  -3.197587e-05   1.380081e-07   -3.32102e-10   3.800898e-13       252.3062   7.163424e-05
52   70    0  0.0   1    -0.05071996    0.006682081   -3.73052e-05   1.848546e-07  -5.204535e-10   6.621587e-13       250.7496   0.0001311982
53   70    0  0.0   0    -0.03452455    0.006210481  -3.003698e-05   1.312687e-07  -3.371314e-10   4.249678e-13       255.1032   0.0001776031
53   70    0  0.0   1     -0.0292108    0.006070767  -2.768324e-05   1.110154e-07    -2.5177e-10   2.883999e-13       255.4853   0.0001330411
54   70    0  0.0   0    -0.03430959    0.006310138  -3.241497e-05   1.511494e-07  -4.103026e-10   5.149848e-13            263   0.0001604918
54   70    0  0.0   1    -0.03014959    0.006281925  -3.198764e-05   1.479395e-07  -3.995084e-10   5.021248e-13            263   0.0002170974
55   70    0  0.0   0   -0.009116341    0.005668995  -2.383794e-05   9.039731e-08  -2.209144e-10   2.687485e-13       295.1787   0.0002876058
55   70    0  0.0   1   -0.009014555    0.005760884  -2.495467e-05   9.690783e-08  -2.369222e-10   2.796948e-13       297.5544   0.0001907673
0   90    0  0.0   0    -0.06027024     0.00478987   3.242972e-06  -7.305724e-08    6.63224e-11  -7.590738e-12       93.39363   0.0008124994
0   90    0  0.0   1  -0.0009520336   -0.002475071   0.0003422885  -7.261784e-06   7.057937e-08  -2.672852e-10       89.96332   0.0008120419
1   90    0  0.0   0    -0.05008371    0.003103855   0.0001360156  -3.801381e-06   4.363146e-08  -1.873516e-10       90.57849    0.000821512
1   90    0  0.0   1     -0.0888749     0.00750631  -4.837664e-05  -3.454039e-08   6.076801e-09  -4.097256e-11        86.2679   0.0008313772
2   90    0  0.0   0  -0.0007975384   -0.001889085   0.0003238212  -7.088609e-06   7.018694e-08  -2.647026e-10       94.70903   0.0007694966
2   90    0  0.0   1    -0.02613414   0.0008289727   0.0002321564  -5.594404e-06   5.820218e-08  -2.264106e-10       95.34152    0.000761682
3   90    0  0.0   0    -0.08615573    0.007450956  -5.005816e-05   1.022129e-08   5.417518e-09  -3.529738e-11       96.76168   0.0007223624
3   90    0  0.0   1    -0.05107627    0.003849081   9.750818e-05  -2.801524e-06   3.072903e-08  -1.223412e-10       101.3025   0.0007167779
4   90    0  0.0   0    -0.05012181    0.003786272   0.0001007295  -2.857511e-06   3.074129e-08  -1.187756e-10       104.6255   0.0006928781
4   90    0  0.0   1     -0.0892806    0.007960843  -5.916722e-05   5.202757e-08   5.417087e-09  -3.408392e-11       102.3367   0.0006997839
5   90    0  0.0   0    -0.07323501    0.007024201  -4.242257e-05   3.122468e-08   3.539782e-09  -2.188505e-11       105.4998   0.0006580125
5   90    0  0.0   1    -0.04709096     0.00439838   6.680467e-05  -2.029554e-06   2.148804e-08  -8.044205e-11       107.7907   0.0006714248
6   90    0  0.0   0    -0.08145571    0.007007204  -3.905365e-05   7.392879e-09   2.933784e-09  -1.597297e-11       110.6623   0.0006572567
6   90    0  0.0   1    -0.03837047     0.00300254    0.000106935  -2.458204e-06   2.248786e-08  -7.489158e-11       115.7776   0.0006399163
7   90    0  0.0   0    -0.04102361    0.003046986   9.320166e-05  -2.050324e-06   1.789399e-08  -5.686096e-11       119.7233   0.0006336184
7   90    0  0.0   1    -0.05034322    0.004626966   4.007622e-05  -1.156426e-06   1.062159e-08  -3.430056e-11       117.4887   0.0006412133
8   90    0  0.0   0    -0.07110694    0.006483134  -2.932385e-05   1.066207e-08   1.858526e-09  -1.006746e-11         124.95   0.0003788465
8   90    0  0.0   1    -0.07674306    0.006535839  -3.139316e-05   1.366757e-08   2.238005e-09  -1.253472e-11       138.5352   0.0004446939
9   90    0  0.0   0    -0.04270566    0.003870196   6.144809e-05  -1.383255e-06   1.135998e-08  -3.320449e-11       143.8234   0.0003910194
9   90    0  0.0   1     -0.0364455    0.003014418   8.247361e-05  -1.634222e-06    1.28097e-08  -3.641107e-11         143.74   0.0003458708
10   90    0  0.0   0    -0.03395993    0.003119963   7.879269e-05  -1.511916e-06    1.11684e-08  -2.948277e-11       156.0744   0.0003188493
10   90    0  0.0   1    -0.03658544    0.002943197   8.054423e-05  -1.503529e-06   1.099212e-08  -2.891701e-11        158.384   0.0003682916
11   90    0  0.0   0    -0.06716999    0.005901034  -8.746501e-06  -2.409814e-07   2.525241e-09  -7.289792e-12       156.4203    0.000347575
11   90    0  0.0   1    -0.04855857    0.004125821   3.917972e-05  -8.399737e-07   6.017772e-09  -1.497877e-11       157.7317   0.0003444282
12   90    0  0.0   0    -0.04872835    0.003947191   3.865264e-05  -7.284308e-07    4.64967e-09   -1.03047e-11       168.8668   0.0003138357
12   90    0  0.0   1    -0.05929272    0.004807499   1.707847e-05  -4.885853e-07   3.433678e-09   -8.02347e-12        169.503   0.0003174264
13   90    0  0.0   0    -0.05647922    0.005419133  -3.132027e-06  -2.119493e-07   1.696916e-09  -3.943188e-12       177.5039    0.000332687
13   90    0  0.0   1    -0.05511768    0.005038756   7.577593e-06  -3.406469e-07   2.413325e-09  -5.458431e-12       176.6948   0.0003123818
14   90    0  0.0   0    -0.06052828     0.00558184   5.774652e-06  -5.184072e-07    4.78316e-09  -1.374422e-11       154.7555   0.0003359367
14   90    0  0.0   1    -0.04919772     0.00452296   3.266847e-05   -8.18721e-07   6.328022e-09  -1.677315e-11       156.2293   0.0003587483
15   90    0  0.0   0    -0.06339102    0.006035573  -9.430998e-06   -2.64562e-07   2.750257e-09  -7.808856e-12         166.89   0.0003128774
15   90    0  0.0   1    -0.05280345    0.004877662   2.126399e-05  -6.389823e-07   4.873591e-09  -1.232184e-11         166.89   0.0003478001
16   90    0  0.0   0    -0.05771155    0.004676334   2.306693e-05   -5.74093e-07   3.928388e-09  -9.033818e-12         183.07   0.0002908948
16   90    0  0.0   1    -0.05666441    0.004387835   2.804174e-05  -6.178119e-07   4.127576e-09  -9.413139e-12         183.07   0.0002959166
17   90    0  0.0   0    -0.05825187    0.004784547   1.834496e-05  -4.828985e-07   3.177324e-09  -6.928881e-12       211.0313   0.0003031052
17   90    0  0.0   1    -0.05183627    0.004032718   3.440496e-05  -6.406531e-07    3.89918e-09  -8.181554e-12       206.9427   0.0002702385
18   90    0  0.0   0       -0.07276    0.006114021  -1.889503e-05  -1.571315e-08   5.022111e-10  -1.274231e-12       194.5651   0.0003214772
18   90    0  0.0   1    -0.05871285    0.004417824   2.106743e-05  -4.428913e-07   2.592194e-09  -5.075935e-12       198.2727   0.0002642998
19   90    0  0.0   0    -0.08723028    0.007763612  -6.012669e-05   4.387033e-07  -1.836478e-09   3.272113e-12        194.025   0.0005349805
19   90    0  0.0   1     -0.0806359     0.00705418  -4.705516e-05   3.315551e-07  -1.450141e-09   2.788927e-12        194.025   0.0005857761
20   90    0  0.0   0    -0.04554164    0.004869448   1.580772e-05  -4.956722e-07   3.579932e-09  -8.501386e-12         177.45   0.0002513259
20   90    0  0.0   1    -0.04311143    0.004579351   2.167972e-05  -5.444505e-07   3.741653e-09  -8.646688e-12         177.45   0.0002792895
21   90    0  0.0   0    -0.04826469    0.004932923   1.157682e-05  -3.982015e-07   2.731716e-09  -6.081377e-12          189.3   0.0001845774
21   90    0  0.0   1    -0.05590735    0.005326219   1.862913e-06  -2.975251e-07   2.273104e-09  -5.327598e-12          189.3   0.0002142858
22   90    0  0.0   0    -0.05941884    0.006242235  -2.247812e-05  -5.677692e-09   6.194751e-10  -1.790923e-12         192.65   0.0002398596
22   90    0  0.0   1    -0.05403063    0.005811584  -1.307089e-05  -9.929452e-08   1.056574e-09  -2.564332e-12         192.65   0.0001959526
23   90    0  0.0   0    -0.05490765    0.006085534  -1.848077e-05  -5.602423e-08    8.85499e-10  -2.274189e-12         206.64   0.0001516717
23   90    0  0.0   1    -0.04732772    0.005545026  -6.912534e-06  -1.654216e-07   1.355775e-09  -3.027553e-12         206.64   0.0001786356
24   90    0  0.0   0    -0.04054447    0.005043836   5.892806e-06  -2.986272e-07   1.938215e-09  -3.909912e-12          224.4   0.0001367024
24   90    0  0.0   1    -0.03664468     0.00483897   8.173102e-06   -3.04178e-07   1.905376e-09  -3.783518e-12          224.4   0.0001037663
25   90    0  0.0   0     -0.0437852    0.005187158   3.070965e-07  -2.144924e-07   1.415632e-09  -2.788328e-12          234.6   0.0001606948
25   90    0  0.0   1    -0.04129994    0.004870498   6.150533e-06  -2.605436e-07   1.571492e-09  -2.968397e-12          234.6   8.901221e-05
26   90    0  0.0   0    -0.06821942    0.006338026  -2.651843e-05   6.060921e-08   1.873988e-10  -7.884164e-13       193.4619   0.0002478492
26   90    0  0.0   1    -0.06834714    0.006413154  -2.926325e-05   9.735888e-08  -2.108875e-11  -3.678849e-13       193.2298   0.0003080068
27   90    0  0.0   0    -0.06792778    0.006026818  -1.747337e-05  -3.917924e-08   6.434892e-10  -1.537807e-12       202.8435   0.0002767741
27   90    0  0.0   1     -0.0657395    0.005859409  -1.475968e-05  -5.817718e-08   7.064073e-10  -1.625079e-12         202.55   0.0003278913
28   90    0  0.0   0    -0.06459142    0.006206165  -2.389166e-05   4.448824e-08   1.703662e-10  -5.836191e-13        210.626   0.0002389989
28   90    0  0.0   1    -0.06650008     0.00631483  -2.754185e-05   9.213542e-08   -1.00324e-10  -3.349181e-14       210.1777   0.0002749748
29   90    0  0.0   0    -0.06868797    0.006838361  -3.860718e-05   1.971576e-07  -5.698645e-10    7.51521e-13       215.0232   0.0001789006
29   90    0  0.0   1    -0.06518879    0.006595241  -3.432596e-05   1.633492e-07  -4.494378e-10   5.964911e-13       214.9668   0.0002162348
30   90    0  0.0   0    -0.04858715    0.006467277  -3.262805e-05   1.439163e-07  -3.449129e-10   3.940071e-13         221.66   0.0001984514
30   90    0  0.0   1    -0.05060484    0.006432275  -3.132337e-05   1.282067e-07  -2.736596e-10   2.858245e-13        221.946   0.0001954028
31   90    0  0.0   0    -0.03345563    0.005655178  -1.525407e-05  -2.897586e-08   4.471969e-10  -9.730518e-13         239.84    3.89924e-05
31   90    0  0.0   1    -0.04349961    0.006094542  -2.420544e-05   5.557613e-08   7.503597e-11    -3.5953e-13         239.84   2.529926e-14
32   90    0  0.0   0    -0.05412687    0.006070095  -2.051367e-05  -4.833239e-09    4.90201e-10  -1.316796e-12        208.297   0.0001450159
32   90    0  0.0   1    -0.06038463    0.006539934  -3.131079e-05    1.12904e-07  -1.243034e-10  -8.890858e-14       200.5074   0.0002723365
33   90    0  0.0   0    -0.06684143    0.006866853    -3.9544e-05    2.06135e-07  -6.106604e-10   8.375716e-13        209.824   0.0001913131
33   90    0  0.0   1    -0.05815841     0.00644109  -3.071167e-05   1.220397e-07  -2.285715e-10   1.668914e-13       210.8331   0.0002098655
34   90    0  0.0   0      -0.059187    0.006731824  -3.620743e-05   1.630811e-07  -3.718032e-10   3.611512e-13       215.2197    0.000233254
34   90    0  0.0   1    -0.05947031    0.006792597  -3.782746e-05    1.78527e-07  -4.278913e-10   4.176306e-13         219.75   0.0001449209
35   90    0  0.0   0    -0.04758231    0.006300202  -2.881996e-05   1.075565e-07  -1.980994e-10   1.833506e-13       224.1302   0.0002514739
35   90    0  0.0   1    -0.05886854    0.007088308  -4.597147e-05   2.702235e-07  -8.962517e-10   1.292247e-12       225.8515   0.0001623253
36   90    0  0.0   0    -0.04110099     0.00606837  -2.455057e-05   6.642446e-08    -3.0847e-12  -1.811057e-13         234.85    0.000125588
36   90    0  0.0   1    -0.04748341    0.006364773   -3.05454e-05   1.194871e-07  -2.165784e-10    1.38313e-13         234.85   0.0001529431
37   90    0  0.0   0    -0.03856802    0.006138192  -2.833439e-05     1.1817e-07  -2.849025e-10   3.460613e-13       241.2422   0.0001472102
37   90    0  0.0   1    -0.05506883    0.007069756  -4.585198e-05   2.685052e-07  -8.863733e-10   1.255093e-12       238.3453   0.0001778237
38   90    0  0.0   0    -0.05104646      0.0065565  -3.462354e-05   1.604762e-07  -3.932793e-10   4.406097e-13       214.9339   0.0001643609
38   90    0  0.0   1    -0.04436932    0.006309194   -3.19884e-05   1.558218e-07  -4.461607e-10   6.230239e-13       214.8741   0.0002457639
39   90    0  0.0   0     -0.0432957    0.006297063  -2.998057e-05   1.190382e-07  -2.205994e-10   1.551953e-13       224.2318   0.0001376463
39   90    0  0.0   1     -0.0501742    0.006714653  -3.872764e-05    2.04779e-07  -6.192179e-10   8.592455e-13       221.7311   0.0002156026
40   90    0  0.0   0    -0.04576568    0.006550513   -3.59582e-05   1.806195e-07  -5.209809e-10    7.01324e-13       228.6064   0.0001832493
40   90    0  0.0   1    -0.04788955     0.00680252  -4.127885e-05   2.300006e-07  -7.275006e-10   1.018345e-12       229.4498    0.000174062
41   90    0  0.0   0    -0.04818887    0.006815276  -4.166015e-05   2.339236e-07  -7.452352e-10   1.035751e-12       236.2298   0.0001202752
41   90    0  0.0   1    -0.04008795    0.006464119  -3.459132e-05   1.687993e-07  -4.729515e-10   6.165293e-13       236.2565   0.0002026981
42   90    0  0.0   0    -0.03962576    0.006381906   -3.22137e-05    1.41994e-07  -3.471956e-10   4.006122e-13       245.4897   0.0001178847
42   90    0  0.0   1    -0.03553208    0.006213388  -2.933926e-05   1.216216e-07  -2.837465e-10   3.285778e-13       246.3502   9.510081e-05
43   90    0  0.0   0    -0.03310718    0.006021428  -2.590972e-05   9.478977e-08  -1.915868e-10    2.06885e-13       252.9752   0.0001305867
43   90    0  0.0   1    -0.03711553    0.006307526  -3.132748e-05   1.390774e-07  -3.568076e-10   4.360448e-13       253.9549   8.115601e-05
44   90    0  0.0   0    -0.04970759    0.006132015  -2.511688e-05   7.140949e-08  -2.338607e-11  -1.443699e-13       226.3019   0.0001785276
44   90    0  0.0   1    -0.05666682    0.006572742  -3.458377e-05   1.651055e-07  -4.503205e-10   5.744442e-13        227.287   0.0001653833
45   90    0  0.0   0     -0.0509466    0.006307367  -2.832511e-05   9.958484e-08  -1.470887e-10   6.182944e-14       232.0055   0.0001601996
45   90    0  0.0   1    -0.04684296    0.006162379  -2.640225e-05   8.825065e-08  -1.178421e-10   3.351337e-14       234.8898   9.760757e-05
46   90    0  0.0   0    -0.04514621    0.006547241  -3.527046e-05   1.708375e-07  -4.675394e-10   5.836737e-13       237.9719   0.0001204829
46   90    0  0.0   1    -0.04247177    0.006247207  -2.825751e-05   1.020739e-07  -1.707072e-10    1.17413e-13       238.2994    0.000145787
47   90    0  0.0   0    -0.03823371    0.006540764  -3.645851e-05   1.863438e-07  -5.509396e-10   7.426328e-13       243.2437   0.0001530428
47   90    0  0.0   1    -0.03439469    0.006245713  -3.096383e-05   1.405032e-07  -3.721408e-10    4.75126e-13         244.69   0.0001405867
48   90    0  0.0   0    -0.03788703    0.006007124  -2.519529e-05   8.919021e-08  -1.734955e-10   1.852811e-13       253.0918   0.0001080739
48   90    0  0.0   1    -0.03982564    0.006173147  -2.736712e-05   1.017794e-07  -2.083341e-10   2.250229e-13       251.6645   0.0001551733
49   90    0  0.0   0    -0.03133245    0.006093383  -2.810875e-05   1.149942e-07   -2.66118e-10   2.993058e-13       259.1207   9.373053e-05
49   90    0  0.0   1    -0.03328025    0.006316509  -3.311851e-05   1.625359e-07  -4.645859e-10   6.007953e-13        257.163   0.0001408729
50   90    0  0.0   0    -0.05828031    0.006420892  -3.041746e-05    1.20039e-07  -2.390482e-10   2.068986e-13       239.7075   6.602515e-05
50   90    0  0.0   1    -0.05882712    0.006530825  -3.219908e-05   1.304149e-07  -2.587906e-10   2.074339e-13       239.2732   8.455179e-05
51   90    0  0.0   0    -0.06474453    0.006166443  -2.373827e-05   5.671354e-08   1.379246e-11  -1.590628e-13         248.25   0.0001475651
51   90    0  0.0   1    -0.06391976     0.00619492  -2.409057e-05   6.060325e-08  -1.152509e-11  -1.021119e-13       246.7779   7.897268e-05
52   90    0  0.0   0    -0.05130909    0.006483109   -3.29248e-05   1.489059e-07   -3.93445e-10   4.972348e-13       249.7436   0.0001319144
52   90    0  0.0   1    -0.05300077    0.006767658  -3.785549e-05   1.828534e-07  -4.928156e-10   5.981753e-13       249.6558   9.087532e-05
53   90    0  0.0   0    -0.03396945     0.00621943  -2.989271e-05     1.2602e-07  -2.992595e-10     3.4255e-13        255.065   0.0001841618
53   90    0  0.0   1    -0.02952816    0.006139068  -2.947868e-05   1.311086e-07  -3.444983e-10   4.346185e-13       255.2127   7.444795e-05
54   90    0  0.0   0    -0.03386384    0.006269616  -3.105935e-05   1.364266e-07  -3.439051e-10   4.073783e-13            263   0.0001341577
54   90    0  0.0   1    -0.03171036    0.006421062  -3.452501e-05   1.687509e-07   -4.77962e-10   6.102848e-13        262.391   0.0001349199
55   90    0  0.0   0    -0.01636292      0.0059748  -2.800394e-05   1.140246e-07  -2.761829e-10   3.073225e-13       299.2525   1.480222e-14
55   90    0  0.0   1    -0.01335204    0.006062426  -3.000279e-05   1.336174e-07  -3.590332e-10   4.317909e-13       295.9533   8.071299e-05
0  115    0  0.0   0    0.003887589   -0.003100782   0.0003570931  -7.371298e-06   6.979579e-08  -2.571391e-10       91.58862   0.0008295381
0  115    0  0.0   1    -0.05584056     0.00378425     7.8622e-05  -2.068723e-06    2.20657e-08  -9.365077e-11       92.49597   0.0008039769
1  115    0  0.0   0    -0.05218286    0.003333191   0.0001267767  -3.653789e-06    4.25864e-08  -1.843398e-10       90.89576   0.0008274327
1  115    0  0.0   1    -0.06279275    0.004629264   7.743077e-05   -2.74556e-06    3.43726e-08  -1.546323e-10       92.04214    0.000822952
2  115    0  0.0   0    -0.02752323   0.0008721192   0.0002167847  -5.154596e-06   5.357968e-08  -2.097809e-10       95.08896   0.0007894429
2  115    0  0.0   1    -0.03821174    0.002101863   0.0001783353  -4.531968e-06   4.829512e-08  -1.910882e-10         96.107   0.0007745272
3  115    0  0.0   0    -0.03741437    0.002004379     0.00016945  -4.121651e-06   4.218612e-08  -1.600777e-10       101.7726   0.0007317067
3  115    0  0.0   1    -0.05379712    0.003949818   9.707043e-05  -2.826967e-06   3.097764e-08  -1.224451e-10       102.1036   0.0007148787
4  115    0  0.0   0    -0.05114527    0.003856616   9.459046e-05  -2.677057e-06   2.857874e-08  -1.096561e-10       105.6592   0.0006949521
4  115    0  0.0   1    -0.05964064    0.004913869   5.415184e-05  -1.933566e-06   2.196401e-08  -8.688225e-11        106.151    0.000694969
5  115    0  0.0   0    -0.07289223    0.006862264  -3.658289e-05  -1.398049e-08   3.014727e-09  -1.626841e-11       104.0099   0.0006797292
5  115    0  0.0   1    -0.07685759    0.007414779  -4.917736e-05   4.383048e-08   4.049892e-09  -2.466056e-11       107.4453   0.0006598033
6  115    0  0.0   0    -0.05020842    0.003832501   7.769535e-05  -1.972694e-06   1.863551e-08  -6.315649e-11       113.4834   0.0006532126
6  115    0  0.0   1    -0.05718682    0.004734981   4.487654e-05  -1.403609e-06    1.38855e-08   -4.78245e-11       113.8802   0.0006375889
7  115    0  0.0   0     -0.0760624    0.006373845  -2.659254e-05  -2.439135e-08   1.687305e-09  -7.559775e-12       117.3273   0.0006460762
7  115    0  0.0   1    -0.06782773    0.006386127  -2.575665e-05  -2.935106e-08   1.579825e-09  -6.869992e-12       117.5115    0.000677208
8  115    0  0.0   0    -0.03444246    0.002846803   9.777174e-05  -2.002994e-06   1.655406e-08  -5.007244e-11       125.3732   0.0004073978
8  115    0  0.0   1    -0.03385751    0.002639334   9.704848e-05  -1.919799e-06   1.568657e-08  -4.751212e-11        130.771   0.0003771332
9  115    0  0.0   0    -0.04346829    0.003918288   5.854186e-05  -1.322907e-06    1.08429e-08  -3.159707e-11       146.8113   0.0003788687
9  115    0  0.0   1    -0.04137017    0.003324103   7.605434e-05  -1.580343e-06   1.264219e-08  -3.631691e-11         143.74   0.0003718933
10  115    0  0.0   0    -0.05158906    0.004555037   3.663444e-05  -9.528849e-07   7.746819e-09  -2.162132e-11       157.6096   0.0003170988
10  115    0  0.0   1    -0.03455611     0.00282782   8.337087e-05  -1.529042e-06    1.10307e-08  -2.866135e-11       156.7089   0.0003335198
11  115    0  0.0   0    -0.06747534    0.005923773  -9.295113e-06  -2.380418e-07   2.508338e-09  -7.176989e-12       155.8177    0.000390821
11  115    0  0.0   1    -0.06821008    0.005720066  -6.647154e-06  -2.449082e-07   2.429928e-09  -6.805942e-12       156.5786   0.0003514668
12  115    0  0.0   0    -0.04915841    0.004060969   3.477974e-05  -6.880004e-07   4.500119e-09  -1.017784e-11       169.8647   0.0003422618
12  115    0  0.0   1    -0.06740123    0.005448531  -2.181749e-07  -2.814007e-07   2.281201e-09  -5.587511e-12       169.6068   0.0003200218
13  115    0  0.0   0    -0.05699035    0.005546661  -8.350661e-06  -1.362779e-07   1.229189e-09  -2.898946e-12       179.9077    0.000266742
13  115    0  0.0   1    -0.06702357     0.00607454  -2.056314e-05  -1.035663e-08   6.568796e-10  -1.982637e-12       177.3302   0.0003242112
14  115    0  0.0   0    -0.05274716    0.004926212    2.42669e-05  -7.526844e-07   6.141951e-09  -1.666576e-11       156.3349   0.0003024622
14  115    0  0.0   1    -0.05529799    0.005005157   2.046127e-05  -6.893352e-07   5.695347e-09  -1.553807e-11       156.0099   0.0003659808
15  115    0  0.0   0    -0.06270123    0.006017119  -9.707953e-06  -2.608376e-07   2.750595e-09    -7.8558e-12         166.89    0.000315259
15  115    0  0.0   1    -0.05831024    0.005335963   7.345463e-06  -4.480426e-07   3.677878e-09  -9.550458e-12         166.89   0.0003314919
16  115    0  0.0   0    -0.06053074    0.005014027   1.348289e-05  -4.643037e-07   3.367609e-09  -7.965814e-12         183.07   0.0003051793
16  115    0  0.0   1     -0.0520287    0.004039742   3.693245e-05  -7.178072e-07   4.619366e-09  -1.026285e-11         183.07   0.0002705183
17  115    0  0.0   0    -0.05065273    0.004223215   3.279824e-05   -6.43611e-07   3.967999e-09  -8.336858e-12       210.3947   0.0003188653
17  115    0  0.0   1    -0.05113617    0.003914264   3.827166e-05  -6.952141e-07    4.22196e-09  -8.838879e-12        207.809   0.0003072474
18  115    0  0.0   0    -0.07544585    0.006293275  -2.142183e-05  -9.397198e-09   5.626713e-10  -1.525746e-12       196.6393   0.0002678472
18  115    0  0.0   1    -0.06151326    0.004543031   1.769106e-05  -4.035878e-07   2.389524e-09  -4.697324e-12       198.0219    0.000287607
19  115    0  0.0   0    -0.08231777      0.0074816  -5.542309e-05   4.136659e-07  -1.842128e-09   3.517033e-12        194.025   0.0004853088
19  115    0  0.0   1    -0.08344855    0.007158619   -5.05605e-05   3.818269e-07  -1.755811e-09   3.446017e-12        194.025    0.000543229
20  115    0  0.0   0    -0.05600708    0.005595561   -3.05416e-06  -2.755334e-07   2.384558e-09  -6.042976e-12         177.45   0.0002483052
20  115    0  0.0   1    -0.05419481    0.005342171   2.207194e-06  -3.177327e-07   2.515958e-09  -6.147847e-12         177.45   0.0002909458
21  115    0  0.0   0    -0.05679661    0.005449186    1.06102e-07  -2.856765e-07   2.224379e-09  -5.217836e-12          189.3   0.0002066137
21  115    0  0.0   1    -0.05074898    0.004905728   1.210507e-05  -4.052402e-07   2.780417e-09  -6.198212e-12          189.3   0.0002395464
22  115    0  0.0   0    -0.06187789    0.006397634   -2.66535e-05   3.862018e-08    4.16509e-10  -1.448038e-12         192.65   0.0002385309
22  115    0  0.0   1    -0.06121531    0.006265856  -2.281741e-05  -4.780914e-09   6.184036e-10  -1.771872e-12         192.65   0.0002193421
23  115    0  0.0   0    -0.05060563    0.005880311  -1.523362e-05  -7.746925e-08   9.324189e-10  -2.261645e-12         206.64   0.0001801184
23  115    0  0.0   1      -0.022506    0.004941023  -1.099437e-05  -6.345164e-09   2.907887e-10  -8.990178e-13       207.0041   0.0002206558
24  115    0  0.0   0    -0.04008023    0.005038891   5.231345e-06  -2.877513e-07   1.878455e-09  -3.798733e-12       240.4478   0.0003009325
24  115    0  0.0   1    -0.04003573    0.005060079   3.153889e-06  -2.557625e-07   1.693727e-09  -3.436551e-12          224.4   0.0001300651
25  115    0  0.0   0    -0.04032972    0.005043001   2.385829e-06  -2.254921e-07   1.426075e-09  -2.745144e-12          234.6    0.000124573
25  115    0  0.0   1    -0.04650666    0.005214587  -1.957206e-06  -1.796113e-07   1.209248e-09  -2.369109e-12          234.6   8.704879e-05
26  115    0  0.0   0    -0.06408437    0.006167617  -2.403971e-05   4.283356e-08   2.465318e-10  -8.534382e-13       193.5718   0.0002773542
26  115    0  0.0   1    -0.06367882    0.006080748  -2.059649e-05  -6.023749e-09   5.403932e-10  -1.485987e-12       194.1544   0.0003443244
27  115    0  0.0   0    -0.07380157    0.006468793  -2.931359e-05   9.379263e-08  -1.452364e-11  -3.513772e-13       202.8332   0.0002977425
27  115    0  0.0   1    -0.06995361    0.006210279  -2.410126e-05   4.802254e-08    1.59491e-10  -5.743064e-13         202.55    0.000288162
28  115    0  0.0   0    -0.06637837    0.006321062  -2.624129e-05   6.377606e-08   9.840204e-11  -4.784287e-13        210.125   0.0002777647
28  115    0  0.0   1    -0.06608291    0.006318037   -2.79184e-05   9.365212e-08  -9.033635e-11  -7.424561e-14       210.4119   0.0002740856
29  115    0  0.0   0    -0.06570423    0.006708063  -3.667921e-05   1.818181e-07  -5.007375e-10   6.162778e-13       216.4343    0.000220828
29  115    0  0.0   1    -0.06204458    0.006380514  -2.857802e-05   9.424641e-08   -7.96786e-11  -1.209273e-13       216.8968   0.0002186277
30  115    0  0.0   0    -0.04926827    0.006369335  -2.889665e-05   9.387506e-08   -6.62253e-11  -1.540468e-13       224.4035   0.0001441783
30  115    0  0.0   1    -0.05087566    0.006519359  -3.463462e-05   1.701832e-07  -4.894727e-10   6.707333e-13       222.9679   0.0001940923
31  115    0  0.0   0     -0.0322016    0.005353325  -6.685553e-06  -1.195152e-07   8.515686e-10  -1.617812e-12         239.84   8.896446e-05
31  115    0  0.0   1    -0.03914676    0.005722651  -1.559798e-05  -2.902848e-08   4.424028e-10  -9.402301e-13         239.84   3.702576e-05
32  115    0  0.0   0    -0.05337751    0.006025407  -1.999375e-05  -5.902705e-09   4.737299e-10    -1.2449e-12       204.7062   0.0002377015
32  115    0  0.0   1    -0.06104607    0.006631649  -3.491775e-05    1.58614e-07  -3.544054e-10   3.001778e-13       203.0835   0.0002611566
33  115    0  0.0   0    -0.05280976    0.005999081  -1.972034e-05  -4.254041e-09   4.253824e-10  -1.069063e-12       212.8348   0.0001962223
33  115    0  0.0   1     -0.0515669      0.0059876  -1.927365e-05  -4.619034e-09   3.963741e-10  -9.635564e-13       213.2903   0.0001998861
34  115    0  0.0   0    -0.06146908    0.006950613  -4.212022e-05   2.296032e-07  -7.012267e-10    9.51198e-13       217.1954   0.0002086283
34  115    0  0.0   1    -0.05747684    0.006815555  -4.077825e-05   2.247648e-07  -6.946905e-10   9.418932e-13       218.2263   0.0002099961
35  115    0  0.0   0    -0.04945941    0.006490749  -3.251982e-05   1.337457e-07  -2.642987e-10   2.080138e-13       227.0843   0.0001841704
35  115    0  0.0   1    -0.05296675    0.006700597  -3.767579e-05   1.895091e-07  -5.363906e-10   6.938863e-13        226.093   0.0002416026
36  115    0  0.0   0    -0.04743779      0.0064441  -3.236093e-05    1.40681e-07  -3.328724e-10   3.691314e-13         234.85    0.000126341
36  115    0  0.0   1    -0.04933793      0.0064513  -3.192267e-05   1.310908e-07  -2.710804e-10   2.425527e-13         234.85   0.0001954004
37  115    0  0.0   0    -0.04449302    0.006534331  -3.634191e-05   1.863088e-07  -5.444955e-10   7.132805e-13       242.1143    0.000138402
37  115    0  0.0   1    -0.04225087    0.006356488  -3.140857e-05   1.350249e-07  -3.160435e-10   3.439308e-13       242.5245   9.558101e-05
38  115    0  0.0   0      -0.050919    0.006696311  -4.010618e-05   2.307423e-07  -7.635219e-10   1.131625e-12       215.2015   0.0002110103
38  115    0  0.0   1    -0.04697438    0.006441488  -3.352127e-05    1.55748e-07  -3.791356e-10   4.037317e-13       217.4553   0.0001862676
39  115    0  0.0   0    -0.04677104    0.006479636  -3.329656e-05   1.452749e-07  -3.155672e-10   2.852339e-13       223.8086   0.0001523642
39  115    0  0.0   1    -0.04560818    0.006441581  -3.315569e-05   1.536033e-07  -3.987217e-10   4.936016e-13       223.9381   0.0001445759
40  115    0  0.0   0    -0.04505037    0.006462309  -3.440501e-05   1.688665e-07  -4.765874e-10    6.29763e-13       228.8884   0.0001783315
40  115    0  0.0   1    -0.04518841    0.006549798  -3.508348e-05   1.671307e-07  -4.450498e-10   5.531869e-13       229.4899   0.0001776417
41  115    0  0.0   0    -0.04338172    0.006520456  -3.531307e-05   1.722048e-07  -4.692806e-10   5.743565e-13       237.9356   0.0001228643
41  115    0  0.0   1    -0.04364564    0.006596721  -3.605275e-05   1.723089e-07  -4.493149e-10   5.220931e-13       237.9801   0.0001664925
42  115    0  0.0   0    -0.04256097    0.006565529  -3.595325e-05    1.73931e-07  -4.670207e-10   5.642492e-13       245.7647   9.243393e-05
42  115    0  0.0   1     -0.0370695    0.006348583  -3.252978e-05   1.516302e-07  -4.063526e-10    5.08704e-13         246.18    0.000129694
43  115    0  0.0   0    -0.04449104    0.006595203  -3.601139e-05   1.716834e-07  -4.491047e-10   5.148237e-13       253.1246   0.0001231478
43  115    0  0.0   1    -0.04021115    0.006383702  -3.224752e-05   1.438052e-07  -3.633599e-10   4.276497e-13       253.4589   9.810442e-05
44  115    0  0.0   0    -0.05558596    0.006471043  -3.303611e-05   1.550144e-07  -4.237788e-10   5.609564e-13       224.9344    0.000173171
44  115    0  0.0   1    -0.05592448    0.006403702  -2.930624e-05   1.030073e-07    -1.4249e-10   3.194381e-14       228.8772   0.0001203603
45  115    0  0.0   0    -0.04823833    0.006233339  -2.783045e-05   1.000247e-07  -1.644756e-10   1.087213e-13       231.0936    0.000223679
45  115    0  0.0   1    -0.04655666    0.006122951  -2.521596e-05   7.613073e-08  -6.984374e-11  -3.070984e-14       234.4072   0.0001750787
46  115    0  0.0   0    -0.04562621    0.006637329  -3.807971e-05   2.018964e-07  -6.157429e-10   8.423065e-13       236.5909   0.0002179072
46  115    0  0.0   1    -0.04702165    0.006529485   -3.46718e-05   1.645867e-07    -4.4292e-10   5.495383e-13       237.9297   0.0001823575
47  115    0  0.0   0    -0.03568117    0.006315666  -3.147834e-05   1.368993e-07  -3.270136e-10   3.675693e-13       245.3404   0.0001157378
47  115    0  0.0   1     -0.0394281     0.00656954  -3.767517e-05   2.021911e-07   -6.29045e-10   8.669982e-13       245.2935   0.0001791953
48  115    0  0.0   0    -0.04565631    0.006364074  -3.205772e-05   1.494366e-07  -4.122887e-10   5.310305e-13       252.9101   0.0001761935
48  115    0  0.0   1    -0.04350518     0.00650238  -3.512028e-05   1.745962e-07  -5.054576e-10   6.618526e-13       252.6918   0.0001882362
49  115    0  0.0   0    -0.02634727    0.005945986  -2.684487e-05   1.126815e-07  -2.775743e-10   3.330591e-13       258.7872   0.0001200353
49  115    0  0.0   1    -0.02972454     0.00611572   -2.95325e-05   1.344647e-07  -3.641859e-10   4.649629e-13       259.7467   0.0001164658
50  115    0  0.0   0    -0.05316496    0.006241629  -2.771009e-05   1.000714e-07  -1.703118e-10   1.204385e-13       237.7003   0.0002098567
50  115    0  0.0   1    -0.05148157    0.006168434  -2.498448e-05   6.717949e-08  -7.054464e-12  -1.665714e-13       238.7592   0.0001811179
51  115    0  0.0   0    -0.06209909    0.006089069  -2.330898e-05   5.933895e-08   -1.39654e-11  -1.005342e-13       247.9727   2.171429e-05
51  115    0  0.0   1    -0.06940582    0.006596566  -3.259717e-05   1.379472e-07  -3.279175e-10    3.74799e-13       245.7189   0.0001664677
52  115    0  0.0   0    -0.04893276    0.006433251   -3.25931e-05   1.461438e-07  -3.742998e-10   4.512418e-13       249.3416   0.0001141566
52  115    0  0.0   1    -0.05289872    0.006769861  -3.804287e-05   1.875848e-07  -5.231469e-10   6.551922e-13       250.2227   7.959196e-05
53  115    0  0.0   0    -0.03600265    0.006256593  -3.066658e-05   1.344741e-07  -3.373255e-10   4.015982e-13       255.0942   0.0001145687
53  115    0  0.0   1    -0.03368325    0.006387804   -3.39598e-05   1.647521e-07  -4.555965e-10   5.674795e-13       255.4804   0.0001075396
54  115    0  0.0   0    -0.03625673    0.006396886  -3.412194e-05   1.667581e-07  -4.708431e-10   5.943339e-13       262.4785   0.0001230842
54  115    0  0.0   1     -0.0316275      0.0063964  -3.365382e-05   1.580986e-07  -4.252127e-10   5.203971e-13            263   0.0001275953
55  115    0  0.0   0      -0.016296     0.00591068  -2.694502e-05   1.071392e-07   -2.56941e-10   2.883394e-13       297.7116   3.484455e-05
55  115    0  0.0   1   -0.007349401    0.005786585  -2.548544e-05   9.932234e-08  -2.374763e-10   2.701804e-13       297.2016   0.0001114258
