0  0
0  1
0  2
0  3
0  4
0  5
0  6
0  7
0  8
0  9
0  10
0  11
0  12
0  13
0  14
0  15
0  16
0  17
0  18
0  19
0  20
0  21
0  22
0  23
0  24
0  25
0  26
0  27
0  28
0  29
0  30
0  31
0  32
0  33
0  34
0  35
0  36
0  37
0  38
0  39
0  40
0  41
0  42
0  43
0  44
0  45
0  46
0  47
0  72
0  73
0  74
0  75
0  76
0  77
0  78
0  79
0  80
0  81
0  82
0  83
0  84
0  85
0  86
0  87
0  88
0  89
0  90
0  91
0  92
0  93
0  94
0  95
0  96
0  97
0  98
0  99
0  100
0  101
0  102
0  103
0  104
0  105
0  106
0  107
0  108
0  109
0  110
0  111
0  112
0  113
0  114
0  115
0  116
0  117
0  118
0  119
1  0
1  1
1  2
1  3
1  4
1  5
1  6
1  7
1  8
1  9
1  10
1  11
1  12
1  13
1  14
1  15
1  16
1  17
1  18
1  19
1  20
1  21
1  22
1  23
1  24
1  25
1  26
1  27
1  28
1  29
1  30
1  31
1  32
1  33
1  34
1  35
1  36
1  37
1  38
1  39
1  40
1  41
1  42
1  43
1  44
1  45
1  46
1  47
1  72
1  73
1  74
1  75
1  76
1  77
1  78
1  79
1  80
1  81
1  82
1  83
1  84
1  85
1  86
1  87
1  88
1  89
1  90
1  91
1  92
1  93
1  94
1  95
1  96
1  97
1  98
1  99
1  100
1  101
1  102
1  103
1  104
1  105
1  106
1  107
1  108
1  109
1  110
1  111
1  112
1  113
1  114
1  115
1  116
1  117
1  118
1  119
2  0
2  1
2  2
2  3
2  4
2  5
2  6
2  7
2  8
2  9
2  10
2  11
2  12
2  13
2  14
2  15
2  16
2  17
2  18
2  19
2  20
2  21
2  22
2  23
2  24
2  25
2  26
2  27
2  28
2  29
2  30
2  31
2  32
2  33
2  34
2  35
2  36
2  37
2  38
2  39
2  40
2  41
2  42
2  43
2  44
2  45
2  46
2  47
2  64
2  65
2  66
2  67
2  68
2  69
2  70
2  71
2  72
2  73
2  74
2  75
2  76
2  77
2  78
2  79
2  80
2  81
2  82
2  83
2  84
2  85
2  86
2  87
2  88
2  89
2  90
2  91
2  92
2  93
2  94
2  95
2  96
2  97
2  98
2  99
2  100
2  101
2  102
2  103
2  104
2  105
2  106
2  107
2  108
2  109
2  110
2  111
2  112
2  113
2  114
2  115
2  116
2  117
2  118
2  119
2  120
2  121
2  122
2  123
2  124
2  125
2  126
2  127
2  144
2  145
2  146
2  147
2  148
2  149
2  150
2  151
2  152
2  153
2  154
2  155
2  156
2  157
2  158
2  159
3  0
3  1
3  2
3  3
3  4
3  5
3  6
3  7
3  8
3  9
3  10
3  11
3  12
3  13
3  14
3  15
3  16
3  17
3  18
3  19
3  20
3  21
3  22
3  23
3  24
3  25
3  26
3  27
3  28
3  29
3  30
3  31
3  32
3  33
3  34
3  35
3  36
3  37
3  38
3  39
3  40
3  41
3  42
3  43
3  44
3  45
3  46
3  47
3  64
3  65
3  66
3  67
3  68
3  69
3  70
3  71
3  72
3  73
3  74
3  75
3  76
3  77
3  78
3  79
3  80
3  81
3  82
3  83
3  84
3  85
3  86
3  87
3  88
3  89
3  90
3  91
3  92
3  93
3  94
3  95
3  96
3  97
3  98
3  99
3  100
3  101
3  102
3  103
3  104
3  105
3  106
3  107
3  108
3  109
3  110
3  111
3  112
3  113
3  114
3  115
3  116
3  117
3  118
3  119
3  120
3  121
3  122
3  123
3  124
3  125
3  126
3  127
3  144
3  145
3  146
3  147
3  148
3  149
3  150
3  151
3  152
3  153
3  154
3  155
3  156
3  157
3  158
3  159
4  0
4  1
4  2
4  3
4  4
4  5
4  6
4  7
4  8
4  9
4  10
4  11
4  12
4  13
4  14
4  15
4  16
4  17
4  18
4  19
4  20
4  21
4  22
4  23
4  24
4  25
4  26
4  27
4  28
4  29
4  30
4  31
4  32
4  33
4  34
4  35
4  36
4  37
4  38
4  39
4  40
4  41
4  42
4  43
4  44
4  45
4  46
4  47
4  64
4  65
4  66
4  67
4  68
4  69
4  70
4  71
4  72
4  73
4  74
4  75
4  76
4  77
4  78
4  79
4  80
4  81
4  82
4  83
4  84
4  85
4  86
4  87
4  88
4  89
4  90
4  91
4  92
4  93
4  94
4  95
4  96
4  97
4  98
4  99
4  100
4  101
4  102
4  103
4  104
4  105
4  106
4  107
4  108
4  109
4  110
4  111
4  112
4  113
4  114
4  115
4  116
4  117
4  118
4  119
4  120
4  121
4  122
4  123
4  124
4  125
4  126
4  127
4  144
4  145
4  146
4  147
4  148
4  149
4  150
4  151
4  152
4  153
4  154
4  155
4  156
4  157
4  158
4  159
5  0
5  1
5  2
5  3
5  4
5  5
5  6
5  7
5  8
5  9
5  10
5  11
5  12
5  13
5  14
5  15
5  16
5  17
5  18
5  19
5  20
5  21
5  22
5  23
5  24
5  25
5  26
5  27
5  28
5  29
5  30
5  31
5  32
5  33
5  34
5  35
5  36
5  37
5  38
5  39
5  40
5  41
5  42
5  43
5  44
5  45
5  46
5  47
5  64
5  65
5  66
5  67
5  68
5  69
5  70
5  71
5  72
5  73
5  74
5  75
5  76
5  77
5  78
5  79
5  80
5  81
5  82
5  83
5  84
5  85
5  86
5  87
5  88
5  89
5  90
5  91
5  92
5  93
5  94
5  95
5  96
5  97
5  98
5  99
5  100
5  101
5  102
5  103
5  104
5  105
5  106
5  107
5  108
5  109
5  110
5  111
5  112
5  113
5  114
5  115
5  116
5  117
5  118
5  119
5  120
5  121
5  122
5  123
5  124
5  125
5  126
5  127
5  144
5  145
5  146
5  147
5  148
5  149
5  150
5  151
5  152
5  153
5  154
5  155
5  156
5  157
5  158
5  159
6  0
6  1
6  2
6  3
6  4
6  5
6  6
6  7
6  8
6  9
6  10
6  11
6  12
6  13
6  14
6  15
6  16
6  17
6  18
6  19
6  20
6  21
6  22
6  23
6  24
6  25
6  26
6  27
6  28
6  29
6  30
6  31
6  32
6  33
6  34
6  35
6  36
6  37
6  38
6  39
6  40
6  41
6  42
6  43
6  44
6  45
6  46
6  47
6  64
6  65
6  66
6  67
6  68
6  69
6  70
6  71
6  72
6  73
6  74
6  75
6  76
6  77
6  78
6  79
6  80
6  81
6  82
6  83
6  84
6  85
6  86
6  87
6  88
6  89
6  90
6  91
6  92
6  93
6  94
6  95
6  96
6  97
6  98
6  99
6  100
6  101
6  102
6  103
6  104
6  105
6  106
6  107
6  108
6  109
6  110
6  111
6  112
6  113
6  114
6  115
6  116
6  117
6  118
6  119
6  120
6  121
6  122
6  123
6  124
6  125
6  126
6  127
6  144
6  145
6  146
6  147
6  148
6  149
6  150
6  151
6  152
6  153
6  154
6  155
6  156
6  157
6  158
6  159
7  0
7  1
7  2
7  3
7  4
7  5
7  6
7  7
7  8
7  9
7  10
7  11
7  12
7  13
7  14
7  15
7  16
7  17
7  18
7  19
7  20
7  21
7  22
7  23
7  24
7  25
7  26
7  27
7  28
7  29
7  30
7  31
7  32
7  33
7  34
7  35
7  36
7  37
7  38
7  39
7  40
7  41
7  42
7  43
7  44
7  45
7  46
7  47
7  64
7  65
7  66
7  67
7  68
7  69
7  70
7  71
7  72
7  73
7  74
7  75
7  76
7  77
7  78
7  79
7  80
7  81
7  82
7  83
7  84
7  85
7  86
7  87
7  88
7  89
7  90
7  91
7  92
7  93
7  94
7  95
7  96
7  97
7  98
7  99
7  100
7  101
7  102
7  103
7  104
7  105
7  106
7  107
7  108
7  109
7  110
7  111
7  112
7  113
7  114
7  115
7  116
7  117
7  118
7  119
7  120
7  121
7  122
7  123
7  124
7  125
7  126
7  127
7  144
7  145
7  146
7  147
7  148
7  149
7  150
7  151
7  152
7  153
7  154
7  155
7  156
7  157
7  158
7  159
8  0
8  1
8  2
8  3
8  4
8  5
8  6
8  7
8  8
8  9
8  10
8  11
8  12
8  13
8  14
8  15
8  16
8  17
8  18
8  19
8  20
8  21
8  22
8  23
8  24
8  25
8  26
8  27
8  28
8  29
8  30
8  31
8  32
8  33
8  34
8  35
8  36
8  37
8  38
8  39
8  40
8  41
8  42
8  43
8  44
8  45
8  46
8  47
8  64
8  65
8  66
8  67
8  68
8  69
8  70
8  71
8  72
8  73
8  74
8  75
8  76
8  77
8  78
8  79
8  80
8  81
8  82
8  83
8  84
8  85
8  86
8  87
8  88
8  89
8  90
8  91
8  92
8  93
8  94
8  95
8  96
8  97
8  98
8  99
8  100
8  101
8  102
8  103
8  104
8  105
8  106
8  107
8  108
8  109
8  110
8  111
8  112
8  113
8  114
8  115
8  116
8  117
8  118
8  119
8  120
8  121
8  122
8  123
8  124
8  125
8  126
8  127
8  144
8  145
8  146
8  147
8  148
8  149
8  150
8  151
8  152
8  153
8  154
8  155
8  156
8  157
8  158
8  159
9  0
9  1
9  2
9  3
9  4
9  5
9  6
9  7
9  8
9  9
9  10
9  11
9  12
9  13
9  14
9  15
9  16
9  17
9  18
9  19
9  20
9  21
9  22
9  23
9  24
9  25
9  26
9  27
9  28
9  29
9  30
9  31
9  32
9  33
9  34
9  35
9  36
9  37
9  38
9  39
9  40
9  41
9  42
9  43
9  44
9  45
9  46
9  47
9  64
9  65
9  66
9  67
9  68
9  69
9  70
9  71
9  72
9  73
9  74
9  75
9  76
9  77
9  78
9  79
9  80
9  81
9  82
9  83
9  84
9  85
9  86
9  87
9  88
9  89
9  90
9  91
9  92
9  93
9  94
9  95
9  96
9  97
9  98
9  99
9  100
9  101
9  102
9  103
9  104
9  105
9  106
9  107
9  108
9  109
9  110
9  111
9  112
9  113
9  114
9  115
9  116
9  117
9  118
9  119
9  120
9  121
9  122
9  123
9  124
9  125
9  126
9  127
9  144
9  145
9  146
9  147
9  148
9  149
9  150
9  151
9  152
9  153
9  154
9  155
9  156
9  157
9  158
9  159
10  0
10  1
10  2
10  3
10  4
10  5
10  6
10  7
10  8
10  9
10  10
10  11
10  12
10  13
10  14
10  15
10  16
10  17
10  18
10  19
10  20
10  21
10  22
10  23
10  24
10  25
10  26
10  27
10  28
10  29
10  30
10  31
10  32
10  33
10  34
10  35
10  36
10  37
10  38
10  39
10  40
10  41
10  42
10  43
10  44
10  45
10  46
10  47
10  64
10  65
10  66
10  67
10  68
10  69
10  70
10  71
10  72
10  73
10  74
10  75
10  76
10  77
10  78
10  79
10  80
10  81
10  82
10  83
10  84
10  85
10  86
10  87
10  88
10  89
10  90
10  91
10  92
10  93
10  94
10  95
10  96
10  97
10  98
10  99
10  100
10  101
10  102
10  103
10  104
10  105
10  106
10  107
10  108
10  109
10  110
10  111
10  112
10  113
10  114
10  115
10  116
10  117
10  118
10  119
10  120
10  121
10  122
10  123
10  124
10  125
10  126
10  127
10  144
10  145
10  146
10  147
10  148
10  149
10  150
10  151
10  152
10  153
10  154
10  155
10  156
10  157
10  158
10  159
11  0
11  1
11  2
11  3
11  4
11  5
11  6
11  7
11  8
11  9
11  10
11  11
11  12
11  13
11  14
11  15
11  16
11  17
11  18
11  19
11  20
11  21
11  22
11  23
11  24
11  25
11  26
11  27
11  28
11  29
11  30
11  31
11  32
11  33
11  34
11  35
11  36
11  37
11  38
11  39
11  40
11  41
11  42
11  43
11  44
11  45
11  46
11  47
11  64
11  65
11  66
11  67
11  68
11  69
11  70
11  71
11  72
11  73
11  74
11  75
11  76
11  77
11  78
11  79
11  80
11  81
11  82
11  83
11  84
11  85
11  86
11  87
11  88
11  89
11  90
11  91
11  92
11  93
11  94
11  95
11  96
11  97
11  98
11  99
11  100
11  101
11  102
11  103
11  104
11  105
11  106
11  107
11  108
11  109
11  110
11  111
11  112
11  113
11  114
11  115
11  116
11  117
11  118
11  119
11  120
11  121
11  122
11  123
11  124
11  125
11  126
11  127
11  144
11  145
11  146
11  147
11  148
11  149
11  150
11  151
11  152
11  153
11  154
11  155
11  156
11  157
11  158
11  159
12  0
12  1
12  2
12  3
12  4
12  5
12  6
12  7
12  8
12  9
12  10
12  11
12  12
12  13
12  14
12  15
12  16
12  17
12  18
12  19
12  20
12  21
12  22
12  23
12  24
12  25
12  26
12  27
12  28
12  29
12  30
12  31
12  32
12  33
12  34
12  35
12  36
12  37
12  38
12  39
12  40
12  41
12  42
12  43
12  44
12  45
12  46
12  47
12  64
12  65
12  66
12  67
12  68
12  69
12  70
12  71
12  72
12  73
12  74
12  75
12  76
12  77
12  78
12  79
12  80
12  81
12  82
12  83
12  84
12  85
12  86
12  87
12  88
12  89
12  90
12  91
12  92
12  93
12  94
12  95
12  96
12  97
12  98
12  99
12  100
12  101
12  102
12  103
12  104
12  105
12  106
12  107
12  108
12  109
12  110
12  111
12  112
12  113
12  114
12  115
12  116
12  117
12  118
12  119
12  120
12  121
12  122
12  123
12  124
12  125
12  126
12  127
12  144
12  145
12  146
12  147
12  148
12  149
12  150
12  151
12  152
12  153
12  154
12  155
12  156
12  157
12  158
12  159
13  0
13  1
13  2
13  3
13  4
13  5
13  6
13  7
13  8
13  9
13  10
13  11
13  12
13  13
13  14
13  15
13  16
13  17
13  18
13  19
13  20
13  21
13  22
13  23
13  24
13  25
13  26
13  27
13  28
13  29
13  30
13  31
13  32
13  33
13  34
13  35
13  36
13  37
13  38
13  39
13  40
13  41
13  42
13  43
13  44
13  45
13  46
13  47
13  64
13  65
13  66
13  67
13  68
13  69
13  70
13  71
13  72
13  73
13  74
13  75
13  76
13  77
13  78
13  79
13  80
13  81
13  82
13  83
13  84
13  85
13  86
13  87
13  88
13  89
13  90
13  91
13  92
13  93
13  94
13  95
13  96
13  97
13  98
13  99
13  100
13  101
13  102
13  103
13  104
13  105
13  106
13  107
13  108
13  109
13  110
13  111
13  112
13  113
13  114
13  115
13  116
13  117
13  118
13  119
13  120
13  121
13  122
13  123
13  124
13  125
13  126
13  127
13  144
13  145
13  146
13  147
13  148
13  149
13  150
13  151
13  152
13  153
13  154
13  155
13  156
13  157
13  158
13  159
14  0
14  1
14  2
14  3
14  4
14  5
14  6
14  7
14  8
14  9
14  10
14  11
14  12
14  13
14  14
14  15
14  16
14  17
14  18
14  19
14  20
14  21
14  22
14  23
14  24
14  25
14  26
14  27
14  28
14  29
14  30
14  31
14  32
14  33
14  34
14  35
14  36
14  37
14  38
14  39
14  40
14  41
14  42
14  43
14  44
14  45
14  46
14  47
14  48
14  49
14  50
14  51
14  52
14  53
14  54
14  55
14  56
14  57
14  58
14  59
14  60
14  61
14  62
14  63
14  80
14  81
14  82
14  83
14  84
14  85
14  86
14  87
14  88
14  89
14  90
14  91
14  92
14  93
14  94
14  95
14  96
14  97
14  98
14  99
14  100
14  101
14  102
14  103
14  104
14  105
14  106
14  107
14  108
14  109
14  110
14  111
14  112
14  113
14  114
14  115
14  116
14  117
14  118
14  119
14  120
14  121
14  122
14  123
14  124
14  125
14  126
14  127
14  128
14  129
14  130
14  131
14  132
14  133
14  134
14  135
14  136
14  137
14  138
14  139
14  140
14  141
14  142
14  143
14  144
14  145
14  146
14  147
14  148
14  149
14  150
14  151
14  152
14  153
14  154
14  155
14  156
14  157
14  158
14  159
14  176
14  177
14  178
14  179
14  180
14  181
14  182
14  183
14  184
14  185
14  186
14  187
14  188
14  189
14  190
14  191
15  0
15  1
15  2
15  3
15  4
15  5
15  6
15  7
15  8
15  9
15  10
15  11
15  12
15  13
15  14
15  15
15  16
15  17
15  18
15  19
15  20
15  21
15  22
15  23
15  24
15  25
15  26
15  27
15  28
15  29
15  30
15  31
15  32
15  33
15  34
15  35
15  36
15  37
15  38
15  39
15  40
15  41
15  42
15  43
15  44
15  45
15  46
15  47
15  48
15  49
15  50
15  51
15  52
15  53
15  54
15  55
15  56
15  57
15  58
15  59
15  60
15  61
15  62
15  63
15  80
15  81
15  82
15  83
15  84
15  85
15  86
15  87
15  88
15  89
15  90
15  91
15  92
15  93
15  94
15  95
15  96
15  97
15  98
15  99
15  100
15  101
15  102
15  103
15  104
15  105
15  106
15  107
15  108
15  109
15  110
15  111
15  112
15  113
15  114
15  115
15  116
15  117
15  118
15  119
15  120
15  121
15  122
15  123
15  124
15  125
15  126
15  127
15  128
15  129
15  130
15  131
15  132
15  133
15  134
15  135
15  136
15  137
15  138
15  139
15  140
15  141
15  142
15  143
15  144
15  145
15  146
15  147
15  148
15  149
15  150
15  151
15  152
15  153
15  154
15  155
15  156
15  157
15  158
15  159
15  176
15  177
15  178
15  179
15  180
15  181
15  182
15  183
15  184
15  185
15  186
15  187
15  188
15  189
15  190
15  191
16  0
16  1
16  2
16  3
16  4
16  5
16  6
16  7
16  8
16  9
16  10
16  11
16  12
16  13
16  14
16  15
16  16
16  17
16  18
16  19
16  20
16  21
16  22
16  23
16  24
16  25
16  26
16  27
16  28
16  29
16  30
16  31
16  32
16  33
16  34
16  35
16  36
16  37
16  38
16  39
16  40
16  41
16  42
16  43
16  44
16  45
16  46
16  47
16  48
16  49
16  50
16  51
16  52
16  53
16  54
16  55
16  56
16  57
16  58
16  59
16  60
16  61
16  62
16  63
16  80
16  81
16  82
16  83
16  84
16  85
16  86
16  87
16  88
16  89
16  90
16  91
16  92
16  93
16  94
16  95
16  96
16  97
16  98
16  99
16  100
16  101
16  102
16  103
16  104
16  105
16  106
16  107
16  108
16  109
16  110
16  111
16  112
16  113
16  114
16  115
16  116
16  117
16  118
16  119
16  120
16  121
16  122
16  123
16  124
16  125
16  126
16  127
16  128
16  129
16  130
16  131
16  132
16  133
16  134
16  135
16  136
16  137
16  138
16  139
16  140
16  141
16  142
16  143
16  144
16  145
16  146
16  147
16  148
16  149
16  150
16  151
16  152
16  153
16  154
16  155
16  156
16  157
16  158
16  159
16  176
16  177
16  178
16  179
16  180
16  181
16  182
16  183
16  184
16  185
16  186
16  187
16  188
16  189
16  190
16  191
17  0
17  1
17  2
17  3
17  4
17  5
17  6
17  7
17  8
17  9
17  10
17  11
17  12
17  13
17  14
17  15
17  16
17  17
17  18
17  19
17  20
17  21
17  22
17  23
17  24
17  25
17  26
17  27
17  28
17  29
17  30
17  31
17  32
17  33
17  34
17  35
17  36
17  37
17  38
17  39
17  40
17  41
17  42
17  43
17  44
17  45
17  46
17  47
17  48
17  49
17  50
17  51
17  52
17  53
17  54
17  55
17  56
17  57
17  58
17  59
17  60
17  61
17  62
17  63
17  80
17  81
17  82
17  83
17  84
17  85
17  86
17  87
17  88
17  89
17  90
17  91
17  92
17  93
17  94
17  95
17  96
17  97
17  98
17  99
17  100
17  101
17  102
17  103
17  104
17  105
17  106
17  107
17  108
17  109
17  110
17  111
17  112
17  113
17  114
17  115
17  116
17  117
17  118
17  119
17  120
17  121
17  122
17  123
17  124
17  125
17  126
17  127
17  128
17  129
17  130
17  131
17  132
17  133
17  134
17  135
17  136
17  137
17  138
17  139
17  140
17  141
17  142
17  143
17  144
17  145
17  146
17  147
17  148
17  149
17  150
17  151
17  152
17  153
17  154
17  155
17  156
17  157
17  158
17  159
17  176
17  177
17  178
17  179
17  180
17  181
17  182
17  183
17  184
17  185
17  186
17  187
17  188
17  189
17  190
17  191
18  0
18  1
18  2
18  3
18  4
18  5
18  6
18  7
18  8
18  9
18  10
18  11
18  12
18  13
18  14
18  15
18  16
18  17
18  18
18  19
18  20
18  21
18  22
18  23
18  24
18  25
18  26
18  27
18  28
18  29
18  30
18  31
18  32
18  33
18  34
18  35
18  36
18  37
18  38
18  39
18  40
18  41
18  42
18  43
18  44
18  45
18  46
18  47
18  48
18  49
18  50
18  51
18  52
18  53
18  54
18  55
18  56
18  57
18  58
18  59
18  60
18  61
18  62
18  63
18  80
18  81
18  82
18  83
18  84
18  85
18  86
18  87
18  88
18  89
18  90
18  91
18  92
18  93
18  94
18  95
18  96
18  97
18  98
18  99
18  100
18  101
18  102
18  103
18  104
18  105
18  106
18  107
18  108
18  109
18  110
18  111
18  112
18  113
18  114
18  115
18  116
18  117
18  118
18  119
18  120
18  121
18  122
18  123
18  124
18  125
18  126
18  127
18  128
18  129
18  130
18  131
18  132
18  133
18  134
18  135
18  136
18  137
18  138
18  139
18  140
18  141
18  142
18  143
18  144
18  145
18  146
18  147
18  148
18  149
18  150
18  151
18  152
18  153
18  154
18  155
18  156
18  157
18  158
18  159
18  176
18  177
18  178
18  179
18  180
18  181
18  182
18  183
18  184
18  185
18  186
18  187
18  188
18  189
18  190
18  191
19  0
19  1
19  2
19  3
19  4
19  5
19  6
19  7
19  8
19  9
19  10
19  11
19  12
19  13
19  14
19  15
19  16
19  17
19  18
19  19
19  20
19  21
19  22
19  23
19  24
19  25
19  26
19  27
19  28
19  29
19  30
19  31
19  32
19  33
19  34
19  35
19  36
19  37
19  38
19  39
19  40
19  41
19  42
19  43
19  44
19  45
19  46
19  47
19  48
19  49
19  50
19  51
19  52
19  53
19  54
19  55
19  56
19  57
19  58
19  59
19  60
19  61
19  62
19  63
19  80
19  81
19  82
19  83
19  84
19  85
19  86
19  87
19  88
19  89
19  90
19  91
19  92
19  93
19  94
19  95
19  96
19  97
19  98
19  99
19  100
19  101
19  102
19  103
19  104
19  105
19  106
19  107
19  108
19  109
19  110
19  111
19  112
19  113
19  114
19  115
19  116
19  117
19  118
19  119
19  120
19  121
19  122
19  123
19  124
19  125
19  126
19  127
19  128
19  129
19  130
19  131
19  132
19  133
19  134
19  135
19  136
19  137
19  138
19  139
19  140
19  141
19  142
19  143
19  144
19  145
19  146
19  147
19  148
19  149
19  150
19  151
19  152
19  153
19  154
19  155
19  156
19  157
19  158
19  159
19  176
19  177
19  178
19  179
19  180
19  181
19  182
19  183
19  184
19  185
19  186
19  187
19  188
19  189
19  190
19  191
20  0
20  1
20  2
20  3
20  4
20  5
20  6
20  7
20  8
20  9
20  10
20  11
20  12
20  13
20  14
20  15
20  16
20  17
20  18
20  19
20  20
20  21
20  22
20  23
20  24
20  25
20  26
20  27
20  28
20  29
20  30
20  31
20  32
20  33
20  34
20  35
20  36
20  37
20  38
20  39
20  40
20  41
20  42
20  43
20  44
20  45
20  46
20  47
20  48
20  49
20  50
20  51
20  52
20  53
20  54
20  55
20  56
20  57
20  58
20  59
20  60
20  61
20  62
20  63
20  96
20  97
20  98
20  99
20  100
20  101
20  102
20  103
20  104
20  105
20  106
20  107
20  108
20  109
20  110
20  111
20  112
20  113
20  114
20  115
20  116
20  117
20  118
20  119
20  120
20  121
20  122
20  123
20  124
20  125
20  126
20  127
20  128
20  129
20  130
20  131
20  132
20  133
20  134
20  135
20  136
20  137
20  138
20  139
20  140
20  141
20  142
20  143
20  144
20  145
20  146
20  147
20  148
20  149
20  150
20  151
20  152
20  153
20  154
20  155
20  156
20  157
20  158
20  159
20  160
20  161
20  162
20  163
20  164
20  165
20  166
20  167
20  168
20  169
20  170
20  171
20  172
20  173
20  174
20  175
20  208
20  209
20  210
20  211
20  212
20  213
20  214
20  215
20  216
20  217
20  218
20  219
20  220
20  221
20  222
20  223
21  0
21  1
21  2
21  3
21  4
21  5
21  6
21  7
21  8
21  9
21  10
21  11
21  12
21  13
21  14
21  15
21  16
21  17
21  18
21  19
21  20
21  21
21  22
21  23
21  24
21  25
21  26
21  27
21  28
21  29
21  30
21  31
21  32
21  33
21  34
21  35
21  36
21  37
21  38
21  39
21  40
21  41
21  42
21  43
21  44
21  45
21  46
21  47
21  48
21  49
21  50
21  51
21  52
21  53
21  54
21  55
21  56
21  57
21  58
21  59
21  60
21  61
21  62
21  63
21  96
21  97
21  98
21  99
21  100
21  101
21  102
21  103
21  104
21  105
21  106
21  107
21  108
21  109
21  110
21  111
21  112
21  113
21  114
21  115
21  116
21  117
21  118
21  119
21  120
21  121
21  122
21  123
21  124
21  125
21  126
21  127
21  128
21  129
21  130
21  131
21  132
21  133
21  134
21  135
21  136
21  137
21  138
21  139
21  140
21  141
21  142
21  143
21  144
21  145
21  146
21  147
21  148
21  149
21  150
21  151
21  152
21  153
21  154
21  155
21  156
21  157
21  158
21  159
21  160
21  161
21  162
21  163
21  164
21  165
21  166
21  167
21  168
21  169
21  170
21  171
21  172
21  173
21  174
21  175
21  208
21  209
21  210
21  211
21  212
21  213
21  214
21  215
21  216
21  217
21  218
21  219
21  220
21  221
21  222
21  223
22  0
22  1
22  2
22  3
22  4
22  5
22  6
22  7
22  8
22  9
22  10
22  11
22  12
22  13
22  14
22  15
22  16
22  17
22  18
22  19
22  20
22  21
22  22
22  23
22  24
22  25
22  26
22  27
22  28
22  29
22  30
22  31
22  32
22  33
22  34
22  35
22  36
22  37
22  38
22  39
22  40
22  41
22  42
22  43
22  44
22  45
22  46
22  47
22  48
22  49
22  50
22  51
22  52
22  53
22  54
22  55
22  56
22  57
22  58
22  59
22  60
22  61
22  62
22  63
22  96
22  97
22  98
22  99
22  100
22  101
22  102
22  103
22  104
22  105
22  106
22  107
22  108
22  109
22  110
22  111
22  112
22  113
22  114
22  115
22  116
22  117
22  118
22  119
22  120
22  121
22  122
22  123
22  124
22  125
22  126
22  127
22  128
22  129
22  130
22  131
22  132
22  133
22  134
22  135
22  136
22  137
22  138
22  139
22  140
22  141
22  142
22  143
22  144
22  145
22  146
22  147
22  148
22  149
22  150
22  151
22  152
22  153
22  154
22  155
22  156
22  157
22  158
22  159
22  160
22  161
22  162
22  163
22  164
22  165
22  166
22  167
22  168
22  169
22  170
22  171
22  172
22  173
22  174
22  175
22  208
22  209
22  210
22  211
22  212
22  213
22  214
22  215
22  216
22  217
22  218
22  219
22  220
22  221
22  222
22  223
23  0
23  1
23  2
23  3
23  4
23  5
23  6
23  7
23  8
23  9
23  10
23  11
23  12
23  13
23  14
23  15
23  16
23  17
23  18
23  19
23  20
23  21
23  22
23  23
23  24
23  25
23  26
23  27
23  28
23  29
23  30
23  31
23  32
23  33
23  34
23  35
23  36
23  37
23  38
23  39
23  40
23  41
23  42
23  43
23  44
23  45
23  46
23  47
23  48
23  49
23  50
23  51
23  52
23  53
23  54
23  55
23  56
23  57
23  58
23  59
23  60
23  61
23  62
23  63
23  96
23  97
23  98
23  99
23  100
23  101
23  102
23  103
23  104
23  105
23  106
23  107
23  108
23  109
23  110
23  111
23  112
23  113
23  114
23  115
23  116
23  117
23  118
23  119
23  120
23  121
23  122
23  123
23  124
23  125
23  126
23  127
23  128
23  129
23  130
23  131
23  132
23  133
23  134
23  135
23  136
23  137
23  138
23  139
23  140
23  141
23  142
23  143
23  144
23  145
23  146
23  147
23  148
23  149
23  150
23  151
23  152
23  153
23  154
23  155
23  156
23  157
23  158
23  159
23  160
23  161
23  162
23  163
23  164
23  165
23  166
23  167
23  168
23  169
23  170
23  171
23  172
23  173
23  174
23  175
23  208
23  209
23  210
23  211
23  212
23  213
23  214
23  215
23  216
23  217
23  218
23  219
23  220
23  221
23  222
23  223
24  0
24  1
24  2
24  3
24  4
24  5
24  6
24  7
24  8
24  9
24  10
24  11
24  12
24  13
24  14
24  15
24  16
24  17
24  18
24  19
24  20
24  21
24  22
24  23
24  24
24  25
24  26
24  27
24  28
24  29
24  30
24  31
24  32
24  33
24  34
24  35
24  36
24  37
24  38
24  39
24  40
24  41
24  42
24  43
24  44
24  45
24  46
24  47
24  48
24  49
24  50
24  51
24  52
24  53
24  54
24  55
24  56
24  57
24  58
24  59
24  60
24  61
24  62
24  63
24  96
24  97
24  98
24  99
24  100
24  101
24  102
24  103
24  104
24  105
24  106
24  107
24  108
24  109
24  110
24  111
24  112
24  113
24  114
24  115
24  116
24  117
24  118
24  119
24  120
24  121
24  122
24  123
24  124
24  125
24  126
24  127
24  128
24  129
24  130
24  131
24  132
24  133
24  134
24  135
24  136
24  137
24  138
24  139
24  140
24  141
24  142
24  143
24  144
24  145
24  146
24  147
24  148
24  149
24  150
24  151
24  152
24  153
24  154
24  155
24  156
24  157
24  158
24  159
24  160
24  161
24  162
24  163
24  164
24  165
24  166
24  167
24  168
24  169
24  170
24  171
24  172
24  173
24  174
24  175
24  208
24  209
24  210
24  211
24  212
24  213
24  214
24  215
24  216
24  217
24  218
24  219
24  220
24  221
24  222
24  223
25  0
25  1
25  2
25  3
25  4
25  5
25  6
25  7
25  8
25  9
25  10
25  11
25  12
25  13
25  14
25  15
25  16
25  17
25  18
25  19
25  20
25  21
25  22
25  23
25  24
25  25
25  26
25  27
25  28
25  29
25  30
25  31
25  32
25  33
25  34
25  35
25  36
25  37
25  38
25  39
25  40
25  41
25  42
25  43
25  44
25  45
25  46
25  47
25  48
25  49
25  50
25  51
25  52
25  53
25  54
25  55
25  56
25  57
25  58
25  59
25  60
25  61
25  62
25  63
25  96
25  97
25  98
25  99
25  100
25  101
25  102
25  103
25  104
25  105
25  106
25  107
25  108
25  109
25  110
25  111
25  112
25  113
25  114
25  115
25  116
25  117
25  118
25  119
25  120
25  121
25  122
25  123
25  124
25  125
25  126
25  127
25  128
25  129
25  130
25  131
25  132
25  133
25  134
25  135
25  136
25  137
25  138
25  139
25  140
25  141
25  142
25  143
25  144
25  145
25  146
25  147
25  148
25  149
25  150
25  151
25  152
25  153
25  154
25  155
25  156
25  157
25  158
25  159
25  160
25  161
25  162
25  163
25  164
25  165
25  166
25  167
25  168
25  169
25  170
25  171
25  172
25  173
25  174
25  175
25  208
25  209
25  210
25  211
25  212
25  213
25  214
25  215
25  216
25  217
25  218
25  219
25  220
25  221
25  222
25  223
26  0
26  1
26  2
26  3
26  4
26  5
26  6
26  7
26  8
26  9
26  10
26  11
26  12
26  13
26  14
26  15
26  16
26  17
26  18
26  19
26  20
26  21
26  22
26  23
26  24
26  25
26  26
26  27
26  28
26  29
26  30
26  31
26  32
26  33
26  34
26  35
26  36
26  37
26  38
26  39
26  40
26  41
26  42
26  43
26  44
26  45
26  46
26  47
26  48
26  49
26  50
26  51
26  52
26  53
26  54
26  55
26  56
26  57
26  58
26  59
26  60
26  61
26  62
26  63
26  64
26  65
26  66
26  67
26  68
26  69
26  70
26  71
26  72
26  73
26  74
26  75
26  76
26  77
26  78
26  79
26  112
26  113
26  114
26  115
26  116
26  117
26  118
26  119
26  120
26  121
26  122
26  123
26  124
26  125
26  126
26  127
26  128
26  129
26  130
26  131
26  132
26  133
26  134
26  135
26  136
26  137
26  138
26  139
26  140
26  141
26  142
26  143
26  144
26  145
26  146
26  147
26  148
26  149
26  150
26  151
26  152
26  153
26  154
26  155
26  156
26  157
26  158
26  159
26  160
26  161
26  162
26  163
26  164
26  165
26  166
26  167
26  168
26  169
26  170
26  171
26  172
26  173
26  174
26  175
26  176
26  177
26  178
26  179
26  180
26  181
26  182
26  183
26  184
26  185
26  186
26  187
26  188
26  189
26  190
26  191
26  192
26  193
26  194
26  195
26  196
26  197
26  198
26  199
26  200
26  201
26  202
26  203
26  204
26  205
26  206
26  207
26  240
26  241
26  242
26  243
26  244
26  245
26  246
26  247
26  248
26  249
26  250
26  251
26  252
26  253
26  254
26  255
27  0
27  1
27  2
27  3
27  4
27  5
27  6
27  7
27  8
27  9
27  10
27  11
27  12
27  13
27  14
27  15
27  16
27  17
27  18
27  19
27  20
27  21
27  22
27  23
27  24
27  25
27  26
27  27
27  28
27  29
27  30
27  31
27  32
27  33
27  34
27  35
27  36
27  37
27  38
27  39
27  40
27  41
27  42
27  43
27  44
27  45
27  46
27  47
27  48
27  49
27  50
27  51
27  52
27  53
27  54
27  55
27  56
27  57
27  58
27  59
27  60
27  61
27  62
27  63
27  64
27  65
27  66
27  67
27  68
27  69
27  70
27  71
27  72
27  73
27  74
27  75
27  76
27  77
27  78
27  79
27  112
27  113
27  114
27  115
27  116
27  117
27  118
27  119
27  120
27  121
27  122
27  123
27  124
27  125
27  126
27  127
27  128
27  129
27  130
27  131
27  132
27  133
27  134
27  135
27  136
27  137
27  138
27  139
27  140
27  141
27  142
27  143
27  144
27  145
27  146
27  147
27  148
27  149
27  150
27  151
27  152
27  153
27  154
27  155
27  156
27  157
27  158
27  159
27  160
27  161
27  162
27  163
27  164
27  165
27  166
27  167
27  168
27  169
27  170
27  171
27  172
27  173
27  174
27  175
27  176
27  177
27  178
27  179
27  180
27  181
27  182
27  183
27  184
27  185
27  186
27  187
27  188
27  189
27  190
27  191
27  192
27  193
27  194
27  195
27  196
27  197
27  198
27  199
27  200
27  201
27  202
27  203
27  204
27  205
27  206
27  207
27  240
27  241
27  242
27  243
27  244
27  245
27  246
27  247
27  248
27  249
27  250
27  251
27  252
27  253
27  254
27  255
28  0
28  1
28  2
28  3
28  4
28  5
28  6
28  7
28  8
28  9
28  10
28  11
28  12
28  13
28  14
28  15
28  16
28  17
28  18
28  19
28  20
28  21
28  22
28  23
28  24
28  25
28  26
28  27
28  28
28  29
28  30
28  31
28  32
28  33
28  34
28  35
28  36
28  37
28  38
28  39
28  40
28  41
28  42
28  43
28  44
28  45
28  46
28  47
28  48
28  49
28  50
28  51
28  52
28  53
28  54
28  55
28  56
28  57
28  58
28  59
28  60
28  61
28  62
28  63
28  64
28  65
28  66
28  67
28  68
28  69
28  70
28  71
28  72
28  73
28  74
28  75
28  76
28  77
28  78
28  79
28  112
28  113
28  114
28  115
28  116
28  117
28  118
28  119
28  120
28  121
28  122
28  123
28  124
28  125
28  126
28  127
28  128
28  129
28  130
28  131
28  132
28  133
28  134
28  135
28  136
28  137
28  138
28  139
28  140
28  141
28  142
28  143
28  144
28  145
28  146
28  147
28  148
28  149
28  150
28  151
28  152
28  153
28  154
28  155
28  156
28  157
28  158
28  159
28  160
28  161
28  162
28  163
28  164
28  165
28  166
28  167
28  168
28  169
28  170
28  171
28  172
28  173
28  174
28  175
28  176
28  177
28  178
28  179
28  180
28  181
28  182
28  183
28  184
28  185
28  186
28  187
28  188
28  189
28  190
28  191
28  192
28  193
28  194
28  195
28  196
28  197
28  198
28  199
28  200
28  201
28  202
28  203
28  204
28  205
28  206
28  207
28  240
28  241
28  242
28  243
28  244
28  245
28  246
28  247
28  248
28  249
28  250
28  251
28  252
28  253
28  254
28  255
29  0
29  1
29  2
29  3
29  4
29  5
29  6
29  7
29  8
29  9
29  10
29  11
29  12
29  13
29  14
29  15
29  16
29  17
29  18
29  19
29  20
29  21
29  22
29  23
29  24
29  25
29  26
29  27
29  28
29  29
29  30
29  31
29  32
29  33
29  34
29  35
29  36
29  37
29  38
29  39
29  40
29  41
29  42
29  43
29  44
29  45
29  46
29  47
29  48
29  49
29  50
29  51
29  52
29  53
29  54
29  55
29  56
29  57
29  58
29  59
29  60
29  61
29  62
29  63
29  64
29  65
29  66
29  67
29  68
29  69
29  70
29  71
29  72
29  73
29  74
29  75
29  76
29  77
29  78
29  79
29  112
29  113
29  114
29  115
29  116
29  117
29  118
29  119
29  120
29  121
29  122
29  123
29  124
29  125
29  126
29  127
29  128
29  129
29  130
29  131
29  132
29  133
29  134
29  135
29  136
29  137
29  138
29  139
29  140
29  141
29  142
29  143
29  144
29  145
29  146
29  147
29  148
29  149
29  150
29  151
29  152
29  153
29  154
29  155
29  156
29  157
29  158
29  159
29  160
29  161
29  162
29  163
29  164
29  165
29  166
29  167
29  168
29  169
29  170
29  171
29  172
29  173
29  174
29  175
29  176
29  177
29  178
29  179
29  180
29  181
29  182
29  183
29  184
29  185
29  186
29  187
29  188
29  189
29  190
29  191
29  192
29  193
29  194
29  195
29  196
29  197
29  198
29  199
29  200
29  201
29  202
29  203
29  204
29  205
29  206
29  207
29  240
29  241
29  242
29  243
29  244
29  245
29  246
29  247
29  248
29  249
29  250
29  251
29  252
29  253
29  254
29  255
30  0
30  1
30  2
30  3
30  4
30  5
30  6
30  7
30  8
30  9
30  10
30  11
30  12
30  13
30  14
30  15
30  16
30  17
30  18
30  19
30  20
30  21
30  22
30  23
30  24
30  25
30  26
30  27
30  28
30  29
30  30
30  31
30  32
30  33
30  34
30  35
30  36
30  37
30  38
30  39
30  40
30  41
30  42
30  43
30  44
30  45
30  46
30  47
30  48
30  49
30  50
30  51
30  52
30  53
30  54
30  55
30  56
30  57
30  58
30  59
30  60
30  61
30  62
30  63
30  64
30  65
30  66
30  67
30  68
30  69
30  70
30  71
30  72
30  73
30  74
30  75
30  76
30  77
30  78
30  79
30  112
30  113
30  114
30  115
30  116
30  117
30  118
30  119
30  120
30  121
30  122
30  123
30  124
30  125
30  126
30  127
30  128
30  129
30  130
30  131
30  132
30  133
30  134
30  135
30  136
30  137
30  138
30  139
30  140
30  141
30  142
30  143
30  144
30  145
30  146
30  147
30  148
30  149
30  150
30  151
30  152
30  153
30  154
30  155
30  156
30  157
30  158
30  159
30  160
30  161
30  162
30  163
30  164
30  165
30  166
30  167
30  168
30  169
30  170
30  171
30  172
30  173
30  174
30  175
30  176
30  177
30  178
30  179
30  180
30  181
30  182
30  183
30  184
30  185
30  186
30  187
30  188
30  189
30  190
30  191
30  192
30  193
30  194
30  195
30  196
30  197
30  198
30  199
30  200
30  201
30  202
30  203
30  204
30  205
30  206
30  207
30  240
30  241
30  242
30  243
30  244
30  245
30  246
30  247
30  248
30  249
30  250
30  251
30  252
30  253
30  254
30  255
31  0
31  1
31  2
31  3
31  4
31  5
31  6
31  7
31  8
31  9
31  10
31  11
31  12
31  13
31  14
31  15
31  16
31  17
31  18
31  19
31  20
31  21
31  22
31  23
31  24
31  25
31  26
31  27
31  28
31  29
31  30
31  31
31  32
31  33
31  34
31  35
31  36
31  37
31  38
31  39
31  40
31  41
31  42
31  43
31  44
31  45
31  46
31  47
31  48
31  49
31  50
31  51
31  52
31  53
31  54
31  55
31  56
31  57
31  58
31  59
31  60
31  61
31  62
31  63
31  64
31  65
31  66
31  67
31  68
31  69
31  70
31  71
31  72
31  73
31  74
31  75
31  76
31  77
31  78
31  79
31  112
31  113
31  114
31  115
31  116
31  117
31  118
31  119
31  120
31  121
31  122
31  123
31  124
31  125
31  126
31  127
31  128
31  129
31  130
31  131
31  132
31  133
31  134
31  135
31  136
31  137
31  138
31  139
31  140
31  141
31  142
31  143
31  144
31  145
31  146
31  147
31  148
31  149
31  150
31  151
31  152
31  153
31  154
31  155
31  156
31  157
31  158
31  159
31  160
31  161
31  162
31  163
31  164
31  165
31  166
31  167
31  168
31  169
31  170
31  171
31  172
31  173
31  174
31  175
31  176
31  177
31  178
31  179
31  180
31  181
31  182
31  183
31  184
31  185
31  186
31  187
31  188
31  189
31  190
31  191
31  192
31  193
31  194
31  195
31  196
31  197
31  198
31  199
31  200
31  201
31  202
31  203
31  204
31  205
31  206
31  207
31  240
31  241
31  242
31  243
31  244
31  245
31  246
31  247
31  248
31  249
31  250
31  251
31  252
31  253
31  254
31  255
32  0
32  1
32  2
32  3
32  4
32  5
32  6
32  7
32  8
32  9
32  10
32  11
32  12
32  13
32  14
32  15
32  16
32  17
32  18
32  19
32  20
32  21
32  22
32  23
32  24
32  25
32  26
32  27
32  28
32  29
32  30
32  31
32  32
32  33
32  34
32  35
32  36
32  37
32  38
32  39
32  40
32  41
32  42
32  43
32  44
32  45
32  46
32  47
32  48
32  49
32  50
32  51
32  52
32  53
32  54
32  55
32  56
32  57
32  58
32  59
32  60
32  61
32  62
32  63
32  64
32  65
32  66
32  67
32  68
32  69
32  70
32  71
32  72
32  73
32  74
32  75
32  76
32  77
32  78
32  79
32  80
32  81
32  82
32  83
32  84
32  85
32  86
32  87
32  88
32  89
32  90
32  91
32  92
32  93
32  94
32  95
32  112
32  113
32  114
32  115
32  116
32  117
32  118
32  119
32  120
32  121
32  122
32  123
32  124
32  125
32  126
32  127
32  128
32  129
32  130
32  131
32  132
32  133
32  134
32  135
32  136
32  137
32  138
32  139
32  140
32  141
32  142
32  143
32  144
32  145
32  146
32  147
32  148
32  149
32  150
32  151
32  152
32  153
32  154
32  155
32  156
32  157
32  158
32  159
32  160
32  161
32  162
32  163
32  164
32  165
32  166
32  167
32  168
32  169
32  170
32  171
32  172
32  173
32  174
32  175
32  176
32  177
32  178
32  179
32  180
32  181
32  182
32  183
32  184
32  185
32  186
32  187
32  188
32  189
32  190
32  191
32  192
32  193
32  194
32  195
32  196
32  197
32  198
32  199
32  200
32  201
32  202
32  203
32  204
32  205
32  206
32  207
32  208
32  209
32  210
32  211
32  212
32  213
32  214
32  215
32  216
32  217
32  218
32  219
32  220
32  221
32  222
32  223
32  224
32  225
32  226
32  227
32  228
32  229
32  230
32  231
32  232
32  233
32  234
32  235
32  236
32  237
32  238
32  239
32  257
32  258
32  259
32  260
32  261
32  262
32  263
32  264
32  265
32  266
32  267
32  268
32  269
32  270
32  271
32  272
32  273
32  274
32  275
32  276
32  277
32  278
32  279
32  280
32  281
32  282
32  283
32  284
32  285
32  286
32  287
33  0
33  1
33  2
33  3
33  4
33  5
33  6
33  7
33  8
33  9
33  10
33  11
33  12
33  13
33  14
33  15
33  16
33  17
33  18
33  19
33  20
33  21
33  22
33  23
33  24
33  25
33  26
33  27
33  28
33  29
33  30
33  31
33  32
33  33
33  34
33  35
33  36
33  37
33  38
33  39
33  40
33  41
33  42
33  43
33  44
33  45
33  46
33  47
33  48
33  49
33  50
33  51
33  52
33  53
33  54
33  55
33  56
33  57
33  58
33  59
33  60
33  61
33  62
33  63
33  64
33  65
33  66
33  67
33  68
33  69
33  70
33  71
33  72
33  73
33  74
33  75
33  76
33  77
33  78
33  79
33  80
33  81
33  82
33  83
33  84
33  85
33  86
33  87
33  88
33  89
33  90
33  91
33  92
33  93
33  94
33  95
33  112
33  113
33  114
33  115
33  116
33  117
33  118
33  119
33  120
33  121
33  122
33  123
33  124
33  125
33  126
33  127
33  128
33  129
33  130
33  131
33  132
33  133
33  134
33  135
33  136
33  137
33  138
33  139
33  140
33  141
33  142
33  143
33  144
33  145
33  146
33  147
33  148
33  149
33  150
33  151
33  152
33  153
33  154
33  155
33  156
33  157
33  158
33  159
33  160
33  161
33  162
33  163
33  164
33  165
33  166
33  167
33  168
33  169
33  170
33  171
33  172
33  173
33  174
33  175
33  176
33  177
33  178
33  179
33  180
33  181
33  182
33  183
33  184
33  185
33  186
33  187
33  188
33  189
33  190
33  191
33  192
33  193
33  194
33  195
33  196
33  197
33  198
33  199
33  200
33  201
33  202
33  203
33  204
33  205
33  206
33  207
33  208
33  209
33  210
33  211
33  212
33  213
33  214
33  215
33  216
33  217
33  218
33  219
33  220
33  221
33  222
33  223
33  224
33  225
33  226
33  227
33  228
33  229
33  230
33  231
33  232
33  233
33  234
33  235
33  236
33  237
33  238
33  239
33  257
33  258
33  259
33  260
33  261
33  262
33  263
33  264
33  265
33  266
33  267
33  268
33  269
33  270
33  271
33  272
33  273
33  274
33  275
33  276
33  277
33  278
33  279
33  280
33  281
33  282
33  283
33  284
33  285
33  286
33  287
34  0
34  1
34  2
34  3
34  4
34  5
34  6
34  7
34  8
34  9
34  10
34  11
34  12
34  13
34  14
34  15
34  16
34  17
34  18
34  19
34  20
34  21
34  22
34  23
34  24
34  25
34  26
34  27
34  28
34  29
34  30
34  31
34  32
34  33
34  34
34  35
34  36
34  37
34  38
34  39
34  40
34  41
34  42
34  43
34  44
34  45
34  46
34  47
34  48
34  49
34  50
34  51
34  52
34  53
34  54
34  55
34  56
34  57
34  58
34  59
34  60
34  61
34  62
34  63
34  64
34  65
34  66
34  67
34  68
34  69
34  70
34  71
34  72
34  73
34  74
34  75
34  76
34  77
34  78
34  79
34  80
34  81
34  82
34  83
34  84
34  85
34  86
34  87
34  88
34  89
34  90
34  91
34  92
34  93
34  94
34  95
34  112
34  113
34  114
34  115
34  116
34  117
34  118
34  119
34  120
34  121
34  122
34  123
34  124
34  125
34  126
34  127
34  128
34  129
34  130
34  131
34  132
34  133
34  134
34  135
34  136
34  137
34  138
34  139
34  140
34  141
34  142
34  143
34  144
34  145
34  146
34  147
34  148
34  149
34  150
34  151
34  152
34  153
34  154
34  155
34  156
34  157
34  158
34  159
34  160
34  161
34  162
34  163
34  164
34  165
34  166
34  167
34  168
34  169
34  170
34  171
34  172
34  173
34  174
34  175
34  176
34  177
34  178
34  179
34  180
34  181
34  182
34  183
34  184
34  185
34  186
34  187
34  188
34  189
34  190
34  191
34  192
34  193
34  194
34  195
34  196
34  197
34  198
34  199
34  200
34  201
34  202
34  203
34  204
34  205
34  206
34  207
34  208
34  209
34  210
34  211
34  212
34  213
34  214
34  215
34  216
34  217
34  218
34  219
34  220
34  221
34  222
34  223
34  224
34  225
34  226
34  227
34  228
34  229
34  230
34  231
34  232
34  233
34  234
34  235
34  236
34  237
34  238
34  239
34  257
34  258
34  259
34  260
34  261
34  262
34  263
34  264
34  265
34  266
34  267
34  268
34  269
34  270
34  271
34  272
34  273
34  274
34  275
34  276
34  277
34  278
34  279
34  280
34  281
34  282
34  283
34  284
34  285
34  286
34  287
35  0
35  1
35  2
35  3
35  4
35  5
35  6
35  7
35  8
35  9
35  10
35  11
35  12
35  13
35  14
35  15
35  16
35  17
35  18
35  19
35  20
35  21
35  22
35  23
35  24
35  25
35  26
35  27
35  28
35  29
35  30
35  31
35  32
35  33
35  34
35  35
35  36
35  37
35  38
35  39
35  40
35  41
35  42
35  43
35  44
35  45
35  46
35  47
35  48
35  49
35  50
35  51
35  52
35  53
35  54
35  55
35  56
35  57
35  58
35  59
35  60
35  61
35  62
35  63
35  64
35  65
35  66
35  67
35  68
35  69
35  70
35  71
35  72
35  73
35  74
35  75
35  76
35  77
35  78
35  79
35  80
35  81
35  82
35  83
35  84
35  85
35  86
35  87
35  88
35  89
35  90
35  91
35  92
35  93
35  94
35  95
35  112
35  113
35  114
35  115
35  116
35  117
35  118
35  119
35  120
35  121
35  122
35  123
35  124
35  125
35  126
35  127
35  128
35  129
35  130
35  131
35  132
35  133
35  134
35  135
35  136
35  137
35  138
35  139
35  140
35  141
35  142
35  143
35  144
35  145
35  146
35  147
35  148
35  149
35  150
35  151
35  152
35  153
35  154
35  155
35  156
35  157
35  158
35  159
35  160
35  161
35  162
35  163
35  164
35  165
35  166
35  167
35  168
35  169
35  170
35  171
35  172
35  173
35  174
35  175
35  176
35  177
35  178
35  179
35  180
35  181
35  182
35  183
35  184
35  185
35  186
35  187
35  188
35  189
35  190
35  191
35  192
35  193
35  194
35  195
35  196
35  197
35  198
35  199
35  200
35  201
35  202
35  203
35  204
35  205
35  206
35  207
35  208
35  209
35  210
35  211
35  212
35  213
35  214
35  215
35  216
35  217
35  218
35  219
35  220
35  221
35  222
35  223
35  224
35  225
35  226
35  227
35  228
35  229
35  230
35  231
35  232
35  233
35  234
35  235
35  236
35  237
35  238
35  239
35  257
35  258
35  259
35  260
35  261
35  262
35  263
35  264
35  265
35  266
35  267
35  268
35  269
35  270
35  271
35  272
35  273
35  274
35  275
35  276
35  277
35  278
35  279
35  280
35  281
35  282
35  283
35  284
35  285
35  286
35  287
36  0
36  1
36  2
36  3
36  4
36  5
36  6
36  7
36  8
36  9
36  10
36  11
36  12
36  13
36  14
36  15
36  16
36  17
36  18
36  19
36  20
36  21
36  22
36  23
36  24
36  25
36  26
36  27
36  28
36  29
36  30
36  31
36  32
36  33
36  34
36  35
36  36
36  37
36  38
36  39
36  40
36  41
36  42
36  43
36  44
36  45
36  46
36  47
36  48
36  49
36  50
36  51
36  52
36  53
36  54
36  55
36  56
36  57
36  58
36  59
36  60
36  61
36  62
36  63
36  64
36  65
36  66
36  67
36  68
36  69
36  70
36  71
36  72
36  73
36  74
36  75
36  76
36  77
36  78
36  79
36  80
36  81
36  82
36  83
36  84
36  85
36  86
36  87
36  88
36  89
36  90
36  91
36  92
36  93
36  94
36  95
36  112
36  113
36  114
36  115
36  116
36  117
36  118
36  119
36  120
36  121
36  122
36  123
36  124
36  125
36  126
36  127
36  128
36  129
36  130
36  131
36  132
36  133
36  134
36  135
36  136
36  137
36  138
36  139
36  140
36  141
36  142
36  143
36  144
36  145
36  146
36  147
36  148
36  149
36  150
36  151
36  152
36  153
36  154
36  155
36  156
36  157
36  158
36  159
36  160
36  161
36  162
36  163
36  164
36  165
36  166
36  167
36  168
36  169
36  170
36  171
36  172
36  173
36  174
36  175
36  176
36  177
36  178
36  179
36  180
36  181
36  182
36  183
36  184
36  185
36  186
36  187
36  188
36  189
36  190
36  191
36  192
36  193
36  194
36  195
36  196
36  197
36  198
36  199
36  200
36  201
36  202
36  203
36  204
36  205
36  206
36  207
36  208
36  209
36  210
36  211
36  212
36  213
36  214
36  215
36  216
36  217
36  218
36  219
36  220
36  221
36  222
36  223
36  224
36  225
36  226
36  227
36  228
36  229
36  230
36  231
36  232
36  233
36  234
36  235
36  236
36  237
36  238
36  239
36  257
36  258
36  259
36  260
36  261
36  262
36  263
36  264
36  265
36  266
36  267
36  268
36  269
36  270
36  271
36  272
36  273
36  274
36  275
36  276
36  277
36  278
36  279
36  280
36  281
36  282
36  283
36  284
36  285
36  286
36  287
37  0
37  1
37  2
37  3
37  4
37  5
37  6
37  7
37  8
37  9
37  10
37  11
37  12
37  13
37  14
37  15
37  16
37  17
37  18
37  19
37  20
37  21
37  22
37  23
37  24
37  25
37  26
37  27
37  28
37  29
37  30
37  31
37  32
37  33
37  34
37  35
37  36
37  37
37  38
37  39
37  40
37  41
37  42
37  43
37  44
37  45
37  46
37  47
37  48
37  49
37  50
37  51
37  52
37  53
37  54
37  55
37  56
37  57
37  58
37  59
37  60
37  61
37  62
37  63
37  64
37  65
37  66
37  67
37  68
37  69
37  70
37  71
37  72
37  73
37  74
37  75
37  76
37  77
37  78
37  79
37  80
37  81
37  82
37  83
37  84
37  85
37  86
37  87
37  88
37  89
37  90
37  91
37  92
37  93
37  94
37  95
37  112
37  113
37  114
37  115
37  116
37  117
37  118
37  119
37  120
37  121
37  122
37  123
37  124
37  125
37  126
37  127
37  128
37  129
37  130
37  131
37  132
37  133
37  134
37  135
37  136
37  137
37  138
37  139
37  140
37  141
37  142
37  143
37  144
37  145
37  146
37  147
37  148
37  149
37  150
37  151
37  152
37  153
37  154
37  155
37  156
37  157
37  158
37  159
37  160
37  161
37  162
37  163
37  164
37  165
37  166
37  167
37  168
37  169
37  170
37  171
37  172
37  173
37  174
37  175
37  176
37  177
37  178
37  179
37  180
37  181
37  182
37  183
37  184
37  185
37  186
37  187
37  188
37  189
37  190
37  191
37  192
37  193
37  194
37  195
37  196
37  197
37  198
37  199
37  200
37  201
37  202
37  203
37  204
37  205
37  206
37  207
37  208
37  209
37  210
37  211
37  212
37  213
37  214
37  215
37  216
37  217
37  218
37  219
37  220
37  221
37  222
37  223
37  224
37  225
37  226
37  227
37  228
37  229
37  230
37  231
37  232
37  233
37  234
37  235
37  236
37  237
37  238
37  239
37  257
37  258
37  259
37  260
37  261
37  262
37  263
37  264
37  265
37  266
37  267
37  268
37  269
37  270
37  271
37  272
37  273
37  274
37  275
37  276
37  277
37  278
37  279
37  280
37  281
37  282
37  283
37  284
37  285
37  286
37  287
38  0
38  1
38  2
38  3
38  4
38  5
38  6
38  7
38  8
38  9
38  10
38  11
38  12
38  13
38  14
38  15
38  16
38  17
38  18
38  19
38  20
38  21
38  22
38  23
38  24
38  25
38  26
38  27
38  28
38  29
38  30
38  31
38  32
38  33
38  34
38  35
38  36
38  37
38  38
38  39
38  40
38  41
38  42
38  43
38  44
38  45
38  46
38  47
38  48
38  49
38  50
38  51
38  52
38  53
38  54
38  55
38  56
38  57
38  58
38  59
38  60
38  61
38  62
38  63
38  64
38  65
38  66
38  67
38  68
38  69
38  70
38  71
38  72
38  73
38  74
38  75
38  76
38  77
38  78
38  79
38  80
38  81
38  82
38  83
38  84
38  85
38  86
38  87
38  88
38  89
38  90
38  91
38  92
38  93
38  94
38  95
38  128
38  129
38  130
38  131
38  132
38  133
38  134
38  135
38  136
38  137
38  138
38  139
38  140
38  141
38  142
38  143
38  144
38  145
38  146
38  147
38  148
38  149
38  150
38  151
38  152
38  153
38  154
38  155
38  156
38  157
38  158
38  159
38  160
38  161
38  162
38  163
38  164
38  165
38  166
38  167
38  168
38  169
38  170
38  171
38  172
38  173
38  174
38  175
38  176
38  177
38  178
38  179
38  180
38  181
38  182
38  183
38  184
38  185
38  186
38  187
38  188
38  189
38  190
38  191
38  192
38  193
38  194
38  195
38  196
38  197
38  198
38  199
38  200
38  201
38  202
38  203
38  204
38  205
38  206
38  207
38  208
38  209
38  210
38  211
38  212
38  213
38  214
38  215
38  216
38  217
38  218
38  219
38  220
38  221
38  222
38  223
38  224
38  225
38  226
38  227
38  228
38  229
38  230
38  231
38  232
38  233
38  234
38  235
38  236
38  237
38  238
38  239
38  240
38  241
38  242
38  243
38  244
38  245
38  246
38  247
38  248
38  249
38  250
38  251
38  252
38  253
38  254
38  255
38  288
38  289
38  290
38  291
38  292
38  293
38  294
38  295
38  296
38  297
38  298
38  299
38  300
38  301
38  302
38  303
38  304
38  305
38  306
38  307
38  308
38  309
38  310
38  311
38  312
38  313
38  314
38  315
38  316
38  317
38  318
38  319
39  0
39  1
39  2
39  3
39  4
39  5
39  6
39  7
39  8
39  9
39  10
39  11
39  12
39  13
39  14
39  15
39  16
39  17
39  18
39  19
39  20
39  21
39  22
39  23
39  24
39  25
39  26
39  27
39  28
39  29
39  30
39  31
39  32
39  33
39  34
39  35
39  36
39  37
39  38
39  39
39  40
39  41
39  42
39  43
39  44
39  45
39  46
39  47
39  48
39  49
39  50
39  51
39  52
39  53
39  54
39  55
39  56
39  57
39  58
39  59
39  60
39  61
39  62
39  63
39  64
39  65
39  66
39  67
39  68
39  69
39  70
39  71
39  72
39  73
39  74
39  75
39  76
39  77
39  78
39  79
39  80
39  81
39  82
39  83
39  84
39  85
39  86
39  87
39  88
39  89
39  90
39  91
39  92
39  93
39  94
39  95
39  128
39  129
39  130
39  131
39  132
39  133
39  134
39  135
39  136
39  137
39  138
39  139
39  140
39  141
39  142
39  143
39  144
39  145
39  146
39  147
39  148
39  149
39  150
39  151
39  152
39  153
39  154
39  155
39  156
39  157
39  158
39  159
39  160
39  161
39  162
39  163
39  164
39  165
39  166
39  167
39  168
39  169
39  170
39  171
39  172
39  173
39  174
39  175
39  176
39  177
39  178
39  179
39  180
39  181
39  182
39  183
39  184
39  185
39  186
39  187
39  188
39  189
39  190
39  191
39  192
39  193
39  194
39  195
39  196
39  197
39  198
39  199
39  200
39  201
39  202
39  203
39  204
39  205
39  206
39  207
39  208
39  209
39  210
39  211
39  212
39  213
39  214
39  215
39  216
39  217
39  218
39  219
39  220
39  221
39  222
39  223
39  224
39  225
39  226
39  227
39  228
39  229
39  230
39  231
39  232
39  233
39  234
39  235
39  236
39  237
39  238
39  239
39  240
39  241
39  242
39  243
39  244
39  245
39  246
39  247
39  248
39  249
39  250
39  251
39  252
39  253
39  254
39  255
39  288
39  289
39  290
39  291
39  292
39  293
39  294
39  295
39  296
39  297
39  298
39  299
39  300
39  301
39  302
39  303
39  304
39  305
39  306
39  307
39  308
39  309
39  310
39  311
39  312
39  313
39  314
39  315
39  316
39  317
39  318
39  319
40  0
40  1
40  2
40  3
40  4
40  5
40  6
40  7
40  8
40  9
40  10
40  11
40  12
40  13
40  14
40  15
40  16
40  17
40  18
40  19
40  20
40  21
40  22
40  23
40  24
40  25
40  26
40  27
40  28
40  29
40  30
40  31
40  32
40  33
40  34
40  35
40  36
40  37
40  38
40  39
40  40
40  41
40  42
40  43
40  44
40  45
40  46
40  47
40  48
40  49
40  50
40  51
40  52
40  53
40  54
40  55
40  56
40  57
40  58
40  59
40  60
40  61
40  62
40  63
40  64
40  65
40  66
40  67
40  68
40  69
40  70
40  71
40  72
40  73
40  74
40  75
40  76
40  77
40  78
40  79
40  80
40  81
40  82
40  83
40  84
40  85
40  86
40  87
40  88
40  89
40  90
40  91
40  92
40  93
40  94
40  95
40  128
40  129
40  130
40  131
40  132
40  133
40  134
40  135
40  136
40  137
40  138
40  139
40  140
40  141
40  142
40  143
40  144
40  145
40  146
40  147
40  148
40  149
40  150
40  151
40  152
40  153
40  154
40  155
40  156
40  157
40  158
40  159
40  160
40  161
40  162
40  163
40  164
40  165
40  166
40  167
40  168
40  169
40  170
40  171
40  172
40  173
40  174
40  175
40  176
40  177
40  178
40  179
40  180
40  181
40  182
40  183
40  184
40  185
40  186
40  187
40  188
40  189
40  190
40  191
40  192
40  193
40  194
40  195
40  196
40  197
40  198
40  199
40  200
40  201
40  202
40  203
40  204
40  205
40  206
40  207
40  208
40  209
40  210
40  211
40  212
40  213
40  214
40  215
40  216
40  217
40  218
40  219
40  220
40  221
40  222
40  223
40  224
40  225
40  226
40  227
40  228
40  229
40  230
40  231
40  232
40  233
40  234
40  235
40  236
40  237
40  238
40  239
40  240
40  241
40  242
40  243
40  244
40  245
40  246
40  247
40  248
40  249
40  250
40  251
40  252
40  253
40  254
40  255
40  288
40  289
40  290
40  291
40  292
40  293
40  294
40  295
40  296
40  297
40  298
40  299
40  300
40  301
40  302
40  303
40  304
40  305
40  306
40  307
40  308
40  309
40  310
40  311
40  312
40  313
40  314
40  315
40  316
40  317
40  318
40  319
41  0
41  1
41  2
41  3
41  4
41  5
41  6
41  7
41  8
41  9
41  10
41  11
41  12
41  13
41  14
41  15
41  16
41  17
41  18
41  19
41  20
41  21
41  22
41  23
41  24
41  25
41  26
41  27
41  28
41  29
41  30
41  31
41  32
41  33
41  34
41  35
41  36
41  37
41  38
41  39
41  40
41  41
41  42
41  43
41  44
41  45
41  46
41  47
41  48
41  49
41  50
41  51
41  52
41  53
41  54
41  55
41  56
41  57
41  58
41  59
41  60
41  61
41  62
41  63
41  64
41  65
41  66
41  67
41  68
41  69
41  70
41  71
41  72
41  73
41  74
41  75
41  76
41  77
41  78
41  79
41  80
41  81
41  82
41  83
41  84
41  85
41  86
41  87
41  88
41  89
41  90
41  91
41  92
41  93
41  94
41  95
41  128
41  129
41  130
41  131
41  132
41  133
41  134
41  135
41  136
41  137
41  138
41  139
41  140
41  141
41  142
41  143
41  144
41  145
41  146
41  147
41  148
41  149
41  150
41  151
41  152
41  153
41  154
41  155
41  156
41  157
41  158
41  159
41  160
41  161
41  162
41  163
41  164
41  165
41  166
41  167
41  168
41  169
41  170
41  171
41  172
41  173
41  174
41  175
41  176
41  177
41  178
41  179
41  180
41  181
41  182
41  183
41  184
41  185
41  186
41  187
41  188
41  189
41  190
41  191
41  192
41  193
41  194
41  195
41  196
41  197
41  198
41  199
41  200
41  201
41  202
41  203
41  204
41  205
41  206
41  207
41  208
41  209
41  210
41  211
41  212
41  213
41  214
41  215
41  216
41  217
41  218
41  219
41  220
41  221
41  222
41  223
41  224
41  225
41  226
41  227
41  228
41  229
41  230
41  231
41  232
41  233
41  234
41  235
41  236
41  237
41  238
41  239
41  240
41  241
41  242
41  243
41  244
41  245
41  246
41  247
41  248
41  249
41  250
41  251
41  252
41  253
41  254
41  255
41  288
41  289
41  290
41  291
41  292
41  293
41  294
41  295
41  296
41  297
41  298
41  299
41  300
41  301
41  302
41  303
41  304
41  305
41  306
41  307
41  308
41  309
41  310
41  311
41  312
41  313
41  314
41  315
41  316
41  317
41  318
41  319
42  0
42  1
42  2
42  3
42  4
42  5
42  6
42  7
42  8
42  9
42  10
42  11
42  12
42  13
42  14
42  15
42  16
42  17
42  18
42  19
42  20
42  21
42  22
42  23
42  24
42  25
42  26
42  27
42  28
42  29
42  30
42  31
42  32
42  33
42  34
42  35
42  36
42  37
42  38
42  39
42  40
42  41
42  42
42  43
42  44
42  45
42  46
42  47
42  48
42  49
42  50
42  51
42  52
42  53
42  54
42  55
42  56
42  57
42  58
42  59
42  60
42  61
42  62
42  63
42  64
42  65
42  66
42  67
42  68
42  69
42  70
42  71
42  72
42  73
42  74
42  75
42  76
42  77
42  78
42  79
42  80
42  81
42  82
42  83
42  84
42  85
42  86
42  87
42  88
42  89
42  90
42  91
42  92
42  93
42  94
42  95
42  128
42  129
42  130
42  131
42  132
42  133
42  134
42  135
42  136
42  137
42  138
42  139
42  140
42  141
42  142
42  143
42  144
42  145
42  146
42  147
42  148
42  149
42  150
42  151
42  152
42  153
42  154
42  155
42  156
42  157
42  158
42  159
42  160
42  161
42  162
42  163
42  164
42  165
42  166
42  167
42  168
42  169
42  170
42  171
42  172
42  173
42  174
42  175
42  176
42  177
42  178
42  179
42  180
42  181
42  182
42  183
42  184
42  185
42  186
42  187
42  188
42  189
42  190
42  191
42  192
42  193
42  194
42  195
42  196
42  197
42  198
42  199
42  200
42  201
42  202
42  203
42  204
42  205
42  206
42  207
42  208
42  209
42  210
42  211
42  212
42  213
42  214
42  215
42  216
42  217
42  218
42  219
42  220
42  221
42  222
42  223
42  224
42  225
42  226
42  227
42  228
42  229
42  230
42  231
42  232
42  233
42  234
42  235
42  236
42  237
42  238
42  239
42  240
42  241
42  242
42  243
42  244
42  245
42  246
42  247
42  248
42  249
42  250
42  251
42  252
42  253
42  254
42  255
42  288
42  289
42  290
42  291
42  292
42  293
42  294
42  295
42  296
42  297
42  298
42  299
42  300
42  301
42  302
42  303
42  304
42  305
42  306
42  307
42  308
42  309
42  310
42  311
42  312
42  313
42  314
42  315
42  316
42  317
42  318
42  319
43  0
43  1
43  2
43  3
43  4
43  5
43  6
43  7
43  8
43  9
43  10
43  11
43  12
43  13
43  14
43  15
43  16
43  17
43  18
43  19
43  20
43  21
43  22
43  23
43  24
43  25
43  26
43  27
43  28
43  29
43  30
43  31
43  32
43  33
43  34
43  35
43  36
43  37
43  38
43  39
43  40
43  41
43  42
43  43
43  44
43  45
43  46
43  47
43  48
43  49
43  50
43  51
43  52
43  53
43  54
43  55
43  56
43  57
43  58
43  59
43  60
43  61
43  62
43  63
43  64
43  65
43  66
43  67
43  68
43  69
43  70
43  71
43  72
43  73
43  74
43  75
43  76
43  77
43  78
43  79
43  80
43  81
43  82
43  83
43  84
43  85
43  86
43  87
43  88
43  89
43  90
43  91
43  92
43  93
43  94
43  95
43  128
43  129
43  130
43  131
43  132
43  133
43  134
43  135
43  136
43  137
43  138
43  139
43  140
43  141
43  142
43  143
43  144
43  145
43  146
43  147
43  148
43  149
43  150
43  151
43  152
43  153
43  154
43  155
43  156
43  157
43  158
43  159
43  160
43  161
43  162
43  163
43  164
43  165
43  166
43  167
43  168
43  169
43  170
43  171
43  172
43  173
43  174
43  175
43  176
43  177
43  178
43  179
43  180
43  181
43  182
43  183
43  184
43  185
43  186
43  187
43  188
43  189
43  190
43  191
43  192
43  193
43  194
43  195
43  196
43  197
43  198
43  199
43  200
43  201
43  202
43  203
43  204
43  205
43  206
43  207
43  208
43  209
43  210
43  211
43  212
43  213
43  214
43  215
43  216
43  217
43  218
43  219
43  220
43  221
43  222
43  223
43  224
43  225
43  226
43  227
43  228
43  229
43  230
43  231
43  232
43  233
43  234
43  235
43  236
43  237
43  238
43  239
43  240
43  241
43  242
43  243
43  244
43  245
43  246
43  247
43  248
43  249
43  250
43  251
43  252
43  253
43  254
43  255
43  288
43  289
43  290
43  291
43  292
43  293
43  294
43  295
43  296
43  297
43  298
43  299
43  300
43  301
43  302
43  303
43  304
43  305
43  306
43  307
43  308
43  309
43  310
43  311
43  312
43  313
43  314
43  315
43  316
43  317
43  318
43  319
44  0
44  1
44  2
44  3
44  4
44  5
44  6
44  7
44  8
44  9
44  10
44  11
44  12
44  13
44  14
44  15
44  16
44  17
44  18
44  19
44  20
44  21
44  22
44  23
44  24
44  25
44  26
44  27
44  28
44  29
44  30
44  31
44  32
44  33
44  34
44  35
44  36
44  37
44  38
44  39
44  40
44  41
44  42
44  43
44  44
44  45
44  46
44  47
44  48
44  49
44  50
44  51
44  52
44  53
44  54
44  55
44  56
44  57
44  58
44  59
44  60
44  61
44  62
44  63
44  64
44  65
44  66
44  67
44  68
44  69
44  70
44  71
44  72
44  73
44  74
44  75
44  76
44  77
44  78
44  79
44  80
44  81
44  82
44  83
44  84
44  85
44  86
44  87
44  88
44  89
44  90
44  91
44  92
44  93
44  94
44  95
44  96
44  97
44  98
44  99
44  100
44  101
44  102
44  103
44  104
44  105
44  106
44  107
44  108
44  109
44  110
44  111
44  144
44  145
44  146
44  147
44  148
44  149
44  150
44  151
44  152
44  153
44  154
44  155
44  156
44  157
44  158
44  159
44  160
44  161
44  162
44  163
44  164
44  165
44  166
44  167
44  168
44  169
44  170
44  171
44  172
44  173
44  174
44  175
44  176
44  177
44  178
44  179
44  180
44  181
44  182
44  183
44  184
44  185
44  186
44  187
44  188
44  189
44  190
44  191
44  192
44  193
44  194
44  195
44  196
44  197
44  198
44  199
44  200
44  201
44  202
44  203
44  204
44  205
44  206
44  207
44  208
44  209
44  210
44  211
44  212
44  213
44  214
44  215
44  216
44  217
44  218
44  219
44  220
44  221
44  222
44  223
44  224
44  225
44  226
44  227
44  228
44  229
44  230
44  231
44  232
44  233
44  234
44  235
44  236
44  237
44  238
44  239
44  240
44  241
44  242
44  243
44  244
44  245
44  246
44  247
44  248
44  249
44  250
44  251
44  252
44  253
44  254
44  255
44  256
44  257
44  258
44  259
44  260
44  261
44  262
44  263
44  264
44  265
44  266
44  267
44  268
44  269
44  270
44  271
44  272
44  273
44  274
44  275
44  276
44  277
44  278
44  279
44  280
44  281
44  282
44  283
44  284
44  285
44  286
44  287
44  320
44  321
44  322
44  323
44  324
44  325
44  326
44  327
44  328
44  329
44  330
44  331
44  332
44  333
44  334
44  335
44  336
44  337
44  338
44  339
44  340
44  341
44  342
44  343
44  344
44  345
44  346
44  347
44  348
44  349
44  350
44  351
45  0
45  1
45  2
45  3
45  4
45  5
45  6
45  7
45  8
45  9
45  10
45  11
45  12
45  13
45  14
45  15
45  16
45  17
45  18
45  19
45  20
45  21
45  22
45  23
45  24
45  25
45  26
45  27
45  28
45  29
45  30
45  31
45  32
45  33
45  34
45  35
45  36
45  37
45  38
45  39
45  40
45  41
45  42
45  43
45  44
45  45
45  46
45  47
45  48
45  49
45  50
45  51
45  52
45  53
45  54
45  55
45  56
45  57
45  58
45  59
45  60
45  61
45  62
45  63
45  64
45  65
45  66
45  67
45  68
45  69
45  70
45  71
45  72
45  73
45  74
45  75
45  76
45  77
45  78
45  79
45  80
45  81
45  82
45  83
45  84
45  85
45  86
45  87
45  88
45  89
45  90
45  91
45  92
45  93
45  94
45  95
45  96
45  97
45  98
45  99
45  100
45  101
45  102
45  103
45  104
45  105
45  106
45  107
45  108
45  109
45  110
45  111
45  144
45  145
45  146
45  147
45  148
45  149
45  150
45  151
45  152
45  153
45  154
45  155
45  156
45  157
45  158
45  159
45  160
45  161
45  162
45  163
45  164
45  165
45  166
45  167
45  168
45  169
45  170
45  171
45  172
45  173
45  174
45  175
45  176
45  177
45  178
45  179
45  180
45  181
45  182
45  183
45  184
45  185
45  186
45  187
45  188
45  189
45  190
45  191
45  192
45  193
45  194
45  195
45  196
45  197
45  198
45  199
45  200
45  201
45  202
45  203
45  204
45  205
45  206
45  207
45  208
45  209
45  210
45  211
45  212
45  213
45  214
45  215
45  216
45  217
45  218
45  219
45  220
45  221
45  222
45  223
45  224
45  225
45  226
45  227
45  228
45  229
45  230
45  231
45  232
45  233
45  234
45  235
45  236
45  237
45  238
45  239
45  240
45  241
45  242
45  243
45  244
45  245
45  246
45  247
45  248
45  249
45  250
45  251
45  252
45  253
45  254
45  255
45  256
45  257
45  258
45  259
45  260
45  261
45  262
45  263
45  264
45  265
45  266
45  267
45  268
45  269
45  270
45  271
45  272
45  273
45  274
45  275
45  276
45  277
45  278
45  279
45  280
45  281
45  282
45  283
45  284
45  285
45  286
45  287
45  320
45  321
45  322
45  323
45  324
45  325
45  326
45  327
45  328
45  329
45  330
45  331
45  332
45  333
45  334
45  335
45  336
45  337
45  338
45  339
45  340
45  341
45  342
45  343
45  344
45  345
45  346
45  347
45  348
45  349
45  350
45  351
46  0
46  1
46  2
46  3
46  4
46  5
46  6
46  7
46  8
46  9
46  10
46  11
46  12
46  13
46  14
46  15
46  16
46  17
46  18
46  19
46  20
46  21
46  22
46  23
46  24
46  25
46  26
46  27
46  28
46  29
46  30
46  31
46  32
46  33
46  34
46  35
46  36
46  37
46  38
46  39
46  40
46  41
46  42
46  43
46  44
46  45
46  46
46  47
46  48
46  49
46  50
46  51
46  52
46  53
46  54
46  55
46  56
46  57
46  58
46  59
46  60
46  61
46  62
46  63
46  64
46  65
46  66
46  67
46  68
46  69
46  70
46  71
46  72
46  73
46  74
46  75
46  76
46  77
46  78
46  79
46  80
46  81
46  82
46  83
46  84
46  85
46  86
46  87
46  88
46  89
46  90
46  91
46  92
46  93
46  94
46  95
46  96
46  97
46  98
46  99
46  100
46  101
46  102
46  103
46  104
46  105
46  106
46  107
46  108
46  109
46  110
46  111
46  144
46  145
46  146
46  147
46  148
46  149
46  150
46  151
46  152
46  153
46  154
46  155
46  156
46  157
46  158
46  159
46  160
46  161
46  162
46  163
46  164
46  165
46  166
46  167
46  168
46  169
46  170
46  171
46  172
46  173
46  174
46  175
46  176
46  177
46  178
46  179
46  180
46  181
46  182
46  183
46  184
46  185
46  186
46  187
46  188
46  189
46  190
46  191
46  192
46  193
46  194
46  195
46  196
46  197
46  198
46  199
46  200
46  201
46  202
46  203
46  204
46  205
46  206
46  207
46  208
46  209
46  210
46  211
46  212
46  213
46  214
46  215
46  216
46  217
46  218
46  219
46  220
46  221
46  222
46  223
46  224
46  225
46  226
46  227
46  228
46  229
46  230
46  231
46  232
46  233
46  234
46  235
46  236
46  237
46  238
46  239
46  240
46  241
46  242
46  243
46  244
46  245
46  246
46  247
46  248
46  249
46  250
46  251
46  252
46  253
46  254
46  255
46  256
46  257
46  258
46  259
46  260
46  261
46  262
46  263
46  264
46  265
46  266
46  267
46  268
46  269
46  270
46  271
46  272
46  273
46  274
46  275
46  276
46  277
46  278
46  279
46  280
46  281
46  282
46  283
46  284
46  285
46  286
46  287
46  320
46  321
46  322
46  323
46  324
46  325
46  326
46  327
46  328
46  329
46  330
46  331
46  332
46  333
46  334
46  335
46  336
46  337
46  338
46  339
46  340
46  341
46  342
46  343
46  344
46  345
46  346
46  347
46  348
46  349
46  350
46  351
47  0
47  1
47  2
47  3
47  4
47  5
47  6
47  7
47  8
47  9
47  10
47  11
47  12
47  13
47  14
47  15
47  16
47  17
47  18
47  19
47  20
47  21
47  22
47  23
47  24
47  25
47  26
47  27
47  28
47  29
47  30
47  31
47  32
47  33
47  34
47  35
47  36
47  37
47  38
47  39
47  40
47  41
47  42
47  43
47  44
47  45
47  46
47  47
47  48
47  49
47  50
47  51
47  52
47  53
47  54
47  55
47  56
47  57
47  58
47  59
47  60
47  61
47  62
47  63
47  64
47  65
47  66
47  67
47  68
47  69
47  70
47  71
47  72
47  73
47  74
47  75
47  76
47  77
47  78
47  79
47  80
47  81
47  82
47  83
47  84
47  85
47  86
47  87
47  88
47  89
47  90
47  91
47  92
47  93
47  94
47  95
47  96
47  97
47  98
47  99
47  100
47  101
47  102
47  103
47  104
47  105
47  106
47  107
47  108
47  109
47  110
47  111
47  144
47  145
47  146
47  147
47  148
47  149
47  150
47  151
47  152
47  153
47  154
47  155
47  156
47  157
47  158
47  159
47  160
47  161
47  162
47  163
47  164
47  165
47  166
47  167
47  168
47  169
47  170
47  171
47  172
47  173
47  174
47  175
47  176
47  177
47  178
47  179
47  180
47  181
47  182
47  183
47  184
47  185
47  186
47  187
47  188
47  189
47  190
47  191
47  192
47  193
47  194
47  195
47  196
47  197
47  198
47  199
47  200
47  201
47  202
47  203
47  204
47  205
47  206
47  207
47  208
47  209
47  210
47  211
47  212
47  213
47  214
47  215
47  216
47  217
47  218
47  219
47  220
47  221
47  222
47  223
47  224
47  225
47  226
47  227
47  228
47  229
47  230
47  231
47  232
47  233
47  234
47  235
47  236
47  237
47  238
47  239
47  240
47  241
47  242
47  243
47  244
47  245
47  246
47  247
47  248
47  249
47  250
47  251
47  252
47  253
47  254
47  255
47  256
47  257
47  258
47  259
47  260
47  261
47  262
47  263
47  264
47  265
47  266
47  267
47  268
47  269
47  270
47  271
47  272
47  273
47  274
47  275
47  276
47  277
47  278
47  279
47  280
47  281
47  282
47  283
47  284
47  285
47  286
47  287
47  320
47  321
47  322
47  323
47  324
47  325
47  326
47  327
47  328
47  329
47  330
47  331
47  332
47  333
47  334
47  335
47  336
47  337
47  338
47  339
47  340
47  341
47  342
47  343
47  344
47  345
47  346
47  347
47  348
47  349
47  350
47  351
48  0
48  1
48  2
48  3
48  4
48  5
48  6
48  7
48  8
48  9
48  10
48  11
48  12
48  13
48  14
48  15
48  16
48  17
48  18
48  19
48  20
48  21
48  22
48  23
48  24
48  25
48  26
48  27
48  28
48  29
48  30
48  31
48  32
48  33
48  34
48  35
48  36
48  37
48  38
48  39
48  40
48  41
48  42
48  43
48  44
48  45
48  46
48  47
48  48
48  49
48  50
48  51
48  52
48  53
48  54
48  55
48  56
48  57
48  58
48  59
48  60
48  61
48  62
48  63
48  64
48  65
48  66
48  67
48  68
48  69
48  70
48  71
48  72
48  73
48  74
48  75
48  76
48  77
48  78
48  79
48  80
48  81
48  82
48  83
48  84
48  85
48  86
48  87
48  88
48  89
48  90
48  91
48  92
48  93
48  94
48  95
48  96
48  97
48  98
48  99
48  100
48  101
48  102
48  103
48  104
48  105
48  106
48  107
48  108
48  109
48  110
48  111
48  144
48  145
48  146
48  147
48  148
48  149
48  150
48  151
48  152
48  153
48  154
48  155
48  156
48  157
48  158
48  159
48  160
48  161
48  162
48  163
48  164
48  165
48  166
48  167
48  168
48  169
48  170
48  171
48  172
48  173
48  174
48  175
48  176
48  177
48  178
48  179
48  180
48  181
48  182
48  183
48  184
48  185
48  186
48  187
48  188
48  189
48  190
48  191
48  192
48  193
48  194
48  195
48  196
48  197
48  198
48  199
48  200
48  201
48  202
48  203
48  204
48  205
48  206
48  207
48  208
48  209
48  210
48  211
48  212
48  213
48  214
48  215
48  216
48  217
48  218
48  219
48  220
48  221
48  222
48  223
48  224
48  225
48  226
48  227
48  228
48  229
48  230
48  231
48  232
48  233
48  234
48  235
48  236
48  237
48  238
48  239
48  240
48  241
48  242
48  243
48  244
48  245
48  246
48  247
48  248
48  249
48  250
48  251
48  252
48  253
48  254
48  255
48  256
48  257
48  258
48  259
48  260
48  261
48  262
48  263
48  264
48  265
48  266
48  267
48  268
48  269
48  270
48  271
48  272
48  273
48  274
48  275
48  276
48  277
48  278
48  279
48  280
48  281
48  282
48  283
48  284
48  285
48  286
48  287
48  320
48  321
48  322
48  323
48  324
48  325
48  326
48  327
48  328
48  329
48  330
48  331
48  332
48  333
48  334
48  335
48  336
48  337
48  338
48  339
48  340
48  341
48  342
48  343
48  344
48  345
48  346
48  347
48  348
48  349
48  350
48  351
49  0
49  1
49  2
49  3
49  4
49  5
49  6
49  7
49  8
49  9
49  10
49  11
49  12
49  13
49  14
49  15
49  16
49  17
49  18
49  19
49  20
49  21
49  22
49  23
49  24
49  25
49  26
49  27
49  28
49  29
49  30
49  31
49  32
49  33
49  34
49  35
49  36
49  37
49  38
49  39
49  40
49  41
49  42
49  43
49  44
49  45
49  46
49  47
49  48
49  49
49  50
49  51
49  52
49  53
49  54
49  55
49  56
49  57
49  58
49  59
49  60
49  61
49  62
49  63
49  64
49  65
49  66
49  67
49  68
49  69
49  70
49  71
49  72
49  73
49  74
49  75
49  76
49  77
49  78
49  79
49  80
49  81
49  82
49  83
49  84
49  85
49  86
49  87
49  88
49  89
49  90
49  91
49  92
49  93
49  94
49  95
49  96
49  97
49  98
49  99
49  100
49  101
49  102
49  103
49  104
49  105
49  106
49  107
49  108
49  109
49  110
49  111
49  144
49  145
49  146
49  147
49  148
49  149
49  150
49  151
49  152
49  153
49  154
49  155
49  156
49  157
49  158
49  159
49  160
49  161
49  162
49  163
49  164
49  165
49  166
49  167
49  168
49  169
49  170
49  171
49  172
49  173
49  174
49  175
49  176
49  177
49  178
49  179
49  180
49  181
49  182
49  183
49  184
49  185
49  186
49  187
49  188
49  189
49  190
49  191
49  192
49  193
49  194
49  195
49  196
49  197
49  198
49  199
49  200
49  201
49  202
49  203
49  204
49  205
49  206
49  207
49  208
49  209
49  210
49  211
49  212
49  213
49  214
49  215
49  216
49  217
49  218
49  219
49  220
49  221
49  222
49  223
49  224
49  225
49  226
49  227
49  228
49  229
49  230
49  231
49  232
49  233
49  234
49  235
49  236
49  237
49  238
49  239
49  240
49  241
49  242
49  243
49  244
49  245
49  246
49  247
49  248
49  249
49  250
49  251
49  252
49  253
49  254
49  255
49  256
49  257
49  258
49  259
49  260
49  261
49  262
49  263
49  264
49  265
49  266
49  267
49  268
49  269
49  270
49  271
49  272
49  273
49  274
49  275
49  276
49  277
49  278
49  279
49  280
49  281
49  282
49  283
49  284
49  285
49  286
49  287
49  320
49  321
49  322
49  323
49  324
49  325
49  326
49  327
49  328
49  329
49  330
49  331
49  332
49  333
49  334
49  335
49  336
49  337
49  338
49  339
49  340
49  341
49  342
49  343
49  344
49  345
49  346
49  347
49  348
49  349
49  350
49  351
50  0
50  1
50  2
50  3
50  4
50  5
50  6
50  7
50  8
50  9
50  10
50  11
50  12
50  13
50  14
50  15
50  16
50  17
50  18
50  19
50  20
50  21
50  22
50  23
50  24
50  25
50  26
50  27
50  28
50  29
50  30
50  31
50  32
50  33
50  34
50  35
50  36
50  37
50  38
50  39
50  40
50  41
50  42
50  43
50  44
50  45
50  46
50  47
50  48
50  49
50  50
50  51
50  52
50  53
50  54
50  55
50  56
50  57
50  58
50  59
50  60
50  61
50  62
50  63
50  64
50  65
50  66
50  67
50  68
50  69
50  70
50  71
50  72
50  73
50  74
50  75
50  76
50  77
50  78
50  79
50  80
50  81
50  82
50  83
50  84
50  85
50  86
50  87
50  88
50  89
50  90
50  91
50  92
50  93
50  94
50  95
50  96
50  97
50  98
50  99
50  100
50  101
50  102
50  103
50  104
50  105
50  106
50  107
50  108
50  109
50  110
50  111
50  112
50  113
50  114
50  115
50  116
50  117
50  118
50  119
50  120
50  121
50  122
50  123
50  124
50  125
50  126
50  127
50  160
50  161
50  162
50  163
50  164
50  165
50  166
50  167
50  168
50  169
50  170
50  171
50  172
50  173
50  174
50  175
50  176
50  177
50  178
50  179
50  180
50  181
50  182
50  183
50  184
50  185
50  186
50  187
50  188
50  189
50  190
50  191
50  192
50  193
50  194
50  195
50  196
50  197
50  198
50  199
50  200
50  201
50  202
50  203
50  204
50  205
50  206
50  207
50  208
50  209
50  210
50  211
50  212
50  213
50  214
50  215
50  216
50  217
50  218
50  219
50  220
50  221
50  222
50  223
50  224
50  225
50  226
50  227
50  228
50  229
50  230
50  231
50  232
50  233
50  234
50  235
50  236
50  237
50  238
50  239
50  240
50  241
50  242
50  243
50  244
50  245
50  246
50  247
50  248
50  249
50  250
50  251
50  252
50  253
50  254
50  255
50  256
50  257
50  258
50  259
50  260
50  261
50  262
50  263
50  264
50  265
50  266
50  267
50  268
50  269
50  270
50  271
50  272
50  273
50  274
50  275
50  276
50  277
50  278
50  279
50  280
50  281
50  282
50  283
50  284
50  285
50  286
50  287
50  288
50  289
50  290
50  291
50  292
50  293
50  294
50  295
50  296
50  297
50  298
50  299
50  300
50  301
50  302
50  303
50  304
50  305
50  306
50  307
50  308
50  309
50  310
50  311
50  312
50  313
50  314
50  315
50  316
50  317
50  318
50  319
50  352
50  353
50  354
50  355
50  356
50  357
50  358
50  359
50  360
50  361
50  362
50  363
50  364
50  365
50  366
50  367
50  368
50  369
50  370
50  371
50  372
50  373
50  374
50  375
50  376
50  377
50  378
50  379
50  380
50  381
50  382
50  383
51  0
51  1
51  2
51  3
51  4
51  5
51  6
51  7
51  8
51  9
51  10
51  11
51  12
51  13
51  14
51  15
51  16
51  17
51  18
51  19
51  20
51  21
51  22
51  23
51  24
51  25
51  26
51  27
51  28
51  29
51  30
51  31
51  32
51  33
51  34
51  35
51  36
51  37
51  38
51  39
51  40
51  41
51  42
51  43
51  44
51  45
51  46
51  47
51  48
51  49
51  50
51  51
51  52
51  53
51  54
51  55
51  56
51  57
51  58
51  59
51  60
51  61
51  62
51  63
51  64
51  65
51  66
51  67
51  68
51  69
51  70
51  71
51  72
51  73
51  74
51  75
51  76
51  77
51  78
51  79
51  80
51  81
51  82
51  83
51  84
51  85
51  86
51  87
51  88
51  89
51  90
51  91
51  92
51  93
51  94
51  95
51  96
51  97
51  98
51  99
51  100
51  101
51  102
51  103
51  104
51  105
51  106
51  107
51  108
51  109
51  110
51  111
51  112
51  113
51  114
51  115
51  116
51  117
51  118
51  119
51  120
51  121
51  122
51  123
51  124
51  125
51  126
51  127
51  160
51  161
51  162
51  163
51  164
51  165
51  166
51  167
51  168
51  169
51  170
51  171
51  172
51  173
51  174
51  175
51  176
51  177
51  178
51  179
51  180
51  181
51  182
51  183
51  184
51  185
51  186
51  187
51  188
51  189
51  190
51  191
51  192
51  193
51  194
51  195
51  196
51  197
51  198
51  199
51  200
51  201
51  202
51  203
51  204
51  205
51  206
51  207
51  208
51  209
51  210
51  211
51  212
51  213
51  214
51  215
51  216
51  217
51  218
51  219
51  220
51  221
51  222
51  223
51  224
51  225
51  226
51  227
51  228
51  229
51  230
51  231
51  232
51  233
51  234
51  235
51  236
51  237
51  238
51  239
51  240
51  241
51  242
51  243
51  244
51  245
51  246
51  247
51  248
51  249
51  250
51  251
51  252
51  253
51  254
51  255
51  256
51  257
51  258
51  259
51  260
51  261
51  262
51  263
51  264
51  265
51  266
51  267
51  268
51  269
51  270
51  271
51  272
51  273
51  274
51  275
51  276
51  277
51  278
51  279
51  280
51  281
51  282
51  283
51  284
51  285
51  286
51  287
51  288
51  289
51  290
51  291
51  292
51  293
51  294
51  295
51  296
51  297
51  298
51  299
51  300
51  301
51  302
51  303
51  304
51  305
51  306
51  307
51  308
51  309
51  310
51  311
51  312
51  313
51  314
51  315
51  316
51  317
51  318
51  319
51  352
51  353
51  354
51  355
51  356
51  357
51  358
51  359
51  360
51  361
51  362
51  363
51  364
51  365
51  366
51  367
51  368
51  369
51  370
51  371
51  372
51  373
51  374
51  375
51  376
51  377
51  378
51  379
51  380
51  381
51  382
51  383
52  0
52  1
52  2
52  3
52  4
52  5
52  6
52  7
52  8
52  9
52  10
52  11
52  12
52  13
52  14
52  15
52  16
52  17
52  18
52  19
52  20
52  21
52  22
52  23
52  24
52  25
52  26
52  27
52  28
52  29
52  30
52  31
52  32
52  33
52  34
52  35
52  36
52  37
52  38
52  39
52  40
52  41
52  42
52  43
52  44
52  45
52  46
52  47
52  48
52  49
52  50
52  51
52  52
52  53
52  54
52  55
52  56
52  57
52  58
52  59
52  60
52  61
52  62
52  63
52  64
52  65
52  66
52  67
52  68
52  69
52  70
52  71
52  72
52  73
52  74
52  75
52  76
52  77
52  78
52  79
52  80
52  81
52  82
52  83
52  84
52  85
52  86
52  87
52  88
52  89
52  90
52  91
52  92
52  93
52  94
52  95
52  96
52  97
52  98
52  99
52  100
52  101
52  102
52  103
52  104
52  105
52  106
52  107
52  108
52  109
52  110
52  111
52  112
52  113
52  114
52  115
52  116
52  117
52  118
52  119
52  120
52  121
52  122
52  123
52  124
52  125
52  126
52  127
52  160
52  161
52  162
52  163
52  164
52  165
52  166
52  167
52  168
52  169
52  170
52  171
52  172
52  173
52  174
52  175
52  176
52  177
52  178
52  179
52  180
52  181
52  182
52  183
52  184
52  185
52  186
52  187
52  188
52  189
52  190
52  191
52  192
52  193
52  194
52  195
52  196
52  197
52  198
52  199
52  200
52  201
52  202
52  203
52  204
52  205
52  206
52  207
52  208
52  209
52  210
52  211
52  212
52  213
52  214
52  215
52  216
52  217
52  218
52  219
52  220
52  221
52  222
52  223
52  224
52  225
52  226
52  227
52  228
52  229
52  230
52  231
52  232
52  233
52  234
52  235
52  236
52  237
52  238
52  239
52  240
52  241
52  242
52  243
52  244
52  245
52  246
52  247
52  248
52  249
52  250
52  251
52  252
52  253
52  254
52  255
52  256
52  257
52  258
52  259
52  260
52  261
52  262
52  263
52  264
52  265
52  266
52  267
52  268
52  269
52  270
52  271
52  272
52  273
52  274
52  275
52  276
52  277
52  278
52  279
52  280
52  281
52  282
52  283
52  284
52  285
52  286
52  287
52  288
52  289
52  290
52  291
52  292
52  293
52  294
52  295
52  296
52  297
52  298
52  299
52  300
52  301
52  302
52  303
52  304
52  305
52  306
52  307
52  308
52  309
52  310
52  311
52  312
52  313
52  314
52  315
52  316
52  317
52  318
52  319
52  352
52  353
52  354
52  355
52  356
52  357
52  358
52  359
52  360
52  361
52  362
52  363
52  364
52  365
52  366
52  367
52  368
52  369
52  370
52  371
52  372
52  373
52  374
52  375
52  376
52  377
52  378
52  379
52  380
52  381
52  382
52  383
53  0
53  1
53  2
53  3
53  4
53  5
53  6
53  7
53  8
53  9
53  10
53  11
53  12
53  13
53  14
53  15
53  16
53  17
53  18
53  19
53  20
53  21
53  22
53  23
53  24
53  25
53  26
53  27
53  28
53  29
53  30
53  31
53  32
53  33
53  34
53  35
53  36
53  37
53  38
53  39
53  40
53  41
53  42
53  43
53  44
53  45
53  46
53  47
53  48
53  49
53  50
53  51
53  52
53  53
53  54
53  55
53  56
53  57
53  58
53  59
53  60
53  61
53  62
53  63
53  64
53  65
53  66
53  67
53  68
53  69
53  70
53  71
53  72
53  73
53  74
53  75
53  76
53  77
53  78
53  79
53  80
53  81
53  82
53  83
53  84
53  85
53  86
53  87
53  88
53  89
53  90
53  91
53  92
53  93
53  94
53  95
53  96
53  97
53  98
53  99
53  100
53  101
53  102
53  103
53  104
53  105
53  106
53  107
53  108
53  109
53  110
53  111
53  112
53  113
53  114
53  115
53  116
53  117
53  118
53  119
53  120
53  121
53  122
53  123
53  124
53  125
53  126
53  127
53  160
53  161
53  162
53  163
53  164
53  165
53  166
53  167
53  168
53  169
53  170
53  171
53  172
53  173
53  174
53  175
53  176
53  177
53  178
53  179
53  180
53  181
53  182
53  183
53  184
53  185
53  186
53  187
53  188
53  189
53  190
53  191
53  192
53  193
53  194
53  195
53  196
53  197
53  198
53  199
53  200
53  201
53  202
53  203
53  204
53  205
53  206
53  207
53  208
53  209
53  210
53  211
53  212
53  213
53  214
53  215
53  216
53  217
53  218
53  219
53  220
53  221
53  222
53  223
53  224
53  225
53  226
53  227
53  228
53  229
53  230
53  231
53  232
53  233
53  234
53  235
53  236
53  237
53  238
53  239
53  240
53  241
53  242
53  243
53  244
53  245
53  246
53  247
53  248
53  249
53  250
53  251
53  252
53  253
53  254
53  255
53  256
53  257
53  258
53  259
53  260
53  261
53  262
53  263
53  264
53  265
53  266
53  267
53  268
53  269
53  270
53  271
53  272
53  273
53  274
53  275
53  276
53  277
53  278
53  279
53  280
53  281
53  282
53  283
53  284
53  285
53  286
53  287
53  288
53  289
53  290
53  291
53  292
53  293
53  294
53  295
53  296
53  297
53  298
53  299
53  300
53  301
53  302
53  303
53  304
53  305
53  306
53  307
53  308
53  309
53  310
53  311
53  312
53  313
53  314
53  315
53  316
53  317
53  318
53  319
53  352
53  353
53  354
53  355
53  356
53  357
53  358
53  359
53  360
53  361
53  362
53  363
53  364
53  365
53  366
53  367
53  368
53  369
53  370
53  371
53  372
53  373
53  374
53  375
53  376
53  377
53  378
53  379
53  380
53  381
53  382
53  383
54  0
54  1
54  2
54  3
54  4
54  5
54  6
54  7
54  8
54  9
54  10
54  11
54  12
54  13
54  14
54  15
54  16
54  17
54  18
54  19
54  20
54  21
54  22
54  23
54  24
54  25
54  26
54  27
54  28
54  29
54  30
54  31
54  32
54  33
54  34
54  35
54  36
54  37
54  38
54  39
54  40
54  41
54  42
54  43
54  44
54  45
54  46
54  47
54  48
54  49
54  50
54  51
54  52
54  53
54  54
54  55
54  56
54  57
54  58
54  59
54  60
54  61
54  62
54  63
54  64
54  65
54  66
54  67
54  68
54  69
54  70
54  71
54  72
54  73
54  74
54  75
54  76
54  77
54  78
54  79
54  80
54  81
54  82
54  83
54  84
54  85
54  86
54  87
54  88
54  89
54  90
54  91
54  92
54  93
54  94
54  95
54  96
54  97
54  98
54  99
54  100
54  101
54  102
54  103
54  104
54  105
54  106
54  107
54  108
54  109
54  110
54  111
54  112
54  113
54  114
54  115
54  116
54  117
54  118
54  119
54  120
54  121
54  122
54  123
54  124
54  125
54  126
54  127
54  160
54  161
54  162
54  163
54  164
54  165
54  166
54  167
54  168
54  169
54  170
54  171
54  172
54  173
54  174
54  175
54  176
54  177
54  178
54  179
54  180
54  181
54  182
54  183
54  184
54  185
54  186
54  187
54  188
54  189
54  190
54  191
54  192
54  193
54  194
54  195
54  196
54  197
54  198
54  199
54  200
54  201
54  202
54  203
54  204
54  205
54  206
54  207
54  208
54  209
54  210
54  211
54  212
54  213
54  214
54  215
54  216
54  217
54  218
54  219
54  220
54  221
54  222
54  223
54  224
54  225
54  226
54  227
54  228
54  229
54  230
54  231
54  232
54  233
54  234
54  235
54  236
54  237
54  238
54  239
54  240
54  241
54  242
54  243
54  244
54  245
54  246
54  247
54  248
54  249
54  250
54  251
54  252
54  253
54  254
54  255
54  256
54  257
54  258
54  259
54  260
54  261
54  262
54  263
54  264
54  265
54  266
54  267
54  268
54  269
54  270
54  271
54  272
54  273
54  274
54  275
54  276
54  277
54  278
54  279
54  280
54  281
54  282
54  283
54  284
54  285
54  286
54  287
54  288
54  289
54  290
54  291
54  292
54  293
54  294
54  295
54  296
54  297
54  298
54  299
54  300
54  301
54  302
54  303
54  304
54  305
54  306
54  307
54  308
54  309
54  310
54  311
54  312
54  313
54  314
54  315
54  316
54  317
54  318
54  319
54  352
54  353
54  354
54  355
54  356
54  357
54  358
54  359
54  360
54  361
54  362
54  363
54  364
54  365
54  366
54  367
54  368
54  369
54  370
54  371
54  372
54  373
54  374
54  375
54  376
54  377
54  378
54  379
54  380
54  381
54  382
54  383
55  0
55  1
55  2
55  3
55  4
55  5
55  6
55  7
55  8
55  9
55  10
55  11
55  12
55  13
55  14
55  15
55  16
55  17
55  18
55  19
55  20
55  21
55  22
55  23
55  24
55  25
55  26
55  27
55  28
55  29
55  30
55  31
55  32
55  33
55  34
55  35
55  36
55  37
55  38
55  39
55  40
55  41
55  42
55  43
55  44
55  45
55  46
55  47
55  48
55  49
55  50
55  51
55  52
55  53
55  54
55  55
55  56
55  57
55  58
55  59
55  60
55  61
55  62
55  63
55  64
55  65
55  66
55  67
55  68
55  69
55  70
55  71
55  72
55  73
55  74
55  75
55  76
55  77
55  78
55  79
55  80
55  81
55  82
55  83
55  84
55  85
55  86
55  87
55  88
55  89
55  90
55  91
55  92
55  93
55  94
55  95
55  96
55  97
55  98
55  99
55  100
55  101
55  102
55  103
55  104
55  105
55  106
55  107
55  108
55  109
55  110
55  111
55  112
55  113
55  114
55  115
55  116
55  117
55  118
55  119
55  120
55  121
55  122
55  123
55  124
55  125
55  126
55  127
55  160
55  161
55  162
55  163
55  164
55  165
55  166
55  167
55  168
55  169
55  170
55  171
55  172
55  173
55  174
55  175
55  176
55  177
55  178
55  179
55  180
55  181
55  182
55  183
55  184
55  185
55  186
55  187
55  188
55  189
55  190
55  191
55  192
55  193
55  194
55  195
55  196
55  197
55  198
55  199
55  200
55  201
55  202
55  203
55  204
55  205
55  206
55  207
55  208
55  209
55  210
55  211
55  212
55  213
55  214
55  215
55  216
55  217
55  218
55  219
55  220
55  221
55  222
55  223
55  224
55  225
55  226
55  227
55  228
55  229
55  230
55  231
55  232
55  233
55  234
55  235
55  236
55  237
55  238
55  239
55  240
55  241
55  242
55  243
55  244
55  245
55  246
55  247
55  248
55  249
55  250
55  251
55  252
55  253
55  254
55  255
55  256
55  257
55  258
55  259
55  260
55  261
55  262
55  263
55  264
55  265
55  266
55  267
55  268
55  269
55  270
55  271
55  272
55  273
55  274
55  275
55  276
55  277
55  278
55  279
55  280
55  281
55  282
55  283
55  284
55  285
55  286
55  287
55  288
55  289
55  290
55  291
55  292
55  293
55  294
55  295
55  296
55  297
55  298
55  299
55  300
55  301
55  302
55  303
55  304
55  305
55  306
55  307
55  308
55  309
55  310
55  311
55  312
55  313
55  314
55  315
55  316
55  317
55  318
55  319
55  352
55  353
55  354
55  355
55  356
55  357
55  358
55  359
55  360
55  361
55  362
55  363
55  364
55  365
55  366
55  367
55  368
55  369
55  370
55  371
55  372
55  373
55  374
55  375
55  376
55  377
55  378
55  379
55  380
55  381
55  382
55  383
