1
-90   90   0
3
0   75   60
75   105   90
105   180   120
0  7
0  60   0   1   4.561798e-06     0.01072271          1e-06   3.763538e-05          0.001            -40      0.5608283
0  60   0   0    2.62475e-06    0.006610868   1.001057e-06   7.427149e-05   0.0009999999            -40      0.5741198
1  60   0   1   2.547228e-06    0.005871714   1.000014e-06   7.456196e-05   0.0009999999            -40      0.5810791
1  60   0   0   2.284315e-06    0.006217309   1.000021e-06   8.048024e-05          0.001            -40      0.5869128
2  60   0   1   2.153742e-06     0.00503858   1.000082e-06   8.467792e-05   0.0009999999            -40      0.5997079
2  60   0   0   2.015976e-06    0.004544525   1.000002e-06   8.653973e-05   0.0009999998            -40      0.6061807
3  60   0   1   3.644542e-06    0.008082604   1.000003e-06   5.726948e-05   0.0009999998            -40      0.6008361
3  60   0   0   1.817204e-06         0.0045   1.347849e-05     9.6363e-05   0.0009999999      -39.99959      0.6227039
4  60   0   1   3.253862e-06    0.007101952   1.000193e-06    6.48111e-05          0.001            -40      0.6195412
4  60   0   0   2.593522e-06    0.005495682   9.696539e-05   6.200867e-05   0.0009999999            -40      0.6368758
5  60   0   1   2.929219e-06     0.00503447   2.530073e-06   7.624568e-05    0.000455653      -38.53623      0.6034541
5  60   0   0   3.180729e-06    0.006252937   4.849349e-06   7.315391e-05   0.0003530216      -33.15466      0.5968231
6  60   0   1   2.401453e-06    0.004500002   2.522213e-05   9.469345e-05          0.001            -40      0.6526016
6  60   0   0    3.74921e-06    0.008044521   1.000986e-06   6.876094e-05   0.0005457866       -39.9951      0.5954405
7  60   0   1   4.145813e-06    0.007424348   1.000688e-06   6.678823e-05   0.0007597779      -30.24408      0.6779779
7  60   0   0   4.214128e-06     0.01057978   1.000075e-06    6.42281e-05          0.001            -40      0.6416057
8  60   0   1   4.040441e-06     0.00750283   1.000088e-06   0.0001406214          0.001            -40      0.6501791
8  60   0   0   5.854905e-06    0.008265861   1.000033e-06   0.0001005465   0.0003577646            -40      0.5651998
9  60   0   1   5.865279e-06    0.008692897   1.000015e-06   7.675176e-05          0.001            -40      0.6610926
9  60   0   0   5.377247e-06     0.00887958   4.926596e-05   6.968016e-05   0.0006458117      -20.90371      0.7244038
10  60   0   1   5.122028e-06    0.007575924          1e-06   9.449787e-05   0.0009999994            -40      0.6761605
10  60   0   0   6.321914e-06     0.01114752          1e-06   8.204376e-05          0.001            -40       0.684662
11  60   0   1   6.012081e-06    0.009917013          1e-06   5.774289e-05   0.0009999995      -20.62062      0.7838911
11  60   0   0   4.017562e-06    0.004792452          1e-06   8.876385e-05   0.0009999979            -40      0.7161833
12  60   0   1    6.66373e-06    0.006818047   1.000002e-06   6.347807e-05          0.001            -40      0.7238577
12  60   0   0   5.082644e-06    0.006680689   1.000002e-06   7.824056e-05   0.0009999999            -40      0.7362179
13  60   0   1   6.029668e-06    0.007976642   1.000014e-06   7.948042e-05   0.0005399975      -39.99994      0.7089494
13  60   0   0   8.558635e-06     0.01020884          1e-06   5.283914e-05   0.0007269185      -39.99988      0.7208504
14  60   0   1   6.195047e-06    0.009398449    1.00042e-06   6.920151e-05   0.0009999598      -33.54046      0.7081465
14  60   0   0     4.2519e-06    0.005897243          1e-06   9.667055e-05          0.001            -40      0.7261414
15  60   0   1    6.60471e-06    0.008595728   0.0002138018   4.183374e-06   0.0009992015      -33.24733      0.7688431
15  60   0   0   6.014309e-06     0.00717024   1.000005e-06   8.116883e-05   0.0009999973            -40      0.7278468
16  60   0   1   9.010873e-06    0.009675277          1e-06   5.426123e-05   0.0006409242      -39.99999      0.7006304
16  60   0   0   7.947688e-06    0.008774736   1.000001e-06   7.634344e-05   0.0005622548            -40      0.7026747
17  60   0   1   6.853214e-06     0.00602671          1e-06   6.738695e-05   0.0005938914      -39.99999      0.7092923
17  60   0   0   5.085671e-06         0.0045    1.00007e-06   9.707464e-05   0.0006173455      -39.99998      0.7405953
18  60   0   1   5.775101e-06    0.004696363   1.000001e-06     9.4421e-05   0.0009999999      -28.92187       0.802316
18  60   0   0    6.75677e-06    0.007069442   1.000003e-06   0.0001128533          0.001      -39.99996      0.7759536
19  60   0   1   5.353002e-06    0.004628792   1.000001e-06   6.676822e-05   0.0002122805            -40      0.6922377
19  60   0   0   6.300576e-06    0.006557845   1.000003e-06   6.449974e-05          0.001      -24.52718      0.8828982
20  60   0   1   7.054857e-06    0.008742081   1.000002e-06   7.452638e-05    0.000661312            -40      0.7174336
20  60   0   0   8.129799e-06    0.009925071    1.00066e-06   7.031075e-05   0.0007754554      -39.99958      0.7281495
21  60   0   1   6.213601e-06    0.008967102   1.000015e-06   7.755079e-05   0.0008407783      -39.99999      0.7461122
21  60   0   0   8.887348e-06     0.01010836   1.000009e-06   5.119207e-05   0.0004808426      -39.99991      0.7043065
22  60   0   1   6.270189e-06    0.007594725   1.000021e-06   6.521104e-05   0.0009999996      -23.99409      0.8470139
22  60   0   0   7.327249e-06    0.009790512   1.000005e-06   6.689829e-05          0.001      -25.56608      0.8402396
23  60   0   1    5.07313e-06    0.005829863   1.000067e-06   6.793674e-05   0.0009999997      -26.49528      0.8527814
23  60   0   0   6.646472e-06     0.00701181   1.000001e-06   5.243536e-05   0.0008641656      -19.24472      0.8903556
24  60   0   1   7.497604e-06     0.01167542   1.000005e-06   5.669898e-05    0.000685072            -40      0.7974433
24  60   0   0   7.145884e-06      0.0112439   7.270425e-05   3.366446e-05          0.001            -40      0.8359204
25  60   0   1    7.35524e-06     0.00907466   3.342106e-05   4.994412e-05   0.0009999989      -21.72856      0.9178004
25  60   0   0   6.355738e-06    0.007307709          1e-06   6.679215e-05   0.0003729785            -40      0.7693406
26  60   0   1   5.544793e-06    0.006352655   1.000123e-06   6.205574e-05          0.001      -29.79912      0.8162452
26  60   0   0   5.013488e-06    0.005774591   1.000014e-06   6.377459e-05          0.001      -20.90578      0.8562486
27  60   0   1   7.320723e-06    0.005916133   0.0001084125   3.033075e-05          0.001            -40      0.8015463
27  60   0   0   6.182446e-06    0.007738355   1.000039e-06    8.10942e-05          0.001            -40      0.8007704
28  60   0   1   6.530274e-06    0.006057411   3.419721e-05   5.176008e-05   0.0009999996      -32.74573       0.851782
28  60   0   0   7.319422e-06    0.007953586          1e-06   5.769474e-05   0.0009999674      -27.97601      0.8633385
29  60   0   1   7.487355e-06    0.006609257   0.0001575249    1.00248e-08          0.001      -38.11455      0.8521755
29  60   0   0   7.196681e-06    0.007791751   1.000038e-06   5.790887e-05          0.001       -30.7258      0.8512671
30  60   0   1   6.090382e-06    0.007042239   8.592779e-06   5.935965e-05   0.0007061954      -21.77798      0.9213987
30  60   0   0   9.270876e-06     0.01111037    8.62845e-05   1.020984e-05   0.0009999793      -18.41786      0.9817832
31  60   0   1   7.647274e-06    0.006982383   6.928873e-05   1.836071e-05          0.001            -40      0.8684755
31  60   0   0   6.526287e-06    0.008203598   1.000354e-06   5.738786e-05          0.001            -40      0.8717898
32  60   0   1   9.359425e-06     0.01399517   0.0001088659   1.000054e-08   0.0009999999      -27.52923      0.8671767
32  60   0   0   6.250441e-06    0.006367876   1.000001e-06   5.356704e-05          0.001      -28.60787      0.8549908
33  60   0   1     9.0855e-06    0.009777637          1e-06   5.321822e-05   0.0009999979      -28.40662      0.8647846
33  60   0   0   9.327124e-06     0.01172168   0.0001334438    1.00001e-08          0.001      -33.41538      0.8382567
34  60   0   1     7.7549e-06     0.01053212   1.000031e-06   4.508675e-05   0.0009999979      -26.24986       0.878201
34  60   0   0    9.18322e-06     0.01126824   1.000002e-06   4.293115e-05          0.001      -32.93252      0.8672795
35  60   0   1   1.024593e-05     0.01150285   0.0001341315   1.013896e-08   0.0009999949       -31.3123      0.8940017
35  60   0   0   7.236365e-06    0.008328568   0.0001633656   1.017247e-08          0.001       -29.0984       0.914451
36  60   0   1   8.870646e-06    0.009354444   0.0001369335   1.000252e-08          0.001      -30.49881      0.8946172
36  60   0   0   7.956175e-06    0.007562661   8.741564e-05   3.267076e-05          0.001            -40       0.870511
37  60   0   1    8.45818e-06    0.009343483   0.0001415718   1.000216e-08          0.001            -40      0.9075924
37  60   0   0   9.597666e-06     0.01051355    7.44353e-05    1.00004e-08          0.001      -14.37558       1.013872
38  60   0   1   5.276875e-06    0.005632056   1.052929e-06   6.708936e-05          0.001       -39.4776      0.8379948
38  60   0   0   6.045221e-06    0.007231484    9.55985e-05   2.249902e-05          0.001            -40      0.8339101
39  60   0   1   6.511126e-06    0.008003522   1.000041e-06   5.651996e-05   0.0009999918      -16.72528      0.9846848
39  60   0   0   7.852884e-06     0.01177599   1.000136e-06   3.426538e-05   0.0009144326      -12.09705       1.004821
40  60   0   1   7.091463e-06    0.007855309    0.000139979          1e-08          0.001            -40      0.8895096
40  60   0   0   6.457485e-06    0.007313425   0.0001016486   1.380416e-05   0.0009999999            -40      0.8962207
41  60   0   1   7.353479e-06    0.008750365   0.0001085643     1.0017e-08          0.001            -40      0.8929606
41  60   0   0   7.246511e-06    0.008368409   8.121939e-05   1.056175e-05          0.001            -40      0.8847724
42  60   0   1   7.573835e-06    0.007987576   5.880373e-05   2.440681e-05   0.0003079889      -39.99998       0.831642
42  60   0   0   1.018667e-05      0.0143144   7.211578e-05   4.599533e-06   0.0003630652      -39.99997      0.8426958
43  60   0   1   7.052591e-06    0.009532577   1.000199e-06   4.783234e-05          0.001      -23.00587      0.9845046
43  60   0   0   6.994231e-06    0.008427721   1.000006e-06   5.112712e-05   0.0009999789      -28.29434      0.9629203
44  60   0   1   6.935377e-06     0.00842701   1.000031e-06   6.493989e-05   0.0003667438            -40      0.7922559
44  60   0   0   6.827578e-06    0.006720234          1e-06   6.809345e-05   0.0004600914            -40      0.8186868
45  60   0   1   7.302115e-06    0.007562046    0.000114054   1.854724e-05   0.0009999997      -26.44534      0.9322206
45  60   0   0    8.16946e-06     0.01086676   1.001401e-06   6.015587e-05   0.0009999998      -28.60553       0.904967
46  60   0   1   8.881306e-06     0.01054022   0.0001341296   1.004318e-08          0.001            -40      0.9024149
46  60   0   0   8.234309e-06    0.009233806   0.0001431801   1.002346e-08          0.001            -40      0.9083911
47  60   0   1   6.789322e-06    0.009190888   6.265232e-05   2.398244e-05   0.0009999997      -32.72408      0.9319459
47  60   0   0   7.176371e-06    0.009345831   4.479581e-05   3.329891e-05   0.0005792287            -40      0.8878465
48  60   0   1   8.496622e-06    0.009822381   2.532657e-05    4.35452e-05   0.0008165816      -30.12459      0.9349262
48  60   0   0   8.465608e-06     0.01039894   0.0001100894    4.60097e-06   0.0009999982      -30.36972      0.9391518
49  60   0   1    1.04164e-05     0.01237646   9.217647e-05   1.497545e-08          0.001      -29.46194      0.9779948
49  60   0   0   9.790862e-06       0.015991   7.973248e-05   1.000002e-08          0.001      -23.80409      0.9830321
50  60   0   1   6.391898e-06    0.007081758   1.006362e-06   4.641343e-05          0.001      -38.33556      0.8781011
50  60   0   0   8.530131e-06    0.008936063    8.65053e-05   1.006601e-08          0.001      -29.18574      0.9140398
51  60   0   1   8.136617e-06    0.008314896   0.0001116827          1e-08          0.001            -40      0.9112017
51  60   0   0   6.712976e-06    0.007431914   1.000001e-06   5.248175e-05          0.001      -26.97926      0.9378078
52  60   0   1   1.069897e-05     0.01270806   0.0001029227   1.001837e-08   0.0009999998      -32.14281      0.9384062
52  60   0   0   7.927847e-06     0.00735908   1.000001e-06    5.74881e-05          0.001            -40      0.8978681
53  60   0   1    5.25266e-06    0.006501839   2.448341e-05   4.487007e-05   0.0009999987      -27.55515      0.9811283
53  60   0   0   6.996154e-06      0.0097086   4.887563e-05   1.828057e-05          0.001       -27.6783      0.9713465
54  60   0   1    6.50812e-06    0.009005596   1.251009e-05   3.675592e-05          0.001      -22.89868        1.00579
54  60   0   0   7.938214e-06     0.01039891   8.658456e-05   1.023001e-08   0.0009999994      -22.96982       1.017035
55  60   0   1   5.647141e-06    0.008603718   1.000007e-06   4.068734e-05    0.000999999      -39.22956      0.9839708
55  60   0   0   7.675766e-06     0.01484353   3.414396e-05   1.998322e-05          0.001            -40      0.9786545
0  90   0   1   3.163235e-06      0.0074182   1.001039e-06   7.807549e-05          0.001            -40      0.5737656
0  90   0   0    2.87236e-06    0.006679212     1.0001e-06   8.847919e-05          0.001            -40      0.5892622
1  90   0   1   2.447082e-06    0.005643705   4.786413e-05   7.901306e-05          0.001            -40      0.5821846
1  90   0   0   2.019332e-06    0.005002526   1.000046e-06    9.94942e-05   0.0009999999            -40      0.5994207
2  90   0   1   3.908262e-06    0.008419101   0.0001167544   3.932551e-05   0.0008124848      -39.81274      0.5827442
2  90   0   0   3.346826e-06    0.007298944   1.000528e-06   6.288878e-05   0.0002513981            -40      0.4944823
3  90   0   1   3.227382e-06    0.007023595    6.97327e-06   8.151539e-05   0.0009999995      -39.99995      0.6081209
3  90   0   0   2.795748e-06    0.005593558   6.196205e-05   6.585179e-05   0.0009933176      -24.46503      0.6805021
4  90   0   1    4.11047e-06    0.007000411   0.0002822121   1.001107e-08          0.001      -36.17168      0.6663851
4  90   0   0   3.495655e-06    0.006168301   4.216516e-06   6.796412e-05   0.0003683529      -39.86676      0.5579257
5  90   0   1   3.578574e-06    0.006470666   9.006154e-05   6.497625e-05    0.000999944      -31.25755      0.6961077
5  90   0   0   2.601252e-06    0.004513733   1.335192e-06   9.771662e-05   0.0003394241      -39.99959      0.5875422
6  90   0   1   3.840484e-06    0.006451511   1.000223e-06   8.076196e-05          0.001            -40      0.6281909
6  90   0   0   5.254566e-06    0.008818649   0.0002726426   2.479339e-08          0.001      -38.96733      0.6574751
7  90   0   1   4.733954e-06     0.00740468   6.028789e-06   6.617294e-05    0.000972282      -21.82528       0.726621
7  90   0   0   4.949235e-06    0.007682407   0.0002614111   3.768328e-07   0.0009999999       -31.6765      0.6931834
8  90   0   1   6.206202e-06    0.009560372   1.439711e-06   0.0001266556   0.0007914094      -23.46174      0.6879641
8  90   0   0   7.505674e-06     0.01234872   1.000075e-06   0.0001197486   0.0009999944            -40      0.6303098
9  90   0   1   5.772851e-06    0.009860825   1.022141e-06   0.0001056142   0.0009377016      -29.24174      0.6898534
9  90   0   0   5.508313e-06    0.007075695   1.000007e-06   0.0001144825   0.0009999965            -40      0.6626213
10  90   0   1   7.836792e-06    0.009977374   1.000005e-06     7.4452e-05   0.0009998749            -40       0.659879
10  90   0   0    7.88181e-06     0.01042932   2.978927e-06   7.621018e-05   0.0004906115      -39.50782      0.6278496
11  90   0   1    6.87267e-06     0.01075295   1.000004e-06   7.682849e-05   0.0009999987            -40       0.702552
11  90   0   0   6.667921e-06    0.008745267   1.000002e-06   7.961274e-05   0.0006269404            -40      0.6829602
12  90   0   1   6.840179e-06    0.009153331          1e-06   9.853353e-05          0.001      -39.31634      0.7294991
12  90   0   0   5.885156e-06    0.008815996   1.000011e-06   9.503875e-05          0.001            -40      0.7324482
13  90   0   1   6.688772e-06    0.007156962   1.000215e-06   0.0001003404   0.0009999941      -39.99997      0.7473711
13  90   0   0   7.593521e-06    0.009560159    1.00015e-06   9.211955e-05   0.0009999998      -34.48463      0.7560842
14  90   0   1   6.846578e-06    0.006829188          1e-06   8.870447e-05   0.0005302684            -40       0.656935
14  90   0   0   6.155366e-06    0.006964388          1e-06   9.463443e-05   0.0005068235            -40      0.6582701
15  90   0   1   6.282634e-06    0.006937953   1.000001e-06   9.058317e-05          0.001            -40      0.7172941
15  90   0   0   6.817542e-06    0.007080256          1e-06   9.017338e-05          0.001            -40      0.7202273
16  90   0   1   9.417317e-06    0.008051134    1.00004e-06   5.371218e-05   0.0003305801            -40      0.6201254
16  90   0   0   9.116766e-06    0.008659907   1.000001e-06   8.779352e-05   0.0006771093      -31.85879      0.7243278
17  90   0   1    8.57408e-06    0.007704929   1.000001e-06   8.011587e-05   0.0004903013      -39.99996      0.6892589
17  90   0   0    9.72551e-06    0.006549967          1e-06   7.196862e-05   0.0002942684            -40      0.6493936
18  90   0   1   1.008332e-05    0.009025168   1.000005e-06    9.15793e-05   0.0006498349            -40      0.7252005
18  90   0   0   8.851428e-06    0.005613007   1.000001e-06   0.0001275786   0.0009999999      -38.04744      0.7675289
19  90   0   1   7.592129e-06    0.006054788   1.000004e-06   7.707666e-05   0.0009999931      -29.64139      0.8267061
19  90   0   0   8.885593e-06    0.005712172   1.000001e-06   8.792865e-05   0.0002892494            -40      0.7182711
20  90   0   1   7.881714e-06    0.007493654          1e-06   8.492109e-05   0.0005203297      -39.99986      0.6965279
20  90   0   0   8.530124e-06    0.008200729   1.000032e-06   7.906892e-05          0.001      -24.95593       0.792425
21  90   0   1   8.974809e-06     0.01015228   1.000002e-06   6.767901e-05   0.0009999936      -31.40869      0.7680549
21  90   0   0    8.13826e-06    0.008122614          1e-06   7.730818e-05   0.0005729898      -39.99985       0.717718
22  90   0   1   7.537556e-06    0.006662744   1.003846e-06   7.344353e-05   0.0009999352      -29.45023      0.8142711
22  90   0   0   8.329497e-06    0.007601131   5.223267e-05   4.768805e-05   0.0009999998      -25.26719      0.8301731
23  90   0   1   8.065625e-06    0.008573877   1.000133e-06   5.927753e-05   0.0008889897      -21.10134      0.8700904
23  90   0   0   8.495523e-06    0.008197256   1.000005e-06   5.497349e-05   0.0009999991      -22.21675      0.8624955
24  90   0   1   7.534934e-06    0.007594569   1.153607e-06   6.796814e-05          0.001      -26.84222      0.8614123
24  90   0   0   1.029203e-05     0.01000048   0.0001272294   5.423251e-06          0.001      -32.39393      0.8434113
25  90   0   1   8.535034e-06    0.008280303   2.072932e-05   7.135141e-05   0.0009999999      -33.96738       0.835223
25  90   0   0   9.275885e-06    0.008438977   7.875989e-05    4.67141e-05   0.0009958034      -37.98362      0.8366875
26  90   0   1   7.478788e-06    0.007160132          1e-06   6.284218e-05          0.001      -30.69938      0.8070159
26  90   0   0    5.42566e-06     0.00518157   1.937304e-05   7.370456e-05          0.001      -39.99841      0.7870141
27  90   0   1   7.500182e-06    0.004984443   1.000098e-06   9.838473e-05          0.001      -39.99985      0.7910935
27  90   0   0   7.991613e-06    0.005652675   1.000004e-06   8.961355e-05   0.0007899182       -39.6782      0.7625421
28  90   0   1   9.734271e-06    0.008636178   1.000004e-06   5.616983e-05   0.0008434061      -23.84153      0.8590076
28  90   0   0   8.909116e-06    0.007319077          1e-06   6.396339e-05   0.0004768579      -35.44409      0.7693488
29  90   0   1   7.383907e-06    0.005325058    1.02547e-06   8.378776e-05          0.001      -38.34709      0.8274864
29  90   0   0   9.245089e-06    0.006423209    1.00001e-06   6.505436e-05          0.001      -37.95681      0.8207608
30  90   0   1   8.550414e-06    0.007076652   8.182708e-05   3.661972e-05          0.001      -38.31925      0.8617867
30  90   0   0   8.569806e-06    0.008507699   2.847345e-05   5.459728e-05   0.0004120192            -40      0.7849264
31  90   0   1    8.92483e-06    0.007185995   1.000043e-06   5.587472e-05          0.001      -36.50135      0.8612093
31  90   0   0   1.028129e-05    0.007920579   0.0001219505   1.000597e-08          0.001      -38.14203      0.8815971
32  90   0   1   8.503721e-06    0.007318981          1e-06   6.327558e-05   0.0004773037      -39.99995      0.7524472
32  90   0   0    8.83744e-06    0.007128439   1.000011e-06   5.805439e-05    0.000999997      -25.83645      0.8596081
33  90   0   1   8.530492e-06    0.007203642          1e-06   7.827294e-05          0.001            -40      0.8329229
33  90   0   0   8.459192e-06    0.007619111   1.000001e-06   7.248068e-05   0.0006249698      -37.62996      0.7860698
34  90   0   1   7.731932e-06    0.005459532          1e-06   6.734673e-05          0.001            -40      0.8402447
34  90   0   0   9.872559e-06    0.007715735    0.000141376    1.00395e-08          0.001            -40      0.8451967
35  90   0   1   9.605241e-06    0.007397599   0.0001780107    1.03058e-08   0.0004710825            -40      0.8217739
35  90   0   0   9.335457e-06    0.007538811   0.0001702729   1.002586e-08   0.0005169812       -39.9999      0.8204191
36  90   0   1   9.237325e-06     0.00705638   9.553232e-05   3.491232e-05          0.001      -39.99997      0.8529362
36  90   0   0   8.737668e-06    0.007061094   1.000138e-06   6.915111e-05          0.001      -33.08218      0.8699054
37  90   0   1   9.006359e-06    0.007496715   5.577816e-05   4.353795e-05          0.001            -40      0.8913917
37  90   0   0   1.073678e-05    0.008955499   0.0001316086   1.000057e-08          0.001      -32.08353      0.9135368
38  90   0   1   8.271362e-06    0.007634475   0.0001440908    1.00038e-08          0.001      -36.57546       0.840264
38  90   0   0   8.353999e-06    0.006026344   0.0001249271     1.0144e-08          0.001      -34.38946      0.8329946
39  90   0   1   9.008682e-06    0.006971075   0.0001294708   2.703539e-07   0.0009962038      -23.40985      0.9303975
39  90   0   0    7.20101e-06    0.006324241    6.95275e-06   5.475305e-05   0.0009949244      -14.57246      0.9885945
40  90   0   1   1.010811e-05    0.008694757   0.0001365739   1.002213e-08          0.001       -36.5531      0.8848415
40  90   0   0   8.396869e-06    0.007009414   6.961597e-05   2.766459e-05          0.001       -32.6795      0.8899722
41  90   0   1   8.559366e-06    0.006025691   0.0001159492   1.007033e-08   0.0009999999      -37.46184      0.8767052
41  90   0   0   7.559604e-06     0.00546068   6.075206e-05   3.552927e-05          0.001      -38.66203      0.8735199
42  90   0   1   8.960004e-06    0.006838373   0.0001276785   1.000881e-08          0.001      -37.13555      0.9126887
42  90   0   0   9.566316e-06    0.008252842   0.0001226539   1.008003e-08          0.001            -40      0.8982703
43  90   0   1   9.931407e-06     0.01004078   0.0001094469   1.000432e-08   0.0009999982      -26.11941      0.9745609
43  90   0   0   1.052066e-05      0.0110353   6.423532e-05   1.943032e-05   0.0009999985      -29.43869      0.9563728
44  90   0   1    1.04849e-05    0.009385009   1.000028e-06   5.566848e-05   0.0003853247      -39.99998       0.776248
44  90   0   0   1.073679e-05    0.009943956   0.0001233127   1.258277e-05          0.001      -35.45921      0.8736442
45  90   0   1   1.001203e-05    0.008136222   6.040283e-05   3.577065e-05   0.0009999997      -23.88083      0.9226464
45  90   0   0   1.091234e-05    0.009054134   0.0001223666   1.043457e-08   0.0009999999      -17.30239      0.9797506
46  90   0   1   1.015455e-05    0.009763929   0.0001426137   1.001227e-08          0.001            -40      0.8901526
46  90   0   0   8.844424e-06    0.008076459    0.000160626   1.000973e-08          0.001      -35.00374      0.9125218
47  90   0   1   9.971125e-06    0.009500702   0.0001059833   1.000206e-08          0.001      -32.05334      0.9217143
47  90   0   0   9.365449e-06    0.008230821   0.0001021819   1.000002e-08          0.001       -24.2402      0.9583694
48  90   0   1   1.172023e-05     0.01102705   0.0001020161   1.000884e-08          0.001      -16.66559       1.022356
48  90   0   0   1.036986e-05    0.009542617   3.192301e-05   3.265796e-05   0.0009999996      -13.04512       1.062012
49  90   0   1   1.189407e-05     0.01064654   0.0001009691   1.000022e-08          0.001      -29.41904      0.9591955
49  90   0   0   1.097743e-05     0.01075176   0.0001072171   1.000001e-08          0.001      -24.81708      0.9790051
50  90   0   1    1.13086e-05    0.008654155   0.0001087947   1.002454e-08          0.001            -40      0.8817867
50  90   0   0   9.368146e-06    0.007515934   0.0001248747   1.001137e-08          0.001            -40      0.8768749
51  90   0   1   1.092156e-05    0.008367719   0.0001121942   1.000952e-08          0.001      -32.59643      0.9163659
51  90   0   0   1.001223e-05    0.008036465   0.0001326812          1e-08          0.001            -40       0.894982
52  90   0   1   1.172515e-05    0.008345125   1.000071e-06   6.303311e-05          0.001       -32.3762      0.9090203
52  90   0   0   1.287192e-05    0.007774457   0.0001074275   8.852535e-06          0.001            -40      0.8943911
53  90   0   1   8.364772e-06    0.008025193   3.005084e-05   3.356931e-05   0.0008901394       -21.8106      0.9774299
53  90   0   0   9.768185e-06    0.008737566   9.137235e-05    1.00021e-08   0.0009999995      -20.94422      0.9955906
54  90   0   1   9.922401e-06    0.008913889   9.723071e-05   1.006679e-08   0.0007698963      -39.99998      0.9203905
54  90   0   0   8.768297e-06    0.009985353    6.62518e-06   4.964505e-05   0.0004126826      -39.99999      0.8683877
55  90   0   1   7.346968e-06    0.008203881   1.000001e-06   4.705749e-05   0.0006089045            -40      0.9434241
55  90   0   0   8.935445e-06    0.009083937   6.405488e-05   8.810248e-06          0.001      -37.62341      0.9745586
0 120   0   1   2.927145e-06    0.006390337   1.000015e-06   6.365847e-05          0.001            -40      0.5696244
0 120   0   0   5.420932e-06     0.01349035   0.0001111207   1.000021e-08          0.001            -40      0.5635906
1 120   0   1   2.739476e-06    0.007441067   1.000493e-06   6.477279e-05          0.001            -40      0.5739404
1 120   0   0   2.915687e-06      0.0087754   1.000037e-06   5.784341e-05   0.0009999999            -40      0.5696472
2 120   0   1   3.368687e-06    0.008090457   1.000225e-06   6.926365e-05   0.0009999999            -40      0.6004175
2 120   0   0   2.347138e-06    0.005705953   1.000058e-06   8.440771e-05   0.0009999996            -40      0.6002722
3 120   0   1   3.143319e-06    0.008408731   1.724196e-05   7.236626e-05   0.0009993604      -36.61618      0.6255019
3 120   0   0   2.360123e-06    0.005692111   4.423058e-05   7.085157e-05          0.001            -40      0.6128936
4 120   0   1   3.619327e-06    0.007029555   0.0002745892    1.01181e-08   0.0009999999            -40      0.6606236
4 120   0   0   3.644612e-06    0.007191358   1.000002e-06   5.741513e-05   0.0003999302            -40      0.5573294
5 120   0   1   3.173649e-06    0.005680656   4.707322e-06   7.437045e-05    0.000521905      -39.99849      0.6028219
5 120   0   0   2.559162e-06         0.0045   5.273929e-05   7.883204e-05          0.001      -39.99999      0.6553764
6 120   0   1   3.512354e-06    0.007868058    8.67928e-06   7.432602e-05   0.0009888964      -32.07694      0.6740247
6 120   0   0   2.599881e-06    0.004591893   1.000192e-06   9.064598e-05   0.0009998491      -39.99999      0.6440053
7 120   0   1   3.498331e-06    0.007058193    1.00011e-06   7.861777e-05   0.0007663994      -39.99811       0.648188
7 120   0   0   5.255545e-06     0.01325448   5.600337e-06   3.959374e-05   0.0009999994      -23.56875      0.7077604
8 120   0   1    7.98234e-06     0.01417556   1.000007e-06   7.244154e-05   0.0004212636      -39.99994      0.5615407
8 120   0   0   5.693019e-06    0.009119613   1.695539e-05   0.0001005916   0.0004952997       -31.3324      0.6206844
9 120   0   1   4.480567e-06    0.008423059   1.000001e-06   0.0001028653   0.0009999997            -40      0.6764307
9 120   0   0   6.519251e-06     0.01014493   1.000008e-06   7.704973e-05   0.0009999995            -40      0.6558829
10 120   0   1   5.481725e-06    0.008781306   1.001106e-06   8.409705e-05   0.0008358303      -37.56474      0.6727225
10 120   0   0   5.650263e-06    0.008036243   1.000198e-06   7.588739e-05   0.0009498891      -22.93522      0.7436664
11 120   0   1   6.642771e-06     0.01057547   1.000002e-06   6.144735e-05   0.0009999998            -40      0.7207914
11 120   0   0   4.964821e-06     0.00772149   1.000011e-06   7.644312e-05   0.0009688423       -35.3836      0.7300004
12 120   0   1   5.919759e-06    0.008802452   1.000023e-06   8.717067e-05          0.001            -40      0.7434447
12 120   0   0   5.088923e-06    0.009299687   1.000049e-06   7.740374e-05   0.0009999997      -31.90968      0.7633262
13 120   0   1   6.328144e-06    0.006857723   9.672236e-05   5.444519e-05   0.0009999999      -39.99999      0.7623731
13 120   0   0    4.72285e-06    0.005798466   1.000001e-06   9.702379e-05   0.0009999998      -39.99996      0.7608177
14 120   0   1   4.034938e-06    0.004500001   1.000947e-06   8.936212e-05   0.0005521927      -23.82427      0.7303951
14 120   0   0   4.653671e-06    0.005487123   1.000041e-06   9.204212e-05   0.0009183689      -39.99997       0.709002
15 120   0   1   5.541207e-06    0.006676664          1e-06   6.979605e-05          0.001            -40      0.7152131
15 120   0   0   5.577983e-06    0.005678211   1.000001e-06   7.396927e-05   0.0009299439       -39.9972      0.7094572
16 120   0   1   7.485534e-06    0.009310241          1e-06    7.22364e-05   0.0007109228            -40       0.714586
16 120   0   0    6.90214e-06    0.005718032          1e-06   8.191722e-05   0.0005839755            -40      0.6946131
17 120   0   1   7.265057e-06    0.008612647   1.000001e-06   7.688361e-05   0.0009342865      -30.77021      0.7629289
17 120   0   0   8.302174e-06    0.007336974   1.000001e-06     8.4637e-05    0.000999964      -38.20091      0.7555868
18 120   0   1   8.055504e-06     0.00723915          1e-06   9.311907e-05   0.0006507087            -40      0.7322709
18 120   0   0   8.039491e-06    0.006869547   1.000057e-06    0.000126454   0.0007995518            -40      0.7583976
19 120   0   1   6.371906e-06    0.004748535   1.000007e-06   8.237819e-05   0.0009999996      -39.99999      0.7963943
19 120   0   0   9.504926e-06    0.008097736          1e-06   8.778604e-05   0.0002536151            -40      0.7165526
20 120   0   1   9.570543e-06     0.01081314   1.000002e-06   4.628554e-05   0.0006669613      -26.57234      0.7491918
20 120   0   0   9.068315e-06    0.009658496   0.0001991445   9.696441e-08   0.0009999999      -39.99997       0.757946
21 120   0   1   5.898683e-06    0.005622487   1.000087e-06   8.661078e-05          0.001      -39.99998       0.772039
21 120   0   0   7.074329e-06    0.006827786   1.000027e-06     6.4362e-05   0.0009999978      -24.17343      0.8155858
22 120   0   1   7.691133e-06    0.007877454          1e-06   6.372857e-05   0.0009013663            -40      0.7737977
22 120   0   0   7.699412e-06     0.00696113   1.000395e-06   5.610931e-05   0.0009999988      -25.68423       0.820263
23 120   0   1   7.613658e-06    0.008119204   2.558325e-05   4.128828e-05   0.0009999992      -33.85955      0.8163616
23 120   0   0   6.870556e-06    0.007042875   1.000167e-06   5.492246e-05   0.0009999999      -19.54074      0.8871599
24 120   0   1   7.108014e-06    0.007877964    1.00018e-06   5.130487e-05   0.0009999999      -22.71058      0.8840704
24 120   0   0   8.998315e-06    0.009243786   9.181351e-05    1.42226e-05          0.001      -30.53632      0.8548127
25 120   0   1   6.838787e-06    0.006616598   1.000012e-06   6.510827e-05   0.0009999999      -29.54754      0.8517383
25 120   0   0   1.002379e-05    0.009298334   0.0001326486   1.000222e-08          0.001      -32.54049      0.8688471
26 120   0   1   5.388955e-06    0.005893932   1.000001e-06   6.320782e-05   0.0009999999        -37.646      0.7942543
26 120   0   0   4.599954e-06    0.004718823   1.000005e-06    6.99713e-05          0.001            -40      0.7927423
27 120   0   1   7.071625e-06         0.0045   1.000002e-06    8.07412e-05          0.001            -40      0.7869987
27 120   0   0   8.524111e-06    0.008156082   1.003447e-06   6.615492e-05   0.0009999999      -37.40957      0.7778646
28 120   0   1   6.622537e-06    0.005474598   1.000031e-06   6.171627e-05   0.0009999059      -28.28551      0.8610008
28 120   0   0   7.141605e-06    0.005595475   1.000189e-06    6.22913e-05   0.0009877656            -40      0.8162703
29 120   0   1   8.786565e-06    0.008089743   1.000001e-06   6.132926e-05          0.001            -40      0.8326122
29 120   0   0    1.07095e-05    0.009374926   0.0001170065   1.017272e-08          0.001            -40      0.8186457
30 120   0   1   8.652526e-06    0.006884465   0.0001149249    1.00112e-08   0.0009999998      -23.33069      0.9173092
30 120   0   0   7.862053e-06    0.007026461   1.022672e-06   5.481056e-05   0.0009999998      -19.07436      0.9473794
31 120   0   1   7.170905e-06    0.004630793   1.000082e-06   5.919842e-05          0.001      -38.82702      0.8663157
31 120   0   0   8.742681e-06    0.006660018   0.0001041844   2.916053e-06          0.001            -40      0.8620395
32 120   0   1   7.161173e-06    0.005209525   1.000001e-06   5.324585e-05     0.00075766       -30.3518      0.8330544
32 120   0   0   8.463175e-06    0.008875986   0.0001379975   1.000505e-08   0.0007530664      -39.99998       0.814532
33 120   0   1   9.715192e-06     0.01205183   2.520039e-05   3.802202e-05          0.001      -29.27105      0.8502612
33 120   0   0   6.898642e-06    0.006265541   1.000192e-06   6.143142e-05   0.0009999994      -23.99284      0.8800152
34 120   0   1   8.701085e-06    0.006379883   0.0001296433   1.000375e-08          0.001            -40      0.8567034
34 120   0   0   7.596707e-06    0.005782715   0.0001494834   1.000375e-08          0.001            -40      0.8510883
35 120   0   1   7.766404e-06    0.007568297   0.0001420521   1.000029e-08   0.0009999927      -30.52357      0.8965941
35 120   0   0   9.808968e-06     0.01063906   0.0001099233   1.017156e-05   0.0004925813            -40      0.8230957
36 120   0   1    9.32725e-06     0.01007519   0.0001125003   1.003879e-08          0.001       -27.1505      0.9102398
36 120   0   0   9.423424e-06    0.007852569   0.0001017454   1.007597e-08          0.001      -32.24013      0.8759756
37 120   0   1   9.066463e-06    0.008847822   1.481228e-05   3.406431e-05          0.001      -19.18368      0.9709534
37 120   0   0   7.451919e-06    0.007003355   0.0001266249   1.000005e-08          0.001       -38.9372      0.9025258
38 120   0   1    7.58471e-06    0.007073357    0.000118915   4.552746e-08          0.001            -40      0.8273892
38 120   0   0   6.220592e-06     0.00564126   7.853633e-05   1.817044e-05          0.001            -40      0.8258083
39 120   0   1   6.814459e-06    0.006083407   4.178895e-05   3.390453e-05   0.0005783937      -34.43806      0.8360076
39 120   0   0   7.538629e-06    0.006050003   0.0001230193   1.007153e-08   0.0008493338      -32.77663      0.8627494
40 120   0   1   6.750093e-06    0.004692073   1.000003e-06   6.028115e-05   0.0008724693      -39.99999      0.8603116
40 120   0   0   6.972758e-06     0.00624799   0.0001326359   1.000051e-08   0.0009999999      -39.86433      0.8753866
41 120   0   1   7.189335e-06    0.005456846          1e-06   4.390088e-05          0.001      -39.81601      0.8662292
41 120   0   0   6.723753e-06    0.004728426   0.0001265565   1.000035e-08          0.001            -40      0.8699303
42 120   0   1   8.334114e-06    0.006798134    8.95631e-05   1.000214e-08          0.001      -22.09201      0.9788554
42 120   0   0   6.757957e-06    0.005155257          1e-06   5.134656e-05          0.001      -28.86928      0.9205018
43 120   0   1   6.088948e-06         0.0045    5.34709e-05   3.718561e-05   0.0007295304            -40      0.9014689
43 120   0   0   8.257114e-06    0.005780268   0.0001099505   1.003257e-08   0.0009999974      -28.43614        0.96497
44 120   0   1    6.87063e-06     0.00468103   1.000027e-06   5.679278e-05   0.0009999999      -19.31333      0.9430375
44 120   0   0   8.188301e-06    0.007779488   3.324708e-05   3.900635e-05   0.0009999999      -25.41836      0.8831501
45 120   0   1   8.190111e-06    0.005647827   3.802956e-05   4.363164e-05   0.0009999994      -33.03768      0.8881206
45 120   0   0   7.864831e-06    0.006559697    8.73297e-05   2.402373e-05   0.0006554739      -37.49408      0.8492362
46 120   0   1   8.710116e-06    0.008096915   0.0001352428   1.001702e-08          0.001            -40      0.8941228
46 120   0   0   9.701238e-06    0.008482833   0.0001291199   1.000715e-08          0.001      -39.99999      0.8897793
47 120   0   1   8.567913e-06    0.006705327   5.214328e-05   1.932328e-05          0.001      -21.25465       0.967082
47 120   0   0   8.593657e-06    0.007097777   0.0001113789   1.004991e-08          0.001            -40      0.8952541
48 120   0   1   9.503349e-06    0.008625936   0.0001112556   1.001699e-08          0.001      -22.44135      0.9838617
48 120   0   0   9.177606e-06    0.008032804   4.244138e-06   4.248113e-05   0.0009999999      -18.56551       1.008573
49 120   0   1   8.588932e-06    0.008260283   0.0001157196   1.000005e-08          0.001      -31.32893      0.9602732
49 120   0   0   9.023521e-06    0.008489611   0.0001052221   1.000086e-08          0.001       -37.3669      0.9495527
50 120   0   1   7.812466e-06    0.007491803   0.0001044866   1.000156e-08          0.001      -37.68444      0.8906974
50 120   0   0   8.726553e-06    0.009654629   7.600023e-05   1.007903e-08   0.0009999998       -27.3444      0.9156531
51 120   0   1   8.201923e-06    0.006008484   0.0001133446   1.000001e-08          0.001      -39.99995       0.894368
51 120   0   0   8.988242e-06     0.00748034   8.947223e-05   1.014269e-08          0.001       -32.4021       0.908846
52 120   0   1   1.230357e-05    0.007675575   6.652594e-05   1.000613e-08          0.001      -20.32698      0.9535847
52 120   0   0   1.117906e-05    0.009094123   0.0001156873   1.000001e-08          0.001      -39.93672      0.8891509
53 120   0   1   6.930295e-06    0.006808488   3.594987e-05   2.221133e-05   0.0009999998      -20.79379       1.001024
53 120   0   0   6.867411e-06    0.005154503   9.535132e-05   1.000007e-08   0.0009999975      -27.19305      0.9573871
54 120   0   1   7.272623e-06    0.006508643   0.0001007112   1.000107e-08   0.0009999999      -21.74502       1.017922
54 120   0   0   8.424601e-06    0.008423413   9.174892e-05   1.004505e-08   0.0003891455      -39.99997      0.8737639
55 120   0   1   5.693458e-06    0.005532805   1.000017e-06   4.632106e-05   0.0005027734      -32.96219      0.9369209
55 120   0   0   5.387337e-06    0.004730837   4.587595e-06   3.734928e-05   0.0009999998      -28.34833       1.005834
