1
-90  90  0
4
0  60  55
60  80  70
80  100  90
100  180  115
0  8
0   55    0  0.0   0    -0.09212115    0.006444342  -3.065663e-05  -6.884193e-08   5.061282e-09  -3.648246e-11       86.74999   0.0008483211
0   55    0  0.0   1   -0.001923311  -0.0005738232   0.0001268197  -3.395759e-07  -1.919221e-08   1.437798e-10       86.95275   0.0008513559
1   55    0  0.0   0    -0.08555125    0.006656789  -3.748667e-05   1.927543e-08    5.13732e-09  -4.164281e-11         93.125   0.0007555756
1   55    0  0.0   1    -0.07836628     0.00592862  -1.281863e-05  -1.400244e-07   1.034092e-09   6.274776e-13       91.06233   0.0007034133
2   55    0  0.0   0    0.007371759   -0.002895839   0.0003228406  -6.360234e-06   5.798164e-08  -2.042165e-10         98.735   0.0006321981
2   55    0  0.0   1    -0.07304069    0.005720127  -1.285987e-05  -9.572814e-08   1.258505e-09   -3.82648e-12       90.76671   0.0007941843
3   55    0  0.0   0      -0.105819    0.007961788   -5.94477e-05   4.117931e-08   6.306017e-09  -4.156599e-11       104.2515   0.0006670064
3   55    0  0.0   1    -0.08824041    0.006511222  -2.792175e-05  -3.729573e-08    2.70546e-09  -1.612654e-11       99.06998     0.00070788
4   55    0  0.0   0    -0.08499371    0.006704387  -3.333143e-05  -1.766111e-08   3.009351e-09  -1.749218e-11       106.4945   0.0005611107
4   55    0  0.0   1    -0.09268865    0.007066355  -3.554307e-05  -5.596822e-08   3.228429e-09  -1.672202e-11         104.25   0.0007298459
5   55    0  0.0   0    -0.09195615    0.007361508   -4.68018e-05   2.292197e-08   4.132547e-09  -2.466477e-11         114.75   0.0005282135
5   55    0  0.0   1      -0.105436    0.008517632  -6.920073e-05   8.362844e-08   5.745419e-09  -3.449477e-11         115.45   0.0005519689
6   55    0  0.0   0     -0.1006211    0.007211194  -3.606822e-05  -4.111287e-08   2.345802e-09  -9.124683e-12       110.3656   0.0006398716
6   55    0  0.0   1    -0.08016158    0.006396371  -2.655097e-05  -4.221825e-08   1.952299e-09  -8.562427e-12        114.904   0.0006359412
7   55    0  0.0   0    -0.08981093    0.006543562  -2.767298e-05  -3.785744e-08   1.674882e-09  -6.475738e-12       124.7452   0.0004924124
7   55    0  0.0   1    -0.08043179    0.006039733  -1.473229e-05  -8.820529e-08   7.104279e-10   3.395208e-14       120.2225    0.000551621
8   55    0  0.0   0     -0.0790696    0.005968459  -1.803141e-05  -3.763419e-08   1.115294e-09  -4.602206e-12       128.7499   0.0003868574
8   55    0  0.0   1    -0.06259291    0.004779533    2.03434e-06  -1.116665e-07   2.033178e-10   1.629998e-12         124.95   0.0003975798
9   55    0  0.0   0     -0.0881901    0.006691336  -3.247493e-05   1.019261e-08    1.88496e-09  -8.877823e-12       158.7397   0.0002376993
9   55    0  0.0   1    0.002083715  -0.0008766232    0.000193477  -3.070323e-06   2.126795e-08  -5.461184e-11       146.2441   0.0005375736
10   55    0  0.0   0    -0.03446606    0.002428251   9.071312e-05  -1.545079e-06   1.057341e-08  -2.627032e-11         156.75   0.0004618863
10   55    0  0.0   1    -0.09359991     0.00672471  -2.567249e-05  -1.721083e-07   3.277634e-09  -1.186984e-11         170.72   0.0004708628
11   55    0  0.0   0     -0.0659029    0.004857117    6.98899e-06  -2.725633e-07   1.795721e-09  -3.781345e-12        159.025   0.0004513368
11   55    0  0.0   1    -0.08935001    0.006448134   -3.60718e-05   2.803842e-07  -1.663421e-09   4.627681e-12        159.025   1.378154e-05
12   55    0  0.0   0    -0.05882871    0.003769957   3.885408e-05  -6.506811e-07    3.68241e-09  -7.097883e-12       168.1746    0.000721781
12   55    0  0.0   1     -0.0563411    0.004346505   5.448842e-06  -7.182201e-08  -3.098406e-10   2.541733e-12         168.25   0.0002714734
13   55    0  0.0   0    -0.07201691    0.005273594   2.639022e-06  -2.599343e-07    1.71347e-09  -3.363241e-12          179.1   0.0008282287
13   55    0  0.0   1    -0.06354132    0.005362565  -1.030811e-05  -3.529385e-08   2.826996e-10  -2.727542e-13          179.1   0.0009263883
14   55    0  0.0   0    -0.08420993    0.005694002   7.395545e-06  -5.383635e-07   4.670641e-09  -1.267383e-11         160.25   0.0004778538
14   55    0  0.0   1    -0.08298536     0.00585613  -1.379207e-05  -4.762645e-08   5.544453e-10  -1.087954e-12       159.5303   9.902684e-05
15   55    0  0.0   0    -0.07206802    0.005174585   1.762572e-05  -6.058629e-07   4.576223e-09  -1.116075e-11         167.25   0.0004254933
15   55    0  0.0   1    -0.05699452    0.004149356   3.257572e-05  -6.842977e-07   4.675583e-09  -1.099417e-11       172.2549   0.0003883506
16   55    0  0.0   0    0.006561956   -0.001405279   0.0001657274    -2.0358e-06   1.069105e-08  -2.055324e-11       195.2501    0.000306882
16   55    0  0.0   1    -0.03884269    0.001909007   8.321898e-05  -1.143905e-06   6.346557e-09  -1.274427e-11         183.07   0.0004558383
17   55    0  0.0   0    -0.05554623    0.002991101   6.087483e-05  -9.086447e-07   5.032809e-09  -9.765646e-12          203.7     0.00023459
17   55    0  0.0   1    -0.05248794    0.003024066   5.415986e-05  -8.035985e-07   4.451921e-09  -8.704266e-12       216.7884          0.001
18   55    0  0.0   0    -0.05585638    0.003984925   2.369835e-05  -3.896682e-07   1.982713e-09  -3.434699e-12       208.7402   5.755716e-05
18   55    0  0.0   1    -0.06709181    0.003845509    3.64351e-05  -6.073912e-07   3.356981e-09  -6.371081e-12       216.2445    0.000241387
19   55    0  0.0   0      -0.110305    0.008634464  -8.772326e-05   8.004288e-07  -3.941051e-09    7.75592e-12        189.025          0.001
19   55    0  0.0   1    -0.06115645    0.004969597  -3.075687e-06  -5.550204e-08  -2.200642e-12   9.965937e-13        189.025          0.001
20   55    0  0.0   0    -0.05517681    0.004334468   2.696406e-05  -5.774856e-07   3.736813e-09  -8.223785e-12       181.7921   0.0003956159
20   55    0  0.0   1    -0.05001846    0.003428684   5.583867e-05  -9.335988e-07   5.598038e-09  -1.170677e-11       184.7483   0.0003683368
21   55    0  0.0   0    -0.05214674    0.003487885   5.300328e-05   -8.73026e-07   5.095696e-09   -1.03046e-11       189.3001    0.000546043
21   55    0  0.0   1    -0.03891362    0.003320139   4.278721e-05   -6.58815e-07   3.645822e-09   -7.05518e-12          189.3   0.0003553725
22   55    0  0.0   0    -0.07740364    0.006204019  -2.083265e-05  -7.062486e-09   4.805238e-10  -1.198936e-12       197.7278   0.0003157184
22   55    0  0.0   1    -0.08932108    0.007172518   -4.83938e-05   3.250052e-07  -1.314577e-09   2.378817e-12       194.6489   0.0003038711
23   55    0  0.0   0    -0.03691064    0.003931903   2.535611e-05  -4.334571e-07   2.296179e-09  -4.104229e-12       215.2112   1.476765e-12
23   55    0  0.0   1    -0.05413422      0.0051447  -1.766092e-06  -1.623646e-07    1.06301e-09  -2.034671e-12       210.0237   0.0002414215
24   55    0  0.0   0    -0.03545167    0.003547929   3.908073e-05  -6.015399e-07   3.125285e-09  -5.537926e-12          224.4   0.0004760125
24   55    0  0.0   1    -0.03914415    0.004449192   1.025682e-05  -2.637148e-07   1.443514e-09  -2.532275e-12          224.4   5.828724e-12
25   55    0  0.0   0    -0.06641448    0.006102732  -2.891989e-05   1.532156e-07  -5.446055e-10   9.037841e-13          234.6    4.49078e-14
25   55    0  0.0   1    -0.06837779    0.005939229  -1.887663e-05  -5.468062e-09    3.89516e-10  -9.416574e-13          234.6   0.0001953212
26   55    0  0.0   0    -0.06619458     0.00555363  -1.394963e-05  -2.040291e-08   3.382497e-10  -6.354212e-13       195.8039   0.0003800315
26   55    0  0.0   1    -0.06886874    0.005530591   -1.26339e-05  -2.447826e-08   3.060786e-10  -5.306551e-13       200.8507   1.589321e-13
27   55    0  0.0   0     -0.1101927    0.007481747  -4.880882e-05   2.715679e-07  -7.875087e-10   9.067091e-13         217.55   0.0003363812
27   55    0  0.0   1    -0.08336132     0.00584128  -1.592506e-05  -1.787924e-08   3.631258e-10  -7.611308e-13       206.1391   0.0002564481
28   55    0  0.0   0    -0.03551664    0.003223459   4.047635e-05  -5.547825e-07    2.66773e-09  -4.419193e-12       220.0828     0.00018084
28   55    0  0.0   1    -0.05543027    0.004434326   1.393496e-05  -2.938998e-07   1.504793e-09  -2.523006e-12       223.6688   2.829935e-05
29   55    0  0.0   0    -0.06424394      0.0053771  -5.345271e-06  -1.246182e-07   8.217483e-10  -1.487047e-12       223.2532   0.0003198892
29   55    0  0.0   1    -0.05873308    0.005328879  -1.066086e-05  -2.249325e-08   1.728252e-10  -1.044249e-13       218.7678   0.0002769948
30   55    0  0.0   0    -0.06692142    0.006432148  -2.654979e-05   5.437013e-08   1.156867e-10  -4.120936e-13       234.8246   2.009187e-13
30   55    0  0.0   1    -0.06530588    0.006721578  -3.937681e-05   2.146396e-07  -6.737792e-10   9.514659e-13       227.9278   0.0002983213
31   55    0  0.0   0    -0.03690226    0.005207969  -1.020285e-05  -3.938377e-08   3.449931e-10   -6.01762e-13       247.4386   6.189813e-05
31   55    0  0.0   1    -0.07073049    0.006933867  -4.139949e-05   2.261273e-07  -7.305962e-10   1.058029e-12         239.84   0.0001059489
32   55    0  0.0   0    -0.04275919    0.004854582   -4.48298e-06  -3.733721e-08   1.242399e-11   6.136555e-13       201.6585   0.0006368398
32   55    0  0.0   1    -0.05395544    0.005477289  -8.856309e-06  -1.029068e-07   8.155904e-10  -1.602112e-12         212.96   5.373916e-05
33   55    0  0.0   0    -0.06708423    0.005902056  -1.684108e-05  -1.780718e-08   3.276919e-10  -5.353713e-13       209.8424   0.0006749124
33   55    0  0.0   1    -0.06072609    0.005915287  -2.459352e-05   1.004279e-07  -2.382438e-10   2.715679e-13       212.7511   0.0007856356
34   55    0  0.0   0    -0.06540918    0.006063766  -2.221768e-05   5.419183e-08  -4.090697e-11   5.983323e-14       226.4893   0.0001618467
34   55    0  0.0   1    -0.04999866    0.005536544  -1.307576e-05  -2.079626e-08     2.3438e-10  -2.975703e-13       224.6029   0.0002451761
35   55    0  0.0   0    -0.06961556    0.007328922  -5.510364e-05   3.815986e-07  -1.474903e-09   2.364161e-12       228.6396          0.001
35   55    0  0.0   1     -0.1030635    0.009061758  -8.601205e-05   6.342596e-07  -2.421464e-09   3.672283e-12       233.2878     0.00063839
36   55    0  0.0   0    -0.09530675    0.008412708  -6.862082e-05   4.308631e-07  -1.376781e-09   1.742383e-12       245.7507   6.029659e-09
36   55    0  0.0   1    -0.05391066    0.005998021  -2.031707e-05   -1.97664e-09    3.75986e-10    -8.6829e-13       247.5716   6.834594e-05
37   55    0  0.0   0    -0.07000821    0.007529257   -5.89548e-05    4.19676e-07  -1.652122e-09   2.637861e-12         237.12    0.000966546
37   55    0  0.0   1    -0.01022126    0.004660677  -7.766109e-06  -1.540786e-08   1.013279e-10  -3.843622e-14       243.2154   0.0001470094
38   55    0  0.0   0    -0.05198849    0.005846246  -1.787915e-05  -7.063288e-09   3.134485e-10  -5.951134e-13       218.3282   0.0004425393
38   55    0  0.0   1    -0.04542274    0.005541672  -1.442554e-05  -1.209715e-08   2.513552e-10  -4.207006e-13       217.7519   0.0003359968
39   55    0  0.0   0    -0.05781019     0.00659519  -3.943098e-05    2.35268e-07  -8.392101e-10   1.323892e-12         230.39   2.700437e-13
39   55    0  0.0   1    -0.03695018    0.005050443  -3.689284e-06   -1.14864e-07   6.950822e-10  -1.151326e-12         230.39   0.0002560253
40   55    0  0.0   0    -0.08359161    0.007800626  -5.794603e-05    3.57402e-07  -1.190939e-09   1.658333e-12         236.38   0.0002293836
40   55    0  0.0   1    -0.05053362    0.006043881  -2.391152e-05   6.187798e-08  -9.888184e-12  -1.058898e-13         236.38   0.0002293577
41   55    0  0.0   0    -0.08227734    0.007954827  -6.293263e-05    4.14879e-07  -1.467189e-09   2.121741e-12          242.1   0.0001985069
41   55    0  0.0   1    -0.06026201    0.006966202  -4.328839e-05    2.34615e-07  -7.098346e-10   9.440396e-13       238.5709   0.0004697109
42   55    0  0.0   0    -0.03399121    0.005262869   -1.10234e-05  -3.136249e-08   2.896569e-10  -4.685511e-13         256.46   0.0003335348
42   55    0  0.0   1    -0.05510685    0.006454903  -3.235407e-05   1.371552e-07  -3.170592e-10   3.428392e-13         256.46    9.67672e-12
43   55    0  0.0   0    -0.03980587    0.005848561  -2.490151e-05   1.064641e-07  -3.157848e-10   4.811545e-13         259.49   0.0003051197
43   55    0  0.0   1    -0.06177983    0.006954215  -4.390123e-05   2.541655e-07  -8.446023e-10   1.194287e-12         259.49   5.999093e-06
44   55    0  0.0   0    -0.06099885    0.006594969  -4.032949e-05    2.57263e-07  -9.979176e-10   1.668034e-12         230.14   0.0003650194
44   55    0  0.0   1    -0.06240095      0.0065608  -3.654922e-05   1.997841e-07  -6.632795e-10   1.001193e-12         230.14   0.0002096532
45   55    0  0.0   0    -0.06018785    0.006126375  -2.515095e-05   8.205713e-08  -1.447502e-10   1.800149e-13         236.82   1.462102e-05
45   55    0  0.0   1    -0.04149042    0.005111608  -2.953027e-06  -1.369833e-07   8.202183e-10   -1.36618e-12       236.1385   7.114999e-05
46   55    0  0.0   0    -0.06686613     0.00721321   -4.80814e-05   2.859435e-07  -9.774323e-10   1.446499e-12         242.05   0.0002861212
46   55    0  0.0   1    -0.06585058    0.007005122  -4.441337e-05   2.611025e-07  -8.997917e-10   1.357489e-12       240.4125   0.0002080337
47   55    0  0.0   0    -0.06022538    0.007137481  -5.026944e-05    3.30704e-07  -1.224754e-09   1.868025e-12         247.21   0.0003877879
47   55    0  0.0   1    -0.04672087      0.0061363  -2.776106e-05   1.135943e-07  -3.001803e-10   4.401855e-13         247.21   0.0002019604
48   55    0  0.0   0    -0.05042678    0.006486468  -3.870256e-05   2.282189e-07  -7.910986e-10   1.166078e-12         259.58   0.0002369959
48   55    0  0.0   1    -0.05567864    0.006575409  -4.013965e-05   2.520861e-07  -9.353637e-10   1.443926e-12       255.8308    0.000207626
49   55    0  0.0   0    -0.02578981    0.005057402  -9.794286e-06  -1.310359e-08   1.129687e-10  -9.617896e-14         264.22   0.0001446895
49   55    0  0.0   1   0.0007736177    0.004006623    7.22459e-06  -1.395258e-07   5.474557e-10    -6.5477e-13       262.6633   0.0003326855
50   55    0  0.0   0    -0.06678999    0.007166322  -4.857149e-05   3.034987e-07  -1.063023e-09   1.559317e-12       234.8334   0.0009906051
50   55    0  0.0   1    -0.04456987    0.005827419  -2.130511e-05   5.461726e-08  -4.950521e-11   5.923798e-14         235.78   0.0002296766
51   55    0  0.0   0    -0.05993394    0.007051776  -4.662913e-05   2.748545e-07  -9.082739e-10    1.28723e-12         243.25   0.0007595317
51   55    0  0.0   1    -0.06155257    0.006985341  -4.534771e-05   2.695984e-07   -9.26094e-10   1.383557e-12         243.25   0.0002843078
52   55    0  0.0   0    -0.08038531    0.007763968  -5.906495e-05   3.824058e-07  -1.351991e-09   1.962475e-12         248.54   0.0002643342
52   55    0  0.0   1    -0.06732364    0.006840466  -4.100751e-05   2.258711e-07    -7.2522e-10   1.016533e-12         248.54   0.0007008382
53   55    0  0.0   0    -0.04742472    0.006389227  -3.103925e-05   1.267606e-07  -3.013612e-10   3.710876e-13         253.49          0.001
53   55    0  0.0   1    -0.04313171    0.006008545  -2.656034e-05   1.131062e-07  -3.291702e-10   5.068924e-13         253.49          0.001
54   55    0  0.0   0    -0.04907116    0.006812484  -4.232702e-05    2.44443e-07   -8.37643e-10   1.243534e-12            258          0.001
54   55    0  0.0   1    -0.05330244    0.006947979  -4.679554e-05   2.974462e-07  -1.075782e-09   1.602578e-12            258          0.001
55   55    0  0.0   0   -0.006243815    0.005453101  -2.170372e-05   8.290975e-08  -2.226004e-10   2.994993e-13       302.8565          0.001
55   55    0  0.0   1    -0.01994774    0.005986616  -2.986218e-05   1.385075e-07  -3.956626e-10   4.998185e-13            305   0.0005682906
0   70    0  0.0   0    0.000292654   -0.003288677   0.0003382576  -6.616894e-06   6.064773e-08  -2.199817e-10         89.249   0.0007281902
0   70    0  0.0   1    -0.02344757   -0.001314627   0.0002877529  -6.106732e-06   5.914746e-08  -2.224534e-10       89.23857    0.000767271
1   70    0  0.0   0    -0.02410721  -0.0004970895   0.0002641023  -5.877041e-06   5.893992e-08  -2.264986e-10         93.125   0.0006615269
1   70    0  0.0   1    -0.08717017     0.00662527  -3.139952e-05  -8.291459e-08   4.628213e-09  -3.056274e-11       91.44582   0.0007145816
2   70    0  0.0   0    -0.01293536   -0.001657576   0.0002922348  -6.007701e-06   5.607586e-08  -2.006624e-10         98.735   0.0006498223
2   70    0  0.0   1    -0.01235048   -0.001696372   0.0003028802  -6.300212e-06   5.911814e-08  -2.118316e-10         98.735    0.000697264
3   70    0  0.0   0    -0.05562747    0.003045784   0.0001148241  -2.865354e-06   2.928331e-08  -1.109791e-10         104.25   0.0006278229
3   70    0  0.0   1    -0.05523312    0.002679427   0.0001406711  -3.454228e-06   3.485008e-08  -1.297378e-10       104.5726   0.0006340058
4   70    0  0.0   0     -0.0599619    0.003633734   9.268324e-05  -2.403602e-06   2.414665e-08  -8.833627e-11       110.3923   0.0005653842
4   70    0  0.0   1    -0.02956867   0.0004354572   0.0002134001   -4.47782e-06   4.073547e-08  -1.384071e-10       109.2275   0.0006166646
5   70    0  0.0   0    -0.03973411    0.001790087   0.0001541711  -3.264006e-06   2.899953e-08  -9.546865e-11         115.45   0.0005231925
5   70    0  0.0   1    -0.03687864    0.001920751   0.0001529443  -3.339005e-06   3.034202e-08  -1.013472e-10       110.4628   0.0005693961
6   70    0  0.0   0    -0.04734004     0.00218977   0.0001341123  -2.822364e-06   2.454295e-08  -7.846954e-11       120.7651    0.000550362
6   70    0  0.0   1     -0.0618963    0.004049931   5.806594e-05  -1.418904e-06   1.270167e-08  -4.129983e-11       116.9604   0.0005921511
7   70    0  0.0   0    -0.07787303    0.005586262  -1.175239e-05  -6.162257e-08   7.084872e-10  -1.858536e-12        120.906   0.0005500143
7   70    0  0.0   1    -0.07549069    0.005792345  -1.431363e-05   -6.58538e-08    9.82167e-10  -3.143807e-12       120.3431   0.0005902944
8   70    0  0.0   0    0.004953376   -0.001964731   0.0002410352  -3.912672e-06   2.812032e-08  -7.552636e-11       126.1497   0.0003875091
8   70    0  0.0   1    0.006806073   -0.001806389   0.0002195153  -3.421918e-06    2.39822e-08  -6.367132e-11       124.8076   0.0004209481
9   70    0  0.0   0    -0.03527201    0.001527043   0.0001297405  -2.243519e-06   1.619518e-08  -4.284733e-11         146.25   0.0003586864
9   70    0  0.0   1     -0.0367875    0.001768843    0.000115323  -1.995185e-06   1.447267e-08  -3.864802e-11       151.2346   0.0004399522
10   70    0  0.0   0     -0.0393778    0.002165431   0.0001043131  -1.779886e-06   1.226162e-08  -3.052548e-11       157.5166   0.0002683306
10   70    0  0.0   1    -0.06094502    0.003950669   4.650451e-05  -9.845115e-07   7.401362e-09  -1.969309e-11       158.0649   0.0003119736
11   70    0  0.0   0     -0.1180306    0.008828766  -0.0001099954   1.363476e-06  -9.087456e-09   2.374292e-11         149.24   0.0005227916
11   70    0  0.0   1    -0.06641141    0.004492032    1.49091e-05  -3.025505e-07    1.31855e-09  -8.087652e-13         149.24   0.0004853122
12   70    0  0.0   0     -0.0699347    0.004683663   2.541886e-06   -7.53194e-08  -2.251393e-10   2.480966e-12        161.849   0.0006609606
12   70    0  0.0   1    -0.07387413    0.004720416   9.725892e-06  -2.400725e-07   1.066478e-09  -9.099675e-13        161.849    0.000617717
13   70    0  0.0   0    -0.06651278    0.004611397    1.72378e-05  -4.039444e-07   2.419118e-09  -4.761352e-12        179.537   0.0004183628
13   70    0  0.0   1    -0.05731358    0.004120756   2.742969e-05  -5.086291e-07   2.958757e-09  -5.865698e-12        179.537   0.0003582834
14   70    0  0.0   0    -0.04395095    0.002251165   9.908293e-05  -1.631212e-06   1.069121e-08  -2.511855e-11       159.8649   0.0002653441
14   70    0  0.0   1    -0.04848792    0.002840775   7.419082e-05  -1.226582e-06   7.915863e-09  -1.839883e-11         163.75   0.0002532593
15   70    0  0.0   0    -0.08075132    0.006000983  -1.741998e-05  -3.382848e-08   6.875552e-10  -1.877781e-12         166.97   0.0003659243
15   70    0  0.0   1    -0.05880313    0.004089322   3.364325e-05   -6.60155e-07   4.258712e-09  -9.548209e-12       170.7486   0.0002822767
16   70    0  0.0   0    -0.03084887    0.001123734   0.0001040806   -1.37187e-06   7.439149e-09  -1.464341e-11       188.2499   0.0002383589
16   70    0  0.0   1    -0.02518417   0.0007064959   0.0001103542  -1.409091e-06   7.521709e-09  -1.469041e-11       189.8315   0.0002384939
17   70    0  0.0   0    -0.04664258    0.002186929   7.840482e-05  -1.068257e-06   5.699104e-09  -1.084933e-11         203.71   0.0003073046
17   70    0  0.0   1     -0.0186639   0.0003368318   0.0001169896  -1.438926e-06   7.370757e-09  -1.372007e-11         203.71   0.0003156638
18   70    0  0.0   0    -0.05970795    0.003512722        4.5e-05  -6.916614e-07   3.723407e-09  -6.964353e-12         209.25   0.0002513229
18   70    0  0.0   1    -0.04841451    0.002771156    5.31204e-05  -7.138042e-07   3.622005e-09  -6.521822e-12       208.7037    0.000214693
19   70    0  0.0   0    -0.07726752    0.005851127  -1.468128e-05  -3.279577e-08   3.896912e-10   -6.69918e-13        202.607   0.0006177623
19   70    0  0.0   1    -0.07548296    0.005558145  -1.126076e-05  -3.736871e-08     2.8395e-10   -2.93939e-13        202.607   0.0005820383
20   70    0  0.0   0    -0.05973022    0.004438921     2.6201e-05  -5.774141e-07   3.733091e-09  -8.156582e-12        179.033   0.0003348893
20   70    0  0.0   1    -0.06020981    0.004454897   2.270607e-05  -5.186325e-07     3.3889e-09  -7.500836e-12         184.75   0.0002348567
21   70    0  0.0   0    -0.04040154    0.002973221   5.524759e-05  -8.086557e-07   4.431574e-09  -8.593158e-12       189.9313   0.0002842772
21   70    0  0.0   1    -0.07919458    0.005743161  -1.468755e-05  -2.608991e-08   4.103411e-10  -8.562429e-13       187.1692   0.0002991154
22   70    0  0.0   0     -0.0770911    0.006009449  -1.811905e-05  -1.544672e-08   4.504284e-10  -1.075468e-12       196.9752   0.0002389823
22   70    0  0.0   1    -0.07493545    0.005931167  -1.728847e-05  -1.882698e-08   4.411155e-10  -9.962773e-13       196.0996   0.0002021139
23   70    0  0.0   0    -0.07010274    0.005548845  -3.824568e-06  -1.933445e-07   1.374754e-09  -2.772032e-12          209.1   0.0002555641
23   70    0  0.0   1    -0.07392099    0.006023669  -1.709141e-05  -4.760748e-08   6.916672e-10  -1.636196e-12       211.1959   0.0001872299
24   70    0  0.0   0    -0.06495081    0.005500427  -5.917756e-06  -1.514682e-07   1.104543e-09  -2.204674e-12         224.51    6.69139e-05
24   70    0  0.0   1    -0.07577203    0.006134356  -2.024973e-05  -8.584186e-09   4.635196e-10  -1.153038e-12         224.51   4.863973e-05
25   70    0  0.0   0    -0.07550912    0.006055677  -1.931542e-05  -7.425287e-09     4.0071e-10  -9.530111e-13         237.78   9.047054e-05
25   70    0  0.0   1    -0.06023286     0.00501764   2.494748e-06  -2.058258e-07   1.208404e-09  -2.160462e-12         237.78   7.170704e-06
26   70    0  0.0   0    -0.06604836    0.004922239   6.084003e-06  -2.619309e-07   1.623052e-09  -3.175133e-12       198.0744   0.0003625866
26   70    0  0.0   1    -0.06782444     0.00499677   4.894454e-06  -2.477551e-07   1.529478e-09  -2.948158e-12       201.3337   0.0002520692
27   70    0  0.0   0    -0.06681073    0.004328269   1.876635e-05   -3.56094e-07   1.838543e-09  -3.140917e-12         209.25   0.0003136991
27   70    0  0.0   1    -0.06039433    0.003955099   2.887042e-05  -4.815193e-07   2.528946e-09   -4.51325e-12       208.3508   0.0003624671
28   70    0  0.0   0    -0.07039871     0.00506877    3.15224e-06  -2.124604e-07    1.22123e-09  -2.139355e-12       217.9016   0.0002442747
28   70    0  0.0   1    -0.07336616    0.005301086  -1.942606e-06  -1.720389e-07   1.103938e-09  -2.068271e-12       218.9935    0.000329499
29   70    0  0.0   0    -0.07929482    0.006044676  -1.816449e-05  -1.176546e-08   3.599941e-10  -7.697748e-13       223.0518   0.0003061008
29   70    0  0.0   1    -0.07608018    0.005938733  -1.725219e-05  -1.241197e-08   3.396876e-10  -7.098386e-13       224.5244   0.0002382468
30   70    0  0.0   0    -0.07278551    0.006705173   -3.49936e-05    1.52318e-07  -3.484875e-10   3.580743e-13       231.3611   0.0001686791
30   70    0  0.0   1     -0.0686441    0.006464494  -3.104197e-05   1.279824e-07  -3.060227e-10   3.930886e-13       230.6179   7.749159e-05
31   70    0  0.0   0    -0.07064807    0.006633555  -3.323646e-05    1.37137e-07  -3.050822e-10   3.209834e-13         241.09   0.0001465672
31   70    0  0.0   1     -0.0658467    0.006485284  -3.181073e-05   1.369253e-07  -3.529322e-10     4.6414e-13         241.09   9.433337e-05
32   70    0  0.0   0    -0.07354128    0.006138966   -2.01715e-05  -7.939417e-09    4.43952e-10  -1.082602e-12         213.02   0.0002418719
32   70    0  0.0   1    -0.05583863    0.005186366  -1.718337e-06  -1.639083e-07   1.043042e-09  -1.932593e-12       211.4665    0.000249489
33   70    0  0.0   0     -0.0761468    0.006043481  -1.618092e-05  -5.656317e-08   6.695569e-10  -1.441246e-12         219.75   0.0002564743
33   70    0  0.0   1    -0.06537323    0.005558689  -8.756067e-06   -9.76972e-08   7.317668e-10   -1.37609e-12       219.0116   0.0002782203
34   70    0  0.0   0    -0.07391882     0.00647153  -2.873537e-05   8.542182e-08  -2.351928e-11  -2.303605e-13       229.2429   0.0002207592
34   70    0  0.0   1    -0.06264679    0.005931335  -1.790543e-05  -8.464878e-09   3.286793e-10  -6.925579e-13       226.5842   0.0001710338
35   70    0  0.0   0    -0.07354524    0.007000235  -4.309565e-05   2.368717e-07  -7.303572e-10    9.79406e-13       232.1393   0.0002133206
35   70    0  0.0   1    -0.06451682    0.006472641  -3.116937e-05   1.209982e-07  -2.237777e-10    1.60734e-13       235.6801   0.0001033546
36   70    0  0.0   0    -0.06554876    0.006696096  -3.891988e-05   2.186141e-07  -7.412054e-10   1.122769e-12       239.1961   0.0001396053
36   70    0  0.0   1    -0.06593219    0.006355523   -2.80866e-05   9.849242e-08  -1.900846e-10   2.215392e-13       237.8977   0.0001045293
37   70    0  0.0   0    -0.06847756    0.006874749  -3.954469e-05    1.95504e-07  -5.321969e-10   6.311615e-13       250.2741    8.41079e-05
37   70    0  0.0   1    -0.06804722    0.006712489  -3.517489e-05   1.562156e-07  -3.968787e-10    4.83581e-13       248.8362   2.342581e-05
38   70    0  0.0   0    -0.05869815    0.005903694  -1.812459e-05  -8.763062e-09   3.673258e-10  -8.192278e-13       222.3443   0.0002531881
38   70    0  0.0   1    -0.06609144    0.006454632  -3.071721e-05   1.237688e-07  -2.797238e-10    3.51272e-13        221.031   0.0002821157
39   70    0  0.0   0    -0.07907595    0.007565397  -5.550499e-05   3.552711e-07  -1.254967e-09   1.869264e-12       227.9725   0.0003287931
39   70    0  0.0   1    -0.07327486     0.00706989  -4.482515e-05   2.612599e-07   -8.82903e-10   1.315302e-12       228.8042   0.0002144184
40   70    0  0.0   0    -0.06122495    0.006389596  -3.129866e-05   1.387349e-07  -3.719233e-10   5.072317e-13       236.0137   0.0001555959
40   70    0  0.0   1    -0.06460705    0.006524947  -3.205526e-05    1.34491e-07  -3.323677e-10   4.388811e-13          236.4   0.0001824767
41   70    0  0.0   0      -0.055973    0.006176245  -2.733257e-05   1.086617e-07   -2.81315e-10   4.177358e-13          242.1   0.0001242127
41   70    0  0.0   1    -0.06068848    0.006632058  -3.548046e-05   1.658966e-07  -4.501105e-10   5.830088e-13       241.9758   0.0002804173
42   70    0  0.0   0    -0.06241825    0.006780047  -4.024728e-05   2.213409e-07  -7.096844e-10   9.940831e-13       252.0479   0.0001657482
42   70    0  0.0   1    -0.05510853    0.006303712  -2.937086e-05   1.159357e-07  -2.606181e-10   2.981487e-13       253.6314   0.0001226518
43   70    0  0.0   0    -0.06421274    0.006922019  -4.295868e-05   2.457937e-07  -8.135378e-10   1.149012e-12       259.3992   0.0001033284
43   70    0  0.0   1    -0.05684996    0.006588246  -3.643952e-05   1.879726e-07  -5.827693e-10   8.118506e-13          260.6   7.761747e-05
44   70    0  0.0   0    -0.05413302     0.00562536  -1.485484e-05  -1.211392e-08   2.500711e-10  -4.326448e-13         230.24   0.0002652835
44   70    0  0.0   1    -0.05572985    0.005661924  -1.494968e-05  -1.208662e-08   2.516109e-10  -4.408468e-13       230.1862   0.0003345091
45   70    0  0.0   0    -0.06878495    0.006455451   -3.21233e-05   1.474173e-07  -4.110952e-10   5.623251e-13       238.2997   0.0001062543
45   70    0  0.0   1       -0.06996    0.006805415  -4.068676e-05   2.329235e-07  -8.037447e-10   1.241677e-12       235.5726   0.0001814658
46   70    0  0.0   0    -0.06598627    0.006805192  -3.765453e-05   1.777828e-07  -4.774108e-10   5.993118e-13       242.3369   0.0002448431
46   70    0  0.0   1    -0.04943833    0.005729474  -1.667951e-05  -5.187292e-09   2.658315e-10  -5.400337e-13         247.62   5.863108e-05
47   70    0  0.0   0    -0.04541696    0.005901337  -2.185226e-05   5.240688e-08  -1.623302e-11  -4.710411e-14         253.49   8.523661e-05
47   70    0  0.0   1    -0.05859196     0.00667632  -3.718559e-05   1.820032e-07   -5.09573e-10   6.496707e-13       252.9487   7.034594e-05
48   70    0  0.0   0    -0.06028164    0.006570994  -3.553501e-05   1.761935e-07  -5.313123e-10   7.438985e-13       258.9845    1.73574e-13
48   70    0  0.0   1    -0.05867885    0.006330201  -2.837039e-05   1.018895e-07  -2.018098e-10   2.182974e-13       259.8374   2.225548e-05
49   70    0  0.0   0    -0.04867018    0.006231441  -3.015973e-05   1.343156e-07  -3.632525e-10   4.712245e-13         265.74   0.0001029162
49   70    0  0.0   1    -0.04038516    0.005838859  -2.138339e-05   5.247451e-08   -2.79093e-11  -3.058746e-14         265.74   0.0001614605
50   70    0  0.0   0    -0.05865526    0.006584219  -3.538131e-05   1.731115e-07  -5.023124e-10   6.946418e-13         236.72   0.0001350806
50   70    0  0.0   1    -0.05793466    0.006457597  -3.355021e-05   1.624154e-07  -4.724239e-10   6.537026e-13         236.72   0.0003483071
51   70    0  0.0   0    -0.07033353    0.007197826  -4.819491e-05   2.922219e-07  -1.011533e-09   1.495561e-12         243.34   0.0001938586
51   70    0  0.0   1    -0.07420881    0.007237165  -4.800789e-05   2.891228e-07  -1.007141e-09   1.508256e-12         243.34   0.0001387476
52   70    0  0.0   0     -0.0816428    0.007374391  -4.872443e-05   2.806586e-07   -9.19985e-10   1.292171e-12         248.55   0.0003144887
52   70    0  0.0   1    -0.07877139    0.007278913  -4.795459e-05   2.774445e-07  -9.116522e-10   1.280268e-12         248.55   0.0004420101
53   70    0  0.0   0    -0.06035404     0.00709197  -4.763619e-05   2.908482e-07  -1.010065e-09   1.476654e-12         253.49   0.0004000245
53   70    0  0.0   1    -0.06190123    0.006927647  -4.277932e-05   2.413281e-07  -7.951391e-10   1.140355e-12         253.49   0.0004834657
54   70    0  0.0   0    -0.05569275    0.006960614  -4.492293e-05    2.65882e-07   -9.10269e-10   1.319439e-12            258   0.0006540156
54   70    0  0.0   1    -0.05218034    0.006866306  -4.398043e-05   2.621791e-07   -9.05549e-10   1.322274e-12            258   0.0005159141
55   70    0  0.0   0    -0.03080433    0.006350492  -3.363562e-05   1.519069e-07  -4.000806e-10    4.60309e-13       303.7493    0.000348935
55   70    0  0.0   1    -0.01951117     0.00586628  -2.728122e-05   1.180288e-07  -3.239573e-10   4.034508e-13            305   0.0001772608
0   90    0  0.0   0   0.0009817524   -0.003211384   0.0003317026   -6.46455e-06   5.931048e-08  -2.160462e-10       88.96887   0.0007138134
0   90    0  0.0   1    0.001369253   -0.003280708   0.0003392324  -6.646658e-06   6.095721e-08  -2.204998e-10       89.17563   0.0007094274
1   90    0  0.0   0    -0.04026462    0.001275949   0.0001904711  -4.436796e-06   4.574193e-08  -1.811985e-10         93.125   0.0007067981
1   90    0  0.0   1   -0.004914082   -0.002674513   0.0003584622  -7.775511e-06    7.69329e-08  -2.912327e-10       93.09958   0.0007322752
2   90    0  0.0   0    -0.03144099    0.000327286   0.0002158233  -4.635971e-06    4.44214e-08  -1.628857e-10         98.735   0.0006421937
2   90    0  0.0   1    -0.01620863   -0.001370487   0.0002969825  -6.327673e-06   6.050957e-08  -2.199765e-10       98.60955   0.0006902976
3   90    0  0.0   0    -0.04645354    0.002294803   0.0001352616  -3.073631e-06   2.973792e-08   -1.08705e-10        104.597   0.0006269439
3   90    0  0.0   1    -0.08722666    0.006708471  -3.422807e-05  -2.318308e-08   3.680452e-09  -2.329534e-11       101.2041   0.0006332154
4   90    0  0.0   0    -0.03078876   0.0005999118   0.0002052405  -4.339464e-06   3.985503e-08  -1.368128e-10       103.6845   0.0006498195
4   90    0  0.0   1   9.929646e-05   -0.002008523   0.0002876431  -5.526366e-06   4.772747e-08  -1.562018e-10       106.0079    0.000629908
5   90    0  0.0   0    -0.05426429    0.003147081   0.0001131554  -2.731784e-06   2.609251e-08  -9.070378e-11       110.3201   0.0006081181
5   90    0  0.0   1    -0.02874567    0.001235213   0.0001755937  -3.738228e-06   3.400314e-08  -1.145998e-10       112.7571   0.0006128803
6   90    0  0.0   0    -0.04881334    0.002506929   0.0001190782  -2.542526e-06   2.229889e-08  -7.199767e-11       120.6884   0.0005714949
6   90    0  0.0   1    -0.01846034  -0.0002908364   0.0002146782  -3.993549e-06   3.233553e-08  -9.770701e-11       119.6002   0.0005635605
7   90    0  0.0   0    -0.08446213    0.005920344  -1.733142e-05  -5.469211e-08   1.223432e-09  -4.773536e-12       120.3366   0.0005695662
7   90    0  0.0   1    -0.02861477   0.0008143417   0.0001748109  -3.296101e-06   2.629531e-08  -7.721305e-11       125.2499   0.0005600568
8   90    0  0.0   0   0.0002420891   -0.001722462     0.00023605  -3.873831e-06   2.822552e-08  -7.728667e-11       128.2675   0.0004028427
8   90    0  0.0   1    0.008157101   -0.002428381   0.0002550326  -4.149946e-06   3.025628e-08  -8.305386e-11       133.7804   0.0004057851
9   90    0  0.0   0     -0.0131817  -0.0002608575   0.0001825898  -2.955302e-06   2.068822e-08  -5.367645e-11       143.1459   0.0003862875
9   90    0  0.0   1    -0.04152124    0.002051227   0.0001100608  -1.962012e-06   1.448753e-08  -3.920484e-11        144.452   0.0003501334
10   90    0  0.0   0    -0.03040572    0.001589435   0.0001159172  -1.869437e-06   1.250045e-08  -3.058955e-11          161.8   0.0003137826
10   90    0  0.0   1    -0.04130515    0.002424889   8.822537e-05  -1.493639e-06   1.026573e-08  -2.577688e-11          161.8   0.0003698244
11   90    0  0.0   0    -0.03023384    0.001505084   0.0001054773  -1.538347e-06    9.17481e-09   -1.97927e-11        158.872   0.0003915317
11   90    0  0.0   1    -0.03339064     0.00172562   9.648144e-05  -1.414741e-06   8.474497e-09  -1.840289e-11        158.872   0.0003978731
12   90    0  0.0   0    -0.04257467     0.00236717   7.116996e-05  -9.925767e-07   5.444359e-09   -1.06892e-11        169.646   0.0004103845
12   90    0  0.0   1    -0.07225348    0.004777464   9.484795e-06  -2.904662e-07   1.782802e-09  -3.545599e-12        169.646   0.0004118531
13   90    0  0.0   0    -0.06013474    0.004211189   2.690636e-05  -5.194193e-07    3.07688e-09  -6.192869e-12        180.941    0.000346101
13   90    0  0.0   1    -0.05762603    0.004213618   2.517224e-05  -4.843647e-07    2.84781e-09  -5.710512e-12        180.941   0.0002651675
14   90    0  0.0   0    -0.04729456    0.002850854   7.742881e-05  -1.324577e-06   8.827823e-09   -2.10993e-11       162.3964   0.0003374998
14   90    0  0.0   1    -0.03994123    0.002171568   9.471674e-05  -1.513641e-06   9.742711e-09  -2.267443e-11       157.1349   0.0003996866
15   90    0  0.0   0    -0.04784891    0.003283666   5.973154e-05  -1.018831e-06   6.468323e-09  -1.454102e-11         166.93    0.000371179
15   90    0  0.0   1    -0.06311189    0.004217869   3.324682e-05  -6.815915e-07   4.510177e-09  -1.035381e-11       169.6692   0.0003486768
16   90    0  0.0   0    -0.03202543    0.001338789   9.759813e-05  -1.288487e-06    6.94441e-09  -1.354464e-11         183.07   0.0002589051
16   90    0  0.0   1    -0.01641356  -0.0002978582   0.0001435295  -1.853307e-06   1.009478e-08   -2.00575e-11       187.2942   0.0003164721
17   90    0  0.0   0    -0.03369195    0.001582704   8.859832e-05  -1.148094e-06   5.996477e-09  -1.127473e-11       211.4469   0.0002066636
17   90    0  0.0   1    -0.02255066   0.0005798367   0.0001116802  -1.386124e-06   7.128969e-09  -1.330964e-11         205.75   0.0002654411
18   90    0  0.0   0    -0.05145651    0.003280552   4.629794e-05  -6.766466e-07   3.560347e-09  -6.577335e-12         208.38   0.0002684269
18   90    0  0.0   1    -0.06950046    0.003735694   3.664514e-05  -5.771164e-07   3.066579e-09  -5.644431e-12         208.38   0.0002345093
19   90    0  0.0   0    -0.08121054    0.006408278  -3.580869e-05   2.743612e-07  -1.494581e-09   3.448086e-12        190.435   0.0009123822
19   90    0  0.0   1    -0.08195221    0.006099764  -2.697683e-05    1.64965e-07  -8.953767e-10   2.244934e-12        190.435          0.001
20   90    0  0.0   0    -0.05589299    0.004092041   3.271089e-05  -6.147794e-07   3.732477e-09   -7.81185e-12       179.9968   0.0002754656
20   90    0  0.0   1    -0.05555107    0.004109748   3.105087e-05  -5.948797e-07   3.648168e-09  -7.703511e-12       181.5614    0.000295142
21   90    0  0.0   0    -0.04256882    0.003337569   4.200044e-05  -6.258618e-07   3.364903e-09   -6.37359e-12       190.0573   0.0002542175
21   90    0  0.0   1    -0.04312266    0.003084037   5.257221e-05  -7.809136e-07   4.278969e-09  -8.250121e-12        189.796   0.0002738075
22   90    0  0.0   0    -0.05137901    0.004097848   3.089983e-05  -5.672771e-07   3.256194e-09  -6.348289e-12         199.63   0.0002459287
22   90    0  0.0   1    -0.06086768    0.004806531   1.220204e-05  -3.591094e-07   2.231548e-09  -4.503959e-12         199.63   0.0001789239
23   90    0  0.0   0    -0.05954385    0.004917638   9.969589e-06  -3.328466e-07   2.044893e-09  -4.012915e-12         213.99   0.0001784972
23   90    0  0.0   1    -0.05168645    0.004460472   1.821804e-05  -3.966875e-07   2.262428e-09  -4.273821e-12         213.99   0.0001375691
24   90    0  0.0   0    -0.05886249     0.00501607   5.232173e-06  -2.599403e-07   1.588148e-09  -3.029131e-12         230.01   0.0001113877
24   90    0  0.0   1    -0.04819082    0.004253365   2.209895e-05  -4.246384e-07   2.313968e-09  -4.206824e-12         230.01   0.0001859558
25   90    0  0.0   0    -0.06636011     0.00546486  -6.772116e-06  -1.155539e-07   8.058364e-10  -1.503383e-12          231.1   0.0002124627
25   90    0  0.0   1    -0.06254911     0.00503963   3.022864e-06  -2.154041e-07   1.258407e-09  -2.245277e-12          231.1   0.0001202097
26   90    0  0.0   0    -0.08448559    0.006028618  -1.814508e-05  -1.585098e-08   4.522228e-10  -1.067157e-12       197.3062   0.0003029953
26   90    0  0.0   1    -0.05713367    0.004193294   2.487739e-05  -4.611671e-07   2.553154e-09  -4.765762e-12       200.0828   0.0002961962
27   90    0  0.0   0    -0.05824315    0.003868702   2.690001e-05  -4.194665e-07   2.069591e-09  -3.471893e-12       209.1537   0.0001772039
27   90    0  0.0   1    -0.05127725    0.003437609   3.772492e-05  -5.470436e-07   2.750213e-09  -4.794842e-12        210.703    0.000260709
28   90    0  0.0   0    -0.05984331    0.004454249   1.535446e-05  -3.234717e-07   1.696697e-09  -2.923054e-12       219.3719   0.0001733027
28   90    0  0.0   1    -0.07125127    0.005113916   1.184148e-06  -1.848332e-07   1.069504e-09   -1.85923e-12       216.5416   0.0002588862
29   90    0  0.0   0    -0.07499665    0.005863631  -1.617042e-05  -1.645507e-08   3.301166e-10  -6.527007e-13       221.0493   0.0002339674
29   90    0  0.0   1    -0.07729406    0.005958523  -1.718651e-05  -1.411174e-08   3.427706e-10  -7.015399e-13       222.0948   0.0002280584
30   90    0  0.0   0    -0.07290187    0.006703292  -3.476529e-05   1.495082e-07  -3.324974e-10   3.194138e-13         230.25   0.0002367268
30   90    0  0.0   1    -0.07198283    0.006595396  -3.348695e-05   1.496063e-07  -3.935087e-10   5.183541e-13         230.25   0.0001492528
31   90    0  0.0   0    -0.07129262    0.006774363   -3.61953e-05   1.609477e-07  -3.816765e-10   3.956546e-13         242.06   0.0001117838
31   90    0  0.0   1    -0.07476123    0.006886811  -3.829535e-05   1.814419e-07  -4.805911e-10   5.734518e-13         242.06   0.0001286082
32   90    0  0.0   0    -0.06925501     0.00584803  -1.585801e-05  -1.869222e-08   3.407069e-10  -6.671565e-13       211.9513   0.0001512921
32   90    0  0.0   1    -0.07985686    0.006711015  -3.399394e-05    1.40546e-07  -2.744046e-10   1.958824e-13       211.2898   0.0001851505
33   90    0  0.0   0    -0.06978748    0.005789259  -1.561572e-05  -1.610693e-08   3.170667e-10  -6.259282e-13       217.5465   0.0002979464
33   90    0  0.0   1    -0.06844231    0.005843361  -1.629397e-05  -1.453985e-08   3.252712e-10  -6.468846e-13       215.0229   0.0002804906
34   90    0  0.0   0      -0.065845    0.005963525  -1.783362e-05   -1.10061e-08   3.401358e-10  -7.022455e-13       222.4746   0.0002746703
34   90    0  0.0   1     -0.0585254    0.005677715  -1.457599e-05  -1.712426e-08   2.755374e-10  -4.805956e-13       226.0227   0.0001230738
35   90    0  0.0   0    -0.06530453    0.006411265  -2.839176e-05   8.510959e-08  -4.150222e-11  -1.650518e-13       237.4194   6.083039e-05
35   90    0  0.0   1    -0.05736437    0.005914751  -1.797104e-05  -7.690614e-09   3.241693e-10  -6.906132e-13       234.6203   0.0001786393
36   90    0  0.0   0    -0.06199385    0.006226345  -2.587782e-05   7.992741e-08  -1.063193e-10   6.593499e-14       238.8016   0.0001866853
36   90    0  0.0   1    -0.06449266    0.006301444  -2.744364e-05   9.177977e-08  -1.414624e-10   9.854246e-14       239.8445   0.0002328959
37   90    0  0.0   0    -0.06258903    0.006536691  -3.426755e-05   1.650611e-07  -4.804225e-10   6.576098e-13       245.8385   0.0001759963
37   90    0  0.0   1    -0.06337087    0.006643514  -3.690383e-05   1.926039e-07  -6.018349e-10   8.454674e-13       246.9835   1.392256e-13
38   90    0  0.0   0    -0.07165653    0.006694496  -3.539616e-05   1.641883e-07  -4.307803e-10   5.472486e-13       219.3102   0.0003704094
38   90    0  0.0   1    -0.05537312    0.005749044  -1.589232e-05  -1.442052e-08   3.160954e-10  -6.211882e-13         222.44   0.0001528855
39   90    0  0.0   0    -0.06507099    0.006483803  -3.115446e-05   1.229213e-07  -2.492656e-10   2.368823e-13         230.44   0.0001980397
39   90    0  0.0   1    -0.05693321    0.005895163    -1.7572e-05   -1.03541e-08   3.272618e-10  -6.677145e-13         230.44   0.0001657862
40   90    0  0.0   0    -0.06591825    0.006474546  -3.148838e-05   1.342701e-07  -3.403513e-10    4.43437e-13          236.4   0.0001439915
40   90    0  0.0   1    -0.06233252    0.006454124  -3.093632e-05   1.258467e-07  -2.995219e-10   3.850268e-13          236.4   0.0001921258
41   90    0  0.0   0    -0.06329111    0.006514455  -3.263796e-05    1.44336e-07  -3.824228e-10   5.052209e-13          242.1   0.0001182639
41   90    0  0.0   1    -0.07370962    0.007199726   -4.51656e-05   2.460872e-07  -7.631664e-10   1.038746e-12          242.1   0.0001806286
42   90    0  0.0   0    -0.06874399     0.00697805  -4.244164e-05   2.318713e-07  -7.298748e-10   1.000303e-12       249.9938   9.161825e-05
42   90    0  0.0   1    -0.05827914    0.006430714  -3.127498e-05   1.275419e-07  -2.855765e-10   3.022256e-13        255.655   2.758488e-14
43   90    0  0.0   0    -0.06005513    0.006670388  -3.719684e-05   1.883848e-07  -5.610939e-10   7.462967e-13       259.4083    9.08934e-05
43   90    0  0.0   1    -0.06545305    0.006869965  -3.967141e-05   2.021179e-07  -5.964072e-10   7.811816e-13       259.3884   0.0002250724
44   90    0  0.0   0    -0.05914775    0.005804946  -1.767761e-05   1.160128e-08   1.525209e-10   -2.84634e-13       230.1173   0.0002097923
44   90    0  0.0   1    -0.06577173    0.006316582  -2.921279e-05    1.28492e-07  -3.838123e-10   6.161854e-13       229.5621   0.0002563049
45   90    0  0.0   0     -0.0642965    0.006112461  -2.383009e-05   6.631595e-08  -6.660632e-11    2.68022e-14       239.2131   7.498623e-05
45   90    0  0.0   1    -0.05401487    0.005554936  -1.229711e-05  -4.043793e-08   3.822982e-10  -6.711119e-13       238.5672    0.000201864
46   90    0  0.0   0    -0.05380777    0.006231918  -2.796106e-05   1.011943e-07   -1.83146e-10   1.531851e-13       247.0142   4.358221e-05
46   90    0  0.0   1    -0.05415861    0.006095798  -2.499167e-05   7.857238e-08  -1.152999e-10   9.107671e-14       244.9766   7.615733e-05
47   90    0  0.0   0    -0.05669069    0.006487737  -3.264994e-05    1.40785e-07  -3.450567e-10    4.02766e-13         252.21   4.413236e-05
47   90    0  0.0   1     -0.0508021    0.006098323  -2.466459e-05   7.021559e-08  -6.564245e-11  -3.644129e-15       253.1951   4.590497e-05
48   90    0  0.0   0    -0.05848975     0.00643741  -3.296102e-05   1.533566e-07  -4.252643e-10   5.482533e-13       261.3204   2.235055e-05
48   90    0  0.0   1    -0.05245504     0.00611811  -2.524821e-05   7.743941e-08  -1.000218e-10   4.717118e-14       260.3938   6.292528e-05
49   90    0  0.0   0    -0.05050449    0.006237459  -2.804779e-05   1.030355e-07  -2.066806e-10   2.074936e-13       265.4336    0.000142896
49   90    0  0.0   1      -0.047768    0.006267576  -2.994206e-05   1.270496e-07  -3.204705e-10   3.899744e-13         265.74   9.678713e-05
50   90    0  0.0   0    -0.06462133    0.006915345  -4.216953e-05   2.366673e-07  -7.726554e-10   1.111353e-12       236.5432   0.0002514939
50   90    0  0.0   1    -0.07187091    0.007279979  -4.951769e-05   3.060002e-07  -1.077061e-09   1.608935e-12         236.72   0.0002524522
51   90    0  0.0   0    -0.05896554    0.006530548  -3.482724e-05   1.746237e-07  -5.380299e-10   7.767471e-13         243.34   0.0003770732
51   90    0  0.0   1    -0.06452771    0.006774385  -3.907263e-05   2.083236e-07  -6.643555e-10    9.59638e-13         243.34   0.0003024897
52   90    0  0.0   0    -0.06788492    0.006575675  -3.406298e-05   1.625366e-07  -4.855561e-10   6.900424e-13         248.55    0.000184653
52   90    0  0.0   1    -0.07735402    0.007097678  -4.304032e-05   2.287429e-07   -7.07684e-10   9.712723e-13         248.55   0.0002667187
53   90    0  0.0   0    -0.05569646    0.006665668   -3.80781e-05   2.051137e-07  -6.695612e-10   9.768181e-13         253.49    0.000377367
53   90    0  0.0   1    -0.05676991    0.006693108  -3.836979e-05   2.042126e-07  -6.526811e-10   9.339634e-13         253.49   0.0004711388
54   90    0  0.0   0    -0.04982429    0.006534184  -3.569666e-05   1.815835e-07  -5.650153e-10   7.995461e-13            258    0.000533338
54   90    0  0.0   1    -0.06569752    0.007534556    -5.4922e-05   3.425184e-07  -1.172521e-09    1.64337e-12            258   0.0006664144
55   90    0  0.0   0     -0.0284893    0.006173655  -3.060848e-05   1.323441e-07   -3.46973e-10   4.087286e-13            305   0.0001984249
55   90    0  0.0   1    -0.02512484      0.0061817  -3.151433e-05   1.407255e-07  -3.758652e-10    4.43572e-13            305   0.0002109884
0  115    0  0.0   0  -0.0005707875   -0.002809244   0.0002970978  -5.352459e-06    4.43952e-08  -1.459828e-10       89.24602   0.0007411029
0  115    0  0.0   1    -0.07353736    0.004778453   1.052669e-05  -1.967697e-07  -3.962696e-10   6.362918e-12       87.39557   0.0007295007
1  115    0  0.0   0    -0.08171926    0.006164726   -2.33232e-05  -6.518502e-08   3.485034e-09  -2.556298e-11       90.25026   0.0007656801
1  115    0  0.0   1    -0.08491193    0.006391172  -2.612367e-05  -9.258816e-08   3.966746e-09   -2.58273e-11       90.15792   0.0007322026
2  115    0  0.0   0   -0.009308504   -0.002134913   0.0003113394  -6.327229e-06   5.846556e-08  -2.073573e-10       98.71911   0.0006704752
2  115    0  0.0   1    -0.08040682    0.005930047  -1.526499e-05  -9.085719e-08   1.813383e-09  -9.977163e-12       94.68153   0.0007152192
3  115    0  0.0   0    -0.04304193    0.001954082   0.0001407411  -2.983234e-06   2.713509e-08  -9.379381e-11        100.285   0.0006437465
3  115    0  0.0   1    -0.07890997    0.005849076  -1.184765e-05  -1.069266e-07   8.916939e-10  -8.424374e-13        97.2187   0.0006760349
4  115    0  0.0   0    -0.02024644   -0.000579365   0.0002516529  -5.189328e-06   4.714298e-08  -1.604027e-10         108.03   0.0006169401
4  115    0  0.0   1    -0.09256175    0.007059482  -3.915867e-05  -1.386415e-08   3.619878e-09  -2.106106e-11       106.4369   0.0006096509
5  115    0  0.0   0    -0.04574218    0.002808688   0.0001122095  -2.555452e-06   2.366853e-08  -8.059885e-11       110.0661   0.0006140525
5  115    0  0.0   1    -0.03545967    0.001746664   0.0001552204  -3.314394e-06   2.982328e-08  -9.937967e-11       114.7502   0.0006052088
6  115    0  0.0   0    -0.04722238    0.002390641   0.0001190359  -2.438312e-06   2.052541e-08   -6.37628e-11       115.6748   0.0005971824
6  115    0  0.0   1    -0.01158754   -0.001082923    0.000247089  -4.594784e-06   3.736407e-08  -1.130415e-10         120.83   0.0005573599
7  115    0  0.0   0   -0.007228032   -0.001596458   0.0002436661  -4.196784e-06   3.182195e-08  -9.013887e-11       123.9401   0.0005989197
7  115    0  0.0   1    -0.07919249    0.005951684  -1.586355e-05   -6.10793e-08   9.655057e-10  -3.016944e-12        120.034   0.0005872552
8  115    0  0.0   0     -0.0842976     0.00603518  -1.895672e-05  -4.512544e-08   1.415766e-09  -6.220555e-12       125.7082   0.0004453443
8  115    0  0.0   1    -0.07338147    0.005281146  -6.603343e-06   -7.39009e-08   6.362701e-10  -1.734242e-12       125.7938   0.0003865528
9  115    0  0.0   0     -0.0546378    0.003428026   7.007207e-05  -1.418537e-06   1.102668e-08  -3.088192e-11       145.7299   0.0003380069
9  115    0  0.0   1    -0.03178325    0.001388429   0.0001263881  -2.141256e-06   1.534206e-08  -4.051158e-11       145.8435   0.0003486868
10  115    0  0.0   0    -0.04379675    0.002583989   8.963446e-05  -1.554166e-06   1.072486e-08   -2.67527e-11       163.9304   0.0003515396
10  115    0  0.0   1    -0.04216126    0.002424532   9.005235e-05  -1.517561e-06   1.026918e-08  -2.520643e-11       166.8117   0.0002902461
11  115    0  0.0   0    -0.06659569     0.00443704   2.288952e-05  -5.045675e-07   3.278878e-09  -7.283653e-12        158.872    0.000409366
11  115    0  0.0   1     -0.0524372    0.003043805   6.364685e-05  -1.038978e-06   6.476948e-09  -1.438966e-11        158.872   0.0004118772
12  115    0  0.0   0    -0.04602289    0.002800483   5.903682e-05  -8.518005e-07   4.707517e-09   -9.24566e-12        169.646   0.0004403507
12  115    0  0.0   1     -0.0494838    0.002903765   6.066145e-05   -8.99064e-07   5.054712e-09  -1.005386e-11        169.646   0.0004599613
13  115    0  0.0   0    -0.07192327    0.005284977  -2.589084e-06  -1.647287e-07   1.131441e-09  -2.210175e-12        180.941   0.0004364814
13  115    0  0.0   1    -0.07075087    0.005206442   1.497274e-06  -2.360443e-07    1.64189e-09  -3.486569e-12       180.9408   0.0003559161
14  115    0  0.0   0    -0.04147499    0.002514272   8.496186e-05  -1.413659e-06   9.391218e-09   -2.25142e-11        162.368   0.0003031486
14  115    0  0.0   1    -0.05251317    0.003330018    5.95833e-05  -1.049444e-06   6.996106e-09  -1.673078e-11         166.87   0.0003511695
15  115    0  0.0   0     -0.0673727    0.004821076   1.701855e-05  -4.769081e-07    3.27954e-09  -7.496498e-12         167.25   0.0002983248
15  115    0  0.0   1    -0.05814472    0.003910783   4.307938e-05  -8.272564e-07   5.460905e-09  -1.256138e-11       173.5311    0.000337091
16  115    0  0.0   0    -0.02178707   0.0004829768   0.0001219954  -1.586316e-06   8.578974e-09  -1.686282e-11       191.9113   0.0002156859
16  115    0  0.0   1    -0.02867549   0.0009228038   0.0001083632  -1.426493e-06     7.7823e-09  -1.544486e-11       185.8757    0.000325228
17  115    0  0.0   0     -0.0341856    0.001655714   8.794057e-05  -1.151184e-06   6.049151e-09  -1.143011e-11       210.2608   0.0003350214
17  115    0  0.0   1    -0.03525892    0.001480939   8.965673e-05  -1.144892e-06   5.909572e-09  -1.100528e-11        213.006   0.0002396811
18  115    0  0.0   0    -0.05584768    0.003456766   4.488942e-05  -6.851534e-07   3.690773e-09   -6.92526e-12       208.4071   0.0001859444
18  115    0  0.0   1    -0.04700163    0.002475733     6.1374e-05  -8.011134e-07   4.012047e-09  -7.145327e-12         208.38   0.0001858358
19  115    0  0.0   0    -0.09743515     0.00744624  -5.873341e-05   5.039992e-07  -2.549866e-09   5.252642e-12        190.435   0.0009287447
19  115    0  0.0   1    -0.07071451    0.005228563  -6.237542e-06  -5.335715e-08    1.35156e-10   4.709221e-13        190.435   0.0008628937
20  115    0  0.0   0    -0.05423983       0.004201   2.572428e-05  -4.998465e-07   2.972347e-09  -6.040199e-12       179.0676   0.0002705171
20  115    0  0.0   1    -0.05683253    0.004160398   3.038227e-05  -5.937863e-07   3.679501e-09  -7.840476e-12       182.2984   0.0002762887
21  115    0  0.0   0    -0.05752241    0.004122489   2.942683e-05  -5.511783e-07   3.239606e-09  -6.500554e-12       189.7345   0.0002469442
21  115    0  0.0   1    -0.05509351    0.003813302   3.743432e-05  -6.402499e-07   3.685801e-09  -7.329081e-12       193.5084   0.0001964347
22  115    0  0.0   0    -0.05665084    0.004535701   1.748836e-05  -3.977559e-07   2.338162e-09  -4.571803e-12         199.63   0.0002538546
22  115    0  0.0   1    -0.05983578     0.00475932   1.312174e-05  -3.656711e-07   2.238214e-09  -4.462712e-12         199.63   0.0002284422
23  115    0  0.0   0    -0.06017188    0.005080252   5.342097e-06  -2.843685e-07   1.830734e-09  -3.677707e-12         213.99   0.0002233316
23  115    0  0.0   1    -0.06992615     0.00551928  -1.812134e-06  -2.338719e-07   1.678643e-09  -3.530356e-12         213.99   0.0002400908
24  115    0  0.0   0    -0.05303961    0.004555168   1.681974e-05  -3.825122e-07   2.157282e-09  -3.984166e-12         230.01   9.617595e-05
24  115    0  0.0   1    -0.05300184    0.004638118   1.339571e-05  -3.417021e-07   1.958409e-09  -3.641532e-12         230.01   0.0001038726
25  115    0  0.0   0    -0.06762846    0.005775141  -1.603029e-05   -1.29899e-08   3.243036e-10  -6.920097e-13          231.1   0.0002331298
25  115    0  0.0   1    -0.06602158    0.005303083  -4.244074e-06  -1.313177e-07   8.364173e-10  -1.490676e-12          231.1   0.0001219822
26  115    0  0.0   0    -0.06227075    0.004832916   6.974629e-06  -2.676236e-07    1.65882e-09  -3.289875e-12       200.9666   0.0003332732
26  115    0  0.0   1    -0.06529671    0.004833501      1.043e-05  -3.212718e-07    1.94809e-09  -3.805881e-12       200.8855   0.0003681158
27  115    0  0.0   0    -0.04570441    0.003046854   4.711331e-05  -6.469184e-07     3.2393e-09   -5.69679e-12       212.0679     0.00023575
27  115    0  0.0   1    -0.05924776    0.004077214   2.325121e-05  -4.001272e-07   2.056098e-09   -3.55734e-12       208.8755   0.0002377157
28  115    0  0.0   0    -0.06545127    0.004861928   7.554845e-06  -2.660206e-07   1.528696e-09   -2.77607e-12       217.5252   0.0002646677
28  115    0  0.0   1     -0.0794701     0.00583449   -1.58647e-05  -1.676724e-08    3.33659e-10  -6.737784e-13       216.7979   0.0002546317
29  115    0  0.0   0    -0.07693396    0.005907512  -1.662721e-05  -1.333289e-08   3.241213e-10  -6.662085e-13       221.4027   0.0002621404
29  115    0  0.0   1    -0.06293939     0.00495365   5.208696e-06  -2.354545e-07   1.351522e-09   -2.42649e-12       229.6752   0.0001201954
30  115    0  0.0   0    -0.08004736    0.007056564   -4.13596e-05   2.084845e-07  -5.858522e-10   7.364666e-13       230.5092   0.0001122113
30  115    0  0.0   1    -0.06484385    0.006029356   -1.89995e-05  -7.293834e-09   3.604815e-10  -8.055569e-13        231.792   0.0002130099
31  115    0  0.0   0    -0.07048469    0.006691725  -3.451807e-05   1.449563e-07  -3.096599e-10    2.74992e-13         242.06   0.0001340678
31  115    0  0.0   1    -0.06786889    0.006415561  -2.891105e-05   1.004895e-07  -1.560233e-10   7.751041e-14         242.06   0.0001771332
32  115    0  0.0   0    -0.06958113    0.005934533  -1.741655e-05  -1.374727e-08   3.762384e-10  -8.299172e-13       211.8791   0.0001816378
32  115    0  0.0   1    -0.06734675    0.005984713  -2.007468e-05    2.77242e-08    1.24284e-10  -3.057201e-13         212.45   0.0001732719
33  115    0  0.0   0    -0.06625633    0.005722956  -1.519089e-05  -1.500682e-08   2.914506e-10  -5.401579e-13       215.2951   0.0002723379
33  115    0  0.0   1    -0.07019185    0.006043885  -1.934666e-05  -5.644826e-09    3.83915e-10  -8.972597e-13       217.0594   0.0002107178
34  115    0  0.0   0    -0.06499801    0.005949435  -1.777185e-05  -1.095569e-08   3.374464e-10  -6.962505e-13       226.5802   0.0001891313
34  115    0  0.0   1    -0.06345403    0.005932444  -1.805254e-05  -6.611635e-09    3.30205e-10  -7.301489e-13       228.9386   0.0002108876
35  115    0  0.0   0    -0.05765549    0.005790991  -1.402866e-05  -5.470569e-08   5.637981e-10  -1.122016e-12         237.25    0.000196605
35  115    0  0.0   1    -0.07228049    0.006967073  -4.091774e-05   2.075924e-07  -5.892236e-10   7.512126e-13       232.2979   0.0001747074
36  115    0  0.0   0    -0.06553654    0.006512026  -3.276273e-05    1.49849e-07  -4.156315e-10   5.591735e-13       241.8254   9.789283e-05
36  115    0  0.0   1    -0.05601472    0.005745205  -1.600388e-05  -9.451944e-09   2.673624e-10   -5.20791e-13       243.8643   0.0001301012
37  115    0  0.0   0     -0.0550072    0.006062928  -2.300276e-05   5.053088e-08   3.090104e-11  -1.650443e-13       250.0472   9.224387e-05
37  115    0  0.0   1    -0.06426007    0.006698824  -3.571759e-05   1.614672e-07  -4.062358e-10   4.691478e-13       245.2747   0.0003005612
38  115    0  0.0   0    -0.07301469     0.00695913  -4.185631e-05   2.228376e-07  -6.476986e-10   8.142297e-13         222.44   0.0001610626
38  115    0  0.0   1    -0.06592414    0.006398501  -2.855584e-05   9.349242e-08  -1.005285e-10  -2.233129e-14         222.44   0.0001408662
39  115    0  0.0   0    -0.06092437    0.006341778  -2.982193e-05   1.235232e-07   -3.01233e-10   3.899335e-13       228.3275   0.0002142936
39  115    0  0.0   1    -0.06456125    0.006463131  -2.972683e-05   1.040156e-07  -1.640871e-10   1.153525e-13       229.9935   0.0001961838
40  115    0  0.0   0    -0.07450277    0.007042966  -4.212031e-05   2.150161e-07  -6.015971e-10   7.342643e-13          236.4   0.0002915751
40  115    0  0.0   1    -0.06099595    0.006354507  -2.839659e-05   9.751599e-08  -1.536956e-10   1.074549e-13          236.4   0.0001926937
41  115    0  0.0   0    -0.06829908     0.00685048  -3.827505e-05   1.832573e-07  -4.980364e-10   6.231384e-13       240.6363   0.0003019626
41  115    0  0.0   1    -0.06515416    0.006823569  -3.988392e-05   2.134649e-07  -6.706718e-10   9.415417e-13          242.1    0.000128902
42  115    0  0.0   0    -0.05469892    0.006122571  -2.545586e-05   8.338405e-08  -1.388218e-10   1.259748e-13       251.9542   0.0001035056
42  115    0  0.0   1    -0.05061561    0.006115559  -2.637149e-05   9.133066e-08   -1.56525e-10   1.233532e-13       252.8823   0.0002054691
43  115    0  0.0   0     -0.0616732    0.006571171  -3.284551e-05   1.355696e-07  -3.072561e-10   3.238783e-13       259.7896   0.0001348211
43  115    0  0.0   1     -0.0539664    0.006466992  -3.459452e-05   1.710978e-07  -5.016435e-10   6.624637e-13          260.6   3.515652e-05
44  115    0  0.0   0    -0.06796513    0.006217872  -2.448153e-05   5.897479e-08   1.783833e-11  -1.741106e-13       229.5069    0.000229579
44  115    0  0.0   1    -0.07681946    0.007049883   -4.46047e-05   2.677289e-07  -9.483965e-10   1.458607e-12         230.24    0.000216096
45  115    0  0.0   0    -0.05568109    0.005683652  -1.558328e-05  -8.640124e-09   2.486086e-10  -4.666755e-13       238.9805   0.0001664047
45  115    0  0.0   1    -0.06251288    0.005977013  -2.067394e-05   3.546345e-08   6.573159e-11  -1.806043e-13         240.55   0.0001823044
46  115    0  0.0   0    -0.06037842    0.006427173  -2.993064e-05   1.103246e-07  -2.061962e-10   1.880544e-13       242.8934   0.0001982448
46  115    0  0.0   1    -0.06462761    0.006730821  -3.752492e-05   1.896895e-07  -5.707656e-10   7.872313e-13       244.9671   0.0001934283
47  115    0  0.0   0    -0.05903213    0.006596211  -3.469326e-05     1.5627e-07  -4.003927e-10    4.82541e-13       251.4205   0.0001608376
47  115    0  0.0   1    -0.05222912    0.006244314  -2.947754e-05   1.281516e-07  -3.489878e-10   4.754295e-13        252.689   0.0001216612
48  115    0  0.0   0     -0.0577208    0.006245776  -2.769639e-05   1.005628e-07  -2.027444e-10   2.170586e-13       259.7102   5.307354e-05
48  115    0  0.0   1    -0.05427116    0.006244329  -2.817012e-05   1.056568e-07  -2.213716e-10   2.361543e-13       259.0347   0.0001672729
49  115    0  0.0   0    -0.05131777    0.006516035  -3.669085e-05   1.961716e-07  -6.159132e-10   8.369951e-13       262.8415   0.0002255739
49  115    0  0.0   1    -0.03542754    0.005600988  -1.834629e-05   4.169666e-08  -4.715368e-11   8.127051e-14       264.2336    0.000192059
50  115    0  0.0   0    -0.05495365    0.006304653  -2.875728e-05   1.082991e-07  -2.184382e-10   2.278608e-13         236.72   0.0002756062
50  115    0  0.0   1    -0.07316952    0.007389378  -5.071674e-05   3.046367e-07  -1.024151e-09   1.467851e-12         236.72   0.0002200909
51  115    0  0.0   0    -0.06141486    0.006493244  -3.275561e-05   1.482098e-07  -4.058178e-10    5.47162e-13         243.34   0.0002290382
51  115    0  0.0   1    -0.07275306    0.007175778   -4.61278e-05   2.641839e-07    -8.6888e-10    1.24171e-12         243.34   0.0002775359
52  115    0  0.0   0    -0.06914049    0.006551897  -3.269739e-05   1.474318e-07   -4.25198e-10   6.109782e-13         248.55   0.0001995631
52  115    0  0.0   1    -0.08593129    0.007605429   -5.25668e-05    3.10244e-07  -1.033622e-09   1.462124e-12         248.55    0.000236023
53  115    0  0.0   0    -0.08268577     0.00806805  -6.336406e-05    4.05701e-07  -1.388286e-09   1.924278e-12         253.49   0.0004272608
53  115    0  0.0   1    -0.05919543    0.006887839  -4.268966e-05   2.429055e-07  -8.025542e-10   1.143863e-12         253.49    0.000589217
54  115    0  0.0   0    -0.07066184    0.007525533  -5.288395e-05    3.19031e-07  -1.074093e-09   1.503394e-12            258   0.0005733746
54  115    0  0.0   1    -0.05959045    0.007333148  -5.282852e-05   3.344136e-07  -1.169108e-09   1.673705e-12            258   0.0005272764
55  115    0  0.0   0    -0.02606273    0.006086237  -2.930369e-05    1.22526e-07  -3.117356e-10   3.610184e-13       301.6377   0.0006570512
55  115    0  0.0   1    -0.02656176     0.00621828  -3.173055e-05   1.393424e-07  -3.586439e-10   4.039918e-13            305   0.0003546024
