-0.02
-0.019912
-0.0199316
-0.0198436
-0.0198783
-0.0197903
-0.0198099
-0.0197219
-0.0197837
-0.0196957
-0.0197153
-0.0196273
-0.019662
-0.0195741
-0.0195936
-0.0195056
-0.0196155
-0.0195275
-0.019547
-0.0194591
-0.0194938
-0.0194058
-0.0194254
-0.0193374
-0.0193992
-0.0193112
-0.0193307
-0.0192428
-0.0192775
-0.0191895
-0.0192091
-0.0191211
-0.0193164
-0.0192284
-0.019248
-0.01916
-0.0191947
-0.0191068
-0.0191263
-0.0190383
-0.0191001
-0.0190121
-0.0190317
-0.0189437
-0.0189784
-0.0188905
-0.01891
-0.018822
-0.0189319
-0.0188439
-0.0188634
-0.0187755
-0.0188102
-0.0187222
-0.0187418
-0.0186538
-0.0187156
-0.0186276
-0.0186472
-0.0185592
-0.0185939
-0.0185059
-0.0185255
-0.0184375
-0.0190625
-0.0189745
-0.0189941
-0.0189061
-0.0189408
-0.0188528
-0.0188724
-0.0187844
-0.0188462
-0.0187582
-0.0187778
-0.0186898
-0.0187245
-0.0186366
-0.0186561
-0.0185681
-0.018678
-0.01859
-0.0186095
-0.0185216
-0.0185563
-0.0184683
-0.0184879
-0.0183999
-0.0184617
-0.0183737
-0.0183932
-0.0183053
-0.01834
-0.018252
-0.0182716
-0.0181836
-0.0183789
-0.0182909
-0.0183105
-0.0182225
-0.0182572
-0.0181693
-0.0181888
-0.0181008
-0.0181626
-0.0180746
-0.0180942
-0.0180062
-0.0180409
-0.017953
-0.0179725
-0.0178845
-0.0179944
-0.0179064
-0.0179259
-0.017838
-0.0178727
-0.0177847
-0.0178043
-0.0177163
-0.0177781
-0.0176901
-0.0177097
-0.0176217
-0.0176564
-0.0175684
-0.017588
-0.0175
-0.0175
-0.017412
-0.0174316
-0.0173436
-0.0173783
-0.0172903
-0.0173099
-0.0172219
-0.0172837
-0.0171957
-0.0172153
-0.0171273
-0.017162
-0.0170741
-0.0170936
-0.0170056
-0.0171155
-0.0170275
-0.017047
-0.0169591
-0.0169938
-0.0169058
-0.0169254
-0.0168374
-0.0168992
-0.0168112
-0.0168307
-0.0167428
-0.0167775
-0.0166895
-0.0167091
-0.0166211
-0.0168164
-0.0167284
-0.016748
-0.01666
-0.0166947
-0.0166068
-0.0166263
-0.0165383
-0.0166001
-0.0165121
-0.0165317
-0.0164437
-0.0164784
-0.0163905
-0.01641
-0.016322
-0.0164319
-0.0163439
-0.0163634
-0.0162755
-0.0163102
-0.0162222
-0.0162418
-0.0161538
-0.0162156
-0.0161276
-0.0161472
-0.0160592
-0.0160939
-0.0160059
-0.0160255
-0.0159375
-0.0165625
-0.0164745
-0.0164941
-0.0164061
-0.0164408
-0.0163528
-0.0163724
-0.0162844
-0.0163462
-0.0162582
-0.0162778
-0.0161898
-0.0162245
-0.0161366
-0.0161561
-0.0160681
-0.016178
-0.01609
-0.0161095
-0.0160216
-0.0160563
-0.0159683
-0.0159879
-0.0158999
-0.0159617
-0.0158737
-0.0158932
-0.0158053
-0.01584
-0.015752
-0.0157716
-0.0156836
-0.0158789
-0.0157909
-0.0158105
-0.0157225
-0.0157572
-0.0156693
-0.0156888
-0.0156008
-0.0156626
-0.0155746
-0.0155942
-0.0155062
-0.0155409
-0.015453
-0.0154725
-0.0153845
-0.0154944
-0.0154064
-0.0154259
-0.015338
-0.0153727
-0.0152847
-0.0153043
-0.0152163
-0.0152781
-0.0151901
-0.0152097
-0.0151217
-0.0151564
-0.0150684
-0.015088
-0.015
-0.015
-0.014912
-0.0149316
-0.0148436
-0.0148783
-0.0147903
-0.0148099
-0.0147219
-0.0147837
-0.0146957
-0.0147153
-0.0146273
-0.014662
-0.0145741
-0.0145936
-0.0145056
-0.0146155
-0.0145275
-0.014547
-0.0144591
-0.0144938
-0.0144058
-0.0144254
-0.0143374
-0.0143992
-0.0143112
-0.0143307
-0.0142428
-0.0142775
-0.0141895
-0.0142091
-0.0141211
-0.0143164
-0.0142284
-0.014248
-0.01416
-0.0141947
-0.0141068
-0.0141263
-0.0140383
-0.0141001
-0.0140121
-0.0140317
-0.0139437
-0.0139784
-0.0138905
-0.01391
-0.013822
-0.0139319
-0.0138439
-0.0138634
-0.0137755
-0.0138102
-0.0137222
-0.0137418
-0.0136538
-0.0137156
-0.0136276
-0.0136472
-0.0135592
-0.0135939
-0.0135059
-0.0135255
-0.0134375
-0.0140625
-0.0139745
-0.0139941
-0.0139061
-0.0139408
-0.0138528
-0.0138724
-0.0137844
-0.0138462
-0.0137582
-0.0137778
-0.0136898
-0.0137245
-0.0136366
-0.0136561
-0.0135681
-0.013678
-0.01359
-0.0136095
-0.0135216
-0.0135563
-0.0134683
-0.0134879
-0.0133999
-0.0134617
-0.0133737
-0.0133932
-0.0133053
-0.01334
-0.013252
-0.0132716
-0.0131836
-0.0133789
-0.0132909
-0.0133105
-0.0132225
-0.0132572
-0.0131693
-0.0131888
-0.0131008
-0.0131626
-0.0130746
-0.0130942
-0.0130062
-0.0130409
-0.012953
-0.0129725
-0.0128845
-0.0129944
-0.0129064
-0.0129259
-0.012838
-0.0128727
-0.0127847
-0.0128043
-0.0127163
-0.0127781
-0.0126901
-0.0127097
-0.0126217
-0.0126564
-0.0125684
-0.012588
-0.0125
-0.0125
-0.012412
-0.0124316
-0.0123436
-0.0123783
-0.0122903
-0.0123099
-0.0122219
-0.0122837
-0.0121957
-0.0122153
-0.0121273
-0.012162
-0.0120741
-0.0120936
-0.0120056
-0.0121155
-0.0120275
-0.012047
-0.0119591
-0.0119938
-0.0119058
-0.0119254
-0.0118374
-0.0118992
-0.0118112
-0.0118307
-0.0117428
-0.0117775
-0.0116895
-0.0117091
-0.0116211
-0.0118164
-0.0117284
-0.011748
-0.01166
-0.0116947
-0.0116068
-0.0116263
-0.0115383
-0.0116001
-0.0115121
-0.0115317
-0.0114437
-0.0114784
-0.0113905
-0.01141
-0.011322
-0.0114319
-0.0113439
-0.0113634
-0.0112755
-0.0113102
-0.0112222
-0.0112418
-0.0111538
-0.0112156
-0.0111276
-0.0111472
-0.0110592
-0.0110939
-0.0110059
-0.0110255
-0.0109375
-0.0115625
-0.0114745
-0.0114941
-0.0114061
-0.0114408
-0.0113528
-0.0113724
-0.0112844
-0.0113462
-0.0112582
-0.0112778
-0.0111898
-0.0112245
-0.0111366
-0.0111561
-0.0110681
-0.011178
-0.01109
-0.0111095
-0.0110216
-0.0110563
-0.0109683
-0.0109879
-0.0108999
-0.0109617
-0.0108737
-0.0108932
-0.0108053
-0.01084
-0.010752
-0.0107716
-0.0106836
-0.0108789
-0.0107909
-0.0108105
-0.0107225
-0.0107572
-0.0106693
-0.0106888
-0.0106008
-0.0106626
-0.0105746
-0.0105942
-0.0105062
-0.0105409
-0.010453
-0.0104725
-0.0103845
-0.0104944
-0.0104064
-0.0104259
-0.010338
-0.0103727
-0.0102847
-0.0103043
-0.0102163
-0.0102781
-0.0101901
-0.0102097
-0.0101217
-0.0101564
-0.0100684
-0.010088
-0.01
-0.01
-0.00991201
-0.00993156
-0.00984357
-0.00987833
-0.00979035
-0.0098099
-0.00972191
-0.00978371
-0.00969572
-0.00971527
-0.00962728
-0.00966204
-0.00957405
-0.00959361
-0.00950561
-0.00961548
-0.00952749
-0.00954704
-0.00945905
-0.00949381
-0.00940582
-0.00942538
-0.00933739
-0.00939918
-0.00931119
-0.00933075
-0.00924276
-0.00927752
-0.00918953
-0.00920908
-0.00912109
-0.00931641
-0.00922842
-0.00924797
-0.00915998
-0.00919474
-0.00910675
-0.0091263
-0.00903831
-0.00910011
-0.00901212
-0.00903168
-0.00894369
-0.00897845
-0.00889046
-0.00891001
-0.00882202
-0.00893188
-0.00884389
-0.00886345
-0.00877546
-0.00881022
-0.00872223
-0.00874178
-0.00865379
-0.00871559
-0.0086276
-0.00864715
-0.00855916
-0.00859393
-0.00850594
-0.00852549
-0.0084375
-0.0090625
-0.00897451
-0.00899406
-0.00890607
-0.00894083
-0.00885285
-0.0088724
-0.00878441
-0.00884621
-0.00875822
-0.00877777
-0.00868978
-0.00872454
-0.00863655
-0.00865611
-0.00856811
-0.00867798
-0.00858999
-0.00860954
-0.00852155
-0.00855631
-0.00846832
-0.00848788
-0.00839989
-0.00846168
-0.00837369
-0.00839325
-0.00830526
-0.00834002
-0.00825203
-0.00827158
-0.00818359
-0.00837891
-0.00829092
-0.00831047
-0.00822248
-0.00825724
-0.00816925
-0.0081888
-0.00810081
-0.00816261
-0.00807462
-0.00809418
-0.00800619
-0.00804095
-0.00795296
-0.00797251
-0.00788452
-0.00799438
-0.00790639
-0.00792595
-0.00783796
-0.00787272
-0.00778473
-0.00780428
-0.00771629
-0.00777809
-0.0076901
-0.00770965
-0.00762166
-0.00765643
-0.00756844
-0.00758799
-0.0075
-0.0075
-0.00741201
-0.00743156
-0.00734357
-0.00737833
-0.00729034
-0.0073099
-0.00722191
-0.00728371
-0.00719572
-0.00721527
-0.00712728
-0.00716204
-0.00707405
-0.0070936
-0.00700561
-0.00711548
-0.00702749
-0.00704704
-0.00695905
-0.00699381
-0.00690582
-0.00692538
-0.00683739
-0.00689918
-0.0068112
-0.00683075
-0.00674276
-0.00677752
-0.00668953
-0.00670908
-0.00662109
-0.00681641
-0.00672842
-0.00674797
-0.00665998
-0.00669474
-0.00660675
-0.0066263
-0.00653831
-0.00660011
-0.00651212
-0.00653168
-0.00644369
-0.00647845
-0.00639046
-0.00641001
-0.00632202
-0.00643188
-0.00634389
-0.00636345
-0.00627546
-0.00631022
-0.00622223
-0.00624178
-0.00615379
-0.00621559
-0.0061276
-0.00614715
-0.00605916
-0.00609393
-0.00600594
-0.00602549
-0.0059375
-0.0065625
-0.00647451
-0.00649406
-0.00640607
-0.00644083
-0.00635284
-0.0063724
-0.00628441
-0.00634621
-0.00625822
-0.00627777
-0.00618978
-0.00622454
-0.00613655
-0.0061561
-0.00606811
-0.00617798
-0.00608999
-0.00610954
-0.00602155
-0.00605631
-0.00596832
-0.00598788
-0.00589989
-0.00596168
-0.0058737
-0.00589325
-0.00580526
-0.00584002
-0.00575203
-0.00577158
-0.00568359
-0.00587891
-0.00579092
-0.00581047
-0.00572248
-0.00575724
-0.00566925
-0.0056888
-0.00560081
-0.00566261
-0.00557462
-0.00559418
-0.00550619
-0.00554095
-0.00545296
-0.00547251
-0.00538452
-0.00549438
-0.00540639
-0.00542595
-0.00533796
-0.00537272
-0.00528473
-0.00530428
-0.00521629
-0.00527809
-0.0051901
-0.00520965
-0.00512166
-0.00515643
-0.00506844
-0.00508799
-0.005
-0.005
-0.00496094
-0.00496094
-0.00492187
-0.00492187
-0.00488281
-0.00488281
-0.00484375
-0.00484375
-0.00480469
-0.00480469
-0.00476562
-0.00476562
-0.00472656
-0.00472656
-0.0046875
-0.0046875
-0.00464844
-0.00464844
-0.00460937
-0.00460937
-0.00457031
-0.00457031
-0.00453125
-0.00453125
-0.00449219
-0.00449219
-0.00445312
-0.00445312
-0.00441406
-0.00441406
-0.004375
-0.004375
-0.00433594
-0.00433594
-0.00429687
-0.00429687
-0.00425781
-0.00425781
-0.00421875
-0.00421875
-0.00417969
-0.00417969
-0.00414062
-0.00414062
-0.00410156
-0.00410156
-0.0040625
-0.0040625
-0.00402344
-0.00402344
-0.00398437
-0.00398437
-0.00394531
-0.00394531
-0.00390625
-0.00390625
-0.00386719
-0.00386719
-0.00382812
-0.00382812
-0.00378906
-0.00378906
-0.00375
-0.00375
-0.00371094
-0.00371094
-0.00367187
-0.00367187
-0.00363281
-0.00363281
-0.00359375
-0.00359375
-0.00355469
-0.00355469
-0.00351562
-0.00351562
-0.00347656
-0.00347656
-0.0034375
-0.0034375
-0.00339844
-0.00339844
-0.00335937
-0.00335937
-0.00332031
-0.00332031
-0.00328125
-0.00328125
-0.00324219
-0.00324219
-0.00320312
-0.00320312
-0.00316406
-0.00316406
-0.003125
-0.003125
-0.00308594
-0.00308594
-0.00304687
-0.00304687
-0.00300781
-0.00300781
-0.00296875
-0.00296875
-0.00292969
-0.00292969
-0.00289062
-0.00289062
-0.00285156
-0.00285156
-0.0028125
-0.0028125
-0.00277344
-0.00277344
-0.00273437
-0.00273437
-0.00269531
-0.00269531
-0.00265625
-0.00265625
-0.00261719
-0.00261719
-0.00257812
-0.00257812
-0.00253906
-0.00253906
-0.0025
-0.0025
-0.00246094
-0.00246094
-0.00242187
-0.00242187
-0.00238281
-0.00238281
-0.00234375
-0.00234375
-0.00230469
-0.00230469
-0.00226562
-0.00226562
-0.00222656
-0.00222656
-0.0021875
-0.0021875
-0.00214844
-0.00214844
-0.00210937
-0.00210937
-0.00207031
-0.00207031
-0.00203125
-0.00203125
-0.00199219
-0.00199219
-0.00195312
-0.00195312
-0.00191406
-0.00191406
-0.001875
-0.001875
-0.00183594
-0.00183594
-0.00179687
-0.00179687
-0.00175781
-0.00175781
-0.00171875
-0.00171875
-0.00167969
-0.00167969
-0.00164062
-0.00164062
-0.00160156
-0.00160156
-0.0015625
-0.0015625
-0.00152344
-0.00152344
-0.00148437
-0.00148437
-0.00144531
-0.00144531
-0.00140625
-0.00140625
-0.00136719
-0.00136719
-0.00132812
-0.00132812
-0.00128906
-0.00128906
-0.00125
-0.00125
-0.00121094
-0.00121094
-0.00117187
-0.00117187
-0.00113281
-0.00113281
-0.00109375
-0.00109375
-0.00105469
-0.00105469
-0.00101562
-0.00101562
-0.000976562
-0.000976562
-0.0009375
-0.0009375
-0.000898437
-0.000898437
-0.000859375
-0.000859375
-0.000820312
-0.000820312
-0.00078125
-0.00078125
-0.000742187
-0.000742187
-0.000703125
-0.000703125
-0.000664062
-0.000664062
-0.000625
-0.000625
-0.000585937
-0.000585937
-0.000546875
-0.000546875
-0.000507812
-0.000507812
-0.00046875
-0.00046875
-0.000429687
-0.000429687
-0.000390625
-0.000390625
-0.000351562
-0.000351562
-0.0003125
-0.0003125
-0.000273437
-0.000273437
-0.000234375
-0.000234375
-0.000195312
-0.000195312
-0.00015625
-0.00015625
-0.000117187
-0.000117187
-7.81245e-05
-7.81245e-05
-3.9062e-05
-3.9062e-05
4.65661e-10
4.65661e-10
3.9063e-05
3.9063e-05
7.81255e-05
7.81255e-05
0.000117188
0.000117188
0.00015625
0.00015625
0.000195313
0.000195313
0.000234375
0.000234375
0.000273438
0.000273438
0.0003125
0.0003125
0.000351563
0.000351563
0.000390625
0.000390625
0.000429688
0.000429688
0.00046875
0.00046875
0.000507813
0.000507813
0.000546875
0.000546875
0.000585938
0.000585938
0.000625
0.000625
0.000664063
0.000664063
0.000703125
0.000703125
0.000742188
0.000742188
0.00078125
0.00078125
0.000820313
0.000820313
0.000859375
0.000859375
0.000898438
0.000898438
0.0009375
0.0009375
0.000976563
0.000976563
0.00101563
0.00101563
0.00105469
0.00105469
0.00109375
0.00109375
0.00113281
0.00113281
0.00117188
0.00117188
0.00121094
0.00121094
0.00125
0.00125
0.00128906
0.00128906
0.00132813
0.00132813
0.00136719
0.00136719
0.00140625
0.00140625
0.00144531
0.00144531
0.00148438
0.00148438
0.00152344
0.00152344
0.0015625
0.0015625
0.00160156
0.00160156
0.00164063
0.00164063
0.00167969
0.00167969
0.00171875
0.00171875
0.00175781
0.00175781
0.00179688
0.00179688
0.00183594
0.00183594
0.001875
0.001875
0.00191406
0.00191406
0.00195313
0.00195313
0.00199219
0.00199219
0.00203125
0.00203125
0.00207031
0.00207031
0.00210938
0.00210938
0.00214844
0.00214844
0.0021875
0.0021875
0.00222656
0.00222656
0.00226563
0.00226563
0.00230469
0.00230469
0.00234375
0.00234375
0.00238281
0.00238281
0.00242188
0.00242188
0.00246094
0.00246094
0.0025
0.0025
0.00253906
0.00253906
0.00257813
0.00257813
0.00261719
0.00261719
0.00265625
0.00265625
0.00269531
0.00269531
0.00273438
0.00273438
0.00277344
0.00277344
0.0028125
0.0028125
0.00285156
0.00285156
0.00289063
0.00289063
0.00292969
0.00292969
0.00296875
0.00296875
0.00300781
0.00300781
0.00304688
0.00304688
0.00308594
0.00308594
0.003125
0.003125
0.00316406
0.00316406
0.00320313
0.00320313
0.00324219
0.00324219
0.00328125
0.00328125
0.00332031
0.00332031
0.00335938
0.00335938
0.00339844
0.00339844
0.0034375
0.0034375
0.00347656
0.00347656
0.00351563
0.00351563
0.00355469
0.00355469
0.00359375
0.00359375
0.00363281
0.00363281
0.00367188
0.00367188
0.00371094
0.00371094
0.00375
0.00375
0.00378906
0.00378906
0.00382813
0.00382813
0.00386719
0.00386719
0.00390625
0.00390625
0.00394531
0.00394531
0.00398438
0.00398438
0.00402344
0.00402344
0.0040625
0.0040625
0.00410156
0.00410156
0.00414063
0.00414063
0.00417969
0.00417969
0.00421875
0.00421875
0.00425781
0.00425781
0.00429688
0.00429688
0.00433594
0.00433594
0.004375
0.004375
0.00441406
0.00441406
0.00445313
0.00445313
0.00449219
0.00449219
0.00453125
0.00453125
0.00457031
0.00457031
0.00460938
0.00460938
0.00464844
0.00464844
0.0046875
0.0046875
0.00472656
0.00472656
0.00476563
0.00476563
0.00480469
0.00480469
0.00484375
0.00484375
0.00488281
0.00488281
0.00492188
0.00492188
0.00496094
0.00496094
0.005
0.005
0.00508799
0.00506844
0.00515643
0.00512167
0.00520966
0.0051901
0.00527809
0.00521629
0.00530428
0.00528473
0.00537272
0.00533796
0.00542595
0.0054064
0.00549439
0.00538452
0.00547251
0.00545296
0.00554095
0.00550619
0.00559418
0.00557462
0.00566261
0.00560082
0.00568881
0.00566925
0.00575724
0.00572248
0.00581047
0.00579092
0.00587891
0.00568359
0.00577158
0.00575203
0.00584002
0.00580526
0.00589325
0.0058737
0.00596169
0.00589989
0.00598788
0.00596832
0.00605631
0.00602155
0.00610954
0.00608999
0.00617798
0.00606812
0.00615611
0.00613655
0.00622454
0.00618978
0.00627777
0.00625822
0.00634621
0.00628441
0.0063724
0.00635285
0.00644084
0.00640607
0.00649406
0.00647451
0.0065625
0.0059375
0.00602549
0.00600594
0.00609393
0.00605917
0.00614716
0.0061276
0.00621559
0.00615379
0.00624178
0.00622223
0.00631022
0.00627546
0.00636345
0.0063439
0.00643189
0.00632202
0.00641001
0.00639046
0.00647845
0.00644369
0.00653168
0.00651212
0.00660011
0.00653832
0.00662631
0.00660675
0.00669474
0.00665998
0.00674797
0.00672842
0.00681641
0.00662109
0.00670908
0.00668953
0.00677752
0.00674276
0.00683075
0.0068112
0.00689919
0.00683739
0.00692538
0.00690582
0.00699381
0.00695905
0.00704704
0.00702749
0.00711548
0.00700562
0.00709361
0.00707405
0.00716204
0.00712728
0.00721527
0.00719572
0.00728371
0.00722191
0.0073099
0.00729035
0.00737834
0.00734357
0.00743156
0.00741201
0.0075
0.0075
0.00758799
0.00756844
0.00765643
0.00762167
0.00770966
0.0076901
0.00777809
0.00771629
0.00780428
0.00778473
0.00787272
0.00783796
0.00792595
0.0079064
0.00799439
0.00788452
0.00797251
0.00795296
0.00804095
0.00800619
0.00809418
0.00807462
0.00816261
0.00810082
0.00818881
0.00816925
0.00825724
0.00822248
0.00831047
0.00829092
0.00837891
0.00818359
0.00827158
0.00825203
0.00834002
0.00830526
0.00839325
0.0083737
0.00846169
0.00839989
0.00848788
0.00846832
0.00855631
0.00852155
0.00860954
0.00858999
0.00867798
0.00856812
0.00865611
0.00863655
0.00872454
0.00868978
0.00877777
0.00875822
0.00884621
0.00878441
0.0088724
0.00885285
0.00894084
0.00890607
0.00899406
0.00897451
0.0090625
0.0084375
0.00852549
0.00850594
0.00859393
0.00855917
0.00864716
0.0086276
0.00871559
0.00865379
0.00874178
0.00872223
0.00881022
0.00877546
0.00886345
0.0088439
0.00893189
0.00882202
0.00891001
0.00889046
0.00897845
0.00894369
0.00903168
0.00901212
0.00910011
0.00903832
0.00912631
0.00910675
0.00919474
0.00915998
0.00924797
0.00922842
0.00931641
0.00912109
0.00920908
0.00918953
0.00927752
0.00924276
0.00933075
0.0093112
0.00939919
0.00933739
0.00942538
0.00940582
0.00949381
0.00945905
0.00954704
0.00952749
0.00961548
0.00950562
0.00959361
0.00957405
0.00966204
0.00962728
0.00971527
0.00969572
0.00978371
0.00972191
0.0098099
0.00979035
0.00987834
0.00984357
0.00993156
0.00991201
0.01
0.01
0.010088
0.0100684
0.0101564
0.0101217
0.0102097
0.0101901
0.0102781
0.0102163
0.0103043
0.0102847
0.0103727
0.010338
0.0104259
0.0104064
0.0104944
0.0103845
0.0104725
0.010453
0.0105409
0.0105062
0.0105942
0.0105746
0.0106626
0.0106008
0.0106888
0.0106693
0.0107572
0.0107225
0.0108105
0.0107909
0.0108789
0.0106836
0.0107716
0.010752
0.01084
0.0108053
0.0108932
0.0108737
0.0109617
0.0108999
0.0109879
0.0109683
0.0110563
0.0110216
0.0111095
0.01109
0.011178
0.0110681
0.0111561
0.0111366
0.0112245
0.0111898
0.0112778
0.0112582
0.0113462
0.0112844
0.0113724
0.0113528
0.0114408
0.0114061
0.0114941
0.0114745
0.0115625
0.0109375
0.0110255
0.0110059
0.0110939
0.0110592
0.0111472
0.0111276
0.0112156
0.0111538
0.0112418
0.0112222
0.0113102
0.0112755
0.0113634
0.0113439
0.0114319
0.011322
0.01141
0.0113905
0.0114784
0.0114437
0.0115317
0.0115121
0.0116001
0.0115383
0.0116263
0.0116068
0.0116947
0.01166
0.011748
0.0117284
0.0118164
0.0116211
0.0117091
0.0116895
0.0117775
0.0117428
0.0118307
0.0118112
0.0118992
0.0118374
0.0119254
0.0119058
0.0119938
0.0119591
0.012047
0.0120275
0.0121155
0.0120056
0.0120936
0.0120741
0.012162
0.0121273
0.0122153
0.0121957
0.0122837
0.0122219
0.0123099
0.0122903
0.0123783
0.0123436
0.0124316
0.012412
0.0125
0.0125
0.012588
0.0125684
0.0126564
0.0126217
0.0127097
0.0126901
0.0127781
0.0127163
0.0128043
0.0127847
0.0128727
0.012838
0.0129259
0.0129064
0.0129944
0.0128845
0.0129725
0.012953
0.0130409
0.0130062
0.0130942
0.0130746
0.0131626
0.0131008
0.0131888
0.0131693
0.0132572
0.0132225
0.0133105
0.0132909
0.0133789
0.0131836
0.0132716
0.013252
0.01334
0.0133053
0.0133932
0.0133737
0.0134617
0.0133999
0.0134879
0.0134683
0.0135563
0.0135216
0.0136095
0.01359
0.013678
0.0135681
0.0136561
0.0136366
0.0137245
0.0136898
0.0137778
0.0137582
0.0138462
0.0137844
0.0138724
0.0138528
0.0139408
0.0139061
0.0139941
0.0139745
0.0140625
0.0134375
0.0135255
0.0135059
0.0135939
0.0135592
0.0136472
0.0136276
0.0137156
0.0136538
0.0137418
0.0137222
0.0138102
0.0137755
0.0138634
0.0138439
0.0139319
0.013822
0.01391
0.0138905
0.0139784
0.0139437
0.0140317
0.0140121
0.0141001
0.0140383
0.0141263
0.0141068
0.0141947
0.01416
0.014248
0.0142284
0.0143164
0.0141211
0.0142091
0.0141895
0.0142775
0.0142428
0.0143307
0.0143112
0.0143992
0.0143374
0.0144254
0.0144058
0.0144938
0.0144591
0.014547
0.0145275
0.0146155
0.0145056
0.0145936
0.0145741
0.014662
0.0146273
0.0147153
0.0146957
0.0147837
0.0147219
0.0148099
0.0147903
0.0148783
0.0148436
0.0149316
0.014912
0.015
0.015
0.015088
0.0150684
0.0151564
0.0151217
0.0152097
0.0151901
0.0152781
0.0152163
0.0153043
0.0152847
0.0153727
0.015338
0.0154259
0.0154064
0.0154944
0.0153845
0.0154725
0.015453
0.0155409
0.0155062
0.0155942
0.0155746
0.0156626
0.0156008
0.0156888
0.0156693
0.0157572
0.0157225
0.0158105
0.0157909
0.0158789
0.0156836
0.0157716
0.015752
0.01584
0.0158053
0.0158932
0.0158737
0.0159617
0.0158999
0.0159879
0.0159683
0.0160563
0.0160216
0.0161095
0.01609
0.016178
0.0160681
0.0161561
0.0161366
0.0162245
0.0161898
0.0162778
0.0162582
0.0163462
0.0162844
0.0163724
0.0163528
0.0164408
0.0164061
0.0164941
0.0164745
0.0165625
0.0159375
0.0160255
0.0160059
0.0160939
0.0160592
0.0161472
0.0161276
0.0162156
0.0161538
0.0162418
0.0162222
0.0163102
0.0162755
0.0163634
0.0163439
0.0164319
0.016322
0.01641
0.0163905
0.0164784
0.0164437
0.0165317
0.0165121
0.0166001
0.0165383
0.0166263
0.0166068
0.0166947
0.01666
0.016748
0.0167284
0.0168164
0.0166211
0.0167091
0.0166895
0.0167775
0.0167428
0.0168307
0.0168112
0.0168992
0.0168374
0.0169254
0.0169058
0.0169938
0.0169591
0.017047
0.0170275
0.0171155
0.0170056
0.0170936
0.0170741
0.017162
0.0171273
0.0172153
0.0171957
0.0172837
0.0172219
0.0173099
0.0172903
0.0173783
0.0173436
0.0174316
0.017412
0.0175
0.0175
0.017588
0.0175684
0.0176564
0.0176217
0.0177097
0.0176901
0.0177781
0.0177163
0.0178043
0.0177847
0.0178727
0.017838
0.0179259
0.0179064
0.0179944
0.0178845
0.0179725
0.017953
0.0180409
0.0180062
0.0180942
0.0180746
0.0181626
0.0181008
0.0181888
0.0181693
0.0182572
0.0182225
0.0183105
0.0182909
0.0183789
0.0181836
0.0182716
0.018252
0.01834
0.0183053
0.0183932
0.0183737
0.0184617
0.0183999
0.0184879
0.0184683
0.0185563
0.0185216
0.0186095
0.01859
0.018678
0.0185681
0.0186561
0.0186366
0.0187245
0.0186898
0.0187778
0.0187582
0.0188462
0.0187844
0.0188724
0.0188528
0.0189408
0.0189061
0.0189941
0.0189745
0.0190625
0.0184375
0.0185255
0.0185059
0.0185939
0.0185592
0.0186472
0.0186276
0.0187156
0.0186538
0.0187418
0.0187222
0.0188102
0.0187755
0.0188634
0.0188439
0.0189319
0.018822
0.01891
0.0188905
0.0189784
0.0189437
0.0190317
0.0190121
0.0191001
0.0190383
0.0191263
0.0191068
0.0191947
0.01916
0.019248
0.0192284
0.0193164
0.0191211
0.0192091
0.0191895
0.0192775
0.0192428
0.0193307
0.0193112
0.0193992
0.0193374
0.0194254
0.0194058
0.0194938
0.0194591
0.019547
0.0195275
0.0196155
0.0195056
0.0195936
0.0195741
0.019662
0.0196273
0.0197153
0.0196957
0.0197837
0.0197219
0.0198099
0.0197903
0.0198783
0.0198436
0.0199316
0.019912
0.02
0.02
0.020088
0.0200684
0.0201564
0.0201217
0.0202097
0.0201901
0.0202781
0.0202163
0.0203043
0.0202847
0.0203727
0.020338
0.0204259
0.0204064
0.0204944
0.0203845
0.0204725
0.020453
0.0205409
0.0205062
0.0205942
0.0205746
0.0206626
0.0206008
0.0206888
0.0206693
0.0207572
0.0207225
0.0208105
0.0207909
0.0208789
0.0206836
0.0207716
0.020752
0.02084
0.0208053
0.0208932
0.0208737
0.0209617
0.0208999
0.0209879
0.0209683
0.0210563
0.0210216
0.0211095
0.02109
0.021178
0.0210681
0.0211561
0.0211366
0.0212245
0.0211898
0.0212778
0.0212582
0.0213462
0.0212844
0.0213724
0.0213528
0.0214408
0.0214061
0.0214941
0.0214745
0.0215625
0.0209375
0.0210255
0.0210059
0.0210939
0.0210592
0.0211472
0.0211276
0.0212156
0.0211538
0.0212418
0.0212222
0.0213102
0.0212755
0.0213634
0.0213439
0.0214319
0.021322
0.02141
0.0213905
0.0214784
0.0214437
0.0215317
0.0215121
0.0216001
0.0215383
0.0216263
0.0216068
0.0216947
0.02166
0.021748
0.0217284
0.0218164
0.0216211
0.0217091
0.0216895
0.0217775
0.0217428
0.0218307
0.0218112
0.0218992
0.0218374
0.0219254
0.0219058
0.0219938
0.0219591
0.022047
0.0220275
0.0221155
0.0220056
0.0220936
0.0220741
0.022162
0.0221273
0.0222153
0.0221957
0.0222837
0.0222219
0.0223099
0.0222903
0.0223783
0.0223436
0.0224316
0.022412
0.0225
0.0225
0.022588
0.0225684
0.0226564
0.0226217
0.0227097
0.0226901
0.0227781
0.0227163
0.0228043
0.0227847
0.0228727
0.022838
0.0229259
0.0229064
0.0229944
0.0228845
0.0229725
0.022953
0.0230409
0.0230062
0.0230942
0.0230746
0.0231626
0.0231008
0.0231888
0.0231693
0.0232572
0.0232225
0.0233105
0.0232909
0.0233789
0.0231836
0.0232716
0.023252
0.02334
0.0233053
0.0233932
0.0233737
0.0234617
0.0233999
0.0234879
0.0234683
0.0235563
0.0235216
0.0236095
0.02359
0.023678
0.0235681
0.0236561
0.0236366
0.0237245
0.0236898
0.0237778
0.0237582
0.0238462
0.0237844
0.0238724
0.0238528
0.0239408
0.0239061
0.0239941
0.0239745
0.0240625
0.0234375
0.0235255
0.0235059
0.0235939
0.0235592
0.0236472
0.0236276
0.0237156
0.0236538
0.0237418
0.0237222
0.0238102
0.0237755
0.0238634
0.0238439
0.0239319
0.023822
0.02391
0.0238905
0.0239784
0.0239437
0.0240317
0.0240121
0.0241001
0.0240383
0.0241263
0.0241068
0.0241947
0.02416
0.024248
0.0242284
0.0243164
0.0241211
0.0242091
0.0241895
0.0242775
0.0242428
0.0243307
0.0243112
0.0243992
0.0243374
0.0244254
0.0244058
0.0244938
0.0244591
0.024547
0.0245275
0.0246155
0.0245056
0.0245936
0.0245741
0.024662
0.0246273
0.0247153
0.0246957
0.0247837
0.0247219
0.0248099
0.0247903
0.0248783
0.0248436
0.0249316
0.024912
0.025
0.025
0.025088
0.0250684
0.0251564
0.0251217
0.0252097
0.0251901
0.0252781
0.0252163
0.0253043
0.0252847
0.0253727
0.025338
0.0254259
0.0254064
0.0254944
0.0253845
0.0254725
0.025453
0.0255409
0.0255062
0.0255942
0.0255746
0.0256626
0.0256008
0.0256888
0.0256693
0.0257572
0.0257225
0.0258105
0.0257909
0.0258789
0.0256836
0.0257716
0.025752
0.02584
0.0258053
0.0258932
0.0258737
0.0259617
0.0258999
0.0259879
0.0259683
0.0260563
0.0260216
0.0261095
0.02609
0.026178
0.0260681
0.0261561
0.0261366
0.0262245
0.0261898
0.0262778
0.0262582
0.0263462
0.0262844
0.0263724
0.0263528
0.0264408
0.0264061
0.0264941
0.0264745
0.0265625
0.0259375
0.0260255
0.0260059
0.0260939
0.0260592
0.0261472
0.0261276
0.0262156
0.0261538
0.0262418
0.0262222
0.0263102
0.0262755
0.0263634
0.0263439
0.0264319
0.026322
0.02641
0.0263905
0.0264784
0.0264437
0.0265317
0.0265121
0.0266001
0.0265383
0.0266263
0.0266068
0.0266947
0.02666
0.026748
0.0267284
0.0268164
0.0266211
0.0267091
0.0266895
0.0267775
0.0267428
0.0268307
0.0268112
0.0268992
0.0268374
0.0269254
0.0269058
0.0269938
0.0269591
0.027047
0.0270275
0.0271155
0.0270056
0.0270936
0.0270741
0.027162
0.0271273
0.0272153
0.0271957
0.0272837
0.0272219
0.0273099
0.0272903
0.0273783
0.0273436
0.0274316
0.027412
0.0275
0.0275
0.027588
0.0275684
0.0276564
0.0276217
0.0277097
0.0276901
0.0277781
0.0277163
0.0278043
0.0277847
0.0278727
0.027838
0.0279259
0.0279064
0.0279944
0.0278845
0.0279725
0.027953
0.0280409
0.0280062
0.0280942
0.0280746
0.0281626
0.0281008
0.0281888
0.0281693
0.0282572
0.0282225
0.0283105
0.0282909
0.0283789
0.0281836
0.0282716
0.028252
0.02834
0.0283053
0.0283932
0.0283737
0.0284617
0.0283999
0.0284879
0.0284683
0.0285563
0.0285216
0.0286095
0.02859
0.028678
0.0285681
0.0286561
0.0286366
0.0287245
0.0286898
0.0287778
0.0287582
0.0288462
0.0287844
0.0288724
0.0288528
0.0289408
0.0289061
0.0289941
0.0289745
0.0290625
0.0284375
0.0285255
0.0285059
0.0285939
0.0285592
0.0286472
0.0286276
0.0287156
0.0286538
0.0287418
0.0287222
0.0288102
0.0287755
0.0288634
0.0288439
0.0289319
0.028822
0.02891
0.0288905
0.0289784
0.0289437
0.0290317
0.0290121
0.0291001
0.0290383
0.0291263
0.0291068
0.0291947
0.02916
0.029248
0.0292284
0.0293164
0.0291211
0.0292091
0.0291895
0.0292775
0.0292428
0.0293307
0.0293112
0.0293992
0.0293374
0.0294254
0.0294058
0.0294938
0.0294591
0.029547
0.0295275
0.0296155
0.0295056
0.0295936
0.0295741
0.029662
0.0296273
0.0297153
0.0296957
0.0297837
0.0297219
0.0298099
0.0297903
0.0298783
0.0298436
0.0299316
0.029912
0.03
0.03
0.030088
0.0300684
0.0301564
0.0301217
0.0302097
0.0301901
0.0302781
0.0302163
0.0303043
0.0302847
0.0303727
0.030338
0.0304259
0.0304064
0.0304944
0.0303845
0.0304725
0.030453
0.0305409
0.0305062
0.0305942
0.0305746
0.0306626
0.0306008
0.0306888
0.0306693
0.0307572
0.0307225
0.0308105
0.0307909
0.0308789
0.0306836
0.0307716
0.030752
0.03084
0.0308053
0.0308932
0.0308737
0.0309617
0.0308999
0.0309879
0.0309683
0.0310563
0.0310216
0.0311095
0.03109
0.031178
0.0310681
0.0311561
0.0311366
0.0312245
0.0311898
0.0312778
0.0312582
0.0313462
0.0312844
0.0313724
0.0313528
0.0314408
0.0314061
0.0314941
0.0314745
0.0315625
0.0309375
0.0310255
0.0310059
0.0310939
0.0310592
0.0311472
0.0311276
0.0312156
0.0311538
0.0312418
0.0312222
0.0313102
0.0312755
0.0313634
0.0313439
0.0314319
0.031322
0.03141
0.0313905
0.0314784
0.0314437
0.0315317
0.0315121
0.0316001
0.0315383
0.0316263
0.0316068
0.0316947
0.03166
0.031748
0.0317284
0.0318164
0.0316211
0.0317091
0.0316895
0.0317775
0.0317428
0.0318308
0.0318112
0.0318992
0.0318374
0.0319254
0.0319058
0.0319938
0.0319591
0.032047
0.0320275
0.0321155
0.0320056
0.0320936
0.0320741
0.032162
0.0321273
0.0322153
0.0321957
0.0322837
0.0322219
0.0323099
0.0322903
0.0323783
0.0323436
0.0324316
0.032412
0.0325
0.0325
0.032588
0.0325684
0.0326564
0.0326217
0.0327097
0.0326901
0.0327781
0.0327163
0.0328043
0.0327847
0.0328727
0.032838
0.0329259
0.0329064
0.0329944
0.0328845
0.0329725
0.032953
0.0330409
0.0330062
0.0330942
0.0330746
0.0331626
0.0331008
0.0331888
0.0331693
0.0332572
0.0332225
0.0333105
0.0332909
0.0333789
0.0331836
0.0332716
0.033252
0.03334
0.0333053
0.0333932
0.0333737
0.0334617
0.0333999
0.0334879
0.0334683
0.0335563
0.0335216
0.0336095
0.03359
0.033678
0.0335681
0.0336561
0.0336366
0.0337245
0.0336898
0.0337778
0.0337582
0.0338462
0.0337844
0.0338724
0.0338528
0.0339408
0.0339061
0.0339941
0.0339745
0.0340625
0.0334375
0.0335255
0.0335059
0.0335939
0.0335592
0.0336472
0.0336276
0.0337156
0.0336538
0.0337418
0.0337222
0.0338102
0.0337755
0.0338634
0.0338439
0.0339319
0.033822
0.03391
0.0338905
0.0339784
0.0339437
0.0340317
0.0340121
0.0341001
0.0340383
0.0341263
0.0341068
0.0341947
0.03416
0.034248
0.0342284
0.0343164
0.0341211
0.0342091
0.0341895
0.0342775
0.0342428
0.0343307
0.0343112
0.0343992
0.0343374
0.0344254
0.0344058
0.0344938
0.0344591
0.034547
0.0345275
0.0346155
0.0345056
0.0345936
0.0345741
0.034662
0.0346273
0.0347153
0.0346957
0.0347837
0.0347219
0.0348099
0.0347903
0.0348783
0.0348436
0.0349316
0.034912
0.035
0.035
0.035088
0.0350684
0.0351564
0.0351217
0.0352097
0.0351901
0.0352781
0.0352163
0.0353043
0.0352847
0.0353727
0.035338
0.0354259
0.0354064
0.0354944
0.0353845
0.0354725
0.035453
0.0355409
0.0355062
0.0355942
0.0355746
0.0356626
0.0356008
0.0356888
0.0356693
0.0357572
0.0357225
0.0358105
0.0357909
0.0358789
0.0356836
0.0357716
0.035752
0.03584
0.0358053
0.0358933
0.0358737
0.0359617
0.0358999
0.0359879
0.0359683
0.0360563
0.0360216
0.0361095
0.03609
0.036178
0.0360681
0.0361561
0.0361366
0.0362245
0.0361898
0.0362778
0.0362582
0.0363462
0.0362844
0.0363724
0.0363528
0.0364408
0.0364061
0.0364941
0.0364745
0.0365625
0.0359375
0.0360255
0.0360059
0.0360939
0.0360592
0.0361472
0.0361276
0.0362156
0.0361538
0.0362418
0.0362222
0.0363102
0.0362755
0.0363634
0.0363439
0.0364319
0.036322
0.03641
0.0363905
0.0364784
0.0364437
0.0365317
0.0365121
0.0366001
0.0365383
0.0366263
0.0366068
0.0366947
0.03666
0.036748
0.0367284
0.0368164
0.0366211
0.0367091
0.0366895
0.0367775
0.0367428
0.0368307
0.0368112
0.0368992
0.0368374
0.0369254
0.0369058
0.0369938
0.0369591
0.037047
0.0370275
0.0371155
0.0370056
0.0370936
0.0370741
0.037162
0.0371273
0.0372153
0.0371957
0.0372837
0.0372219
0.0373099
0.0372903
0.0373783
0.0373436
0.0374316
0.037412
0.0375
0.0375
0.037588
0.0375684
0.0376564
0.0376217
0.0377097
0.0376901
0.0377781
0.0377163
0.0378043
0.0377847
0.0378727
0.037838
0.0379259
0.0379064
0.0379944
0.0378845
0.0379725
0.037953
0.0380409
0.0380062
0.0380942
0.0380746
0.0381626
0.0381008
0.0381888
0.0381693
0.0382572
0.0382225
0.0383105
0.0382909
0.0383789
0.0381836
0.0382716
0.038252
0.03834
0.0383053
0.0383932
0.0383737
0.0384617
0.0383999
0.0384879
0.0384683
0.0385563
0.0385216
0.0386095
0.03859
0.038678
0.0385681
0.0386561
0.0386366
0.0387245
0.0386898
0.0387778
0.0387582
0.0388462
0.0387844
0.0388724
0.0388528
0.0389408
0.0389061
0.0389941
0.0389745
0.0390625
0.0384375
0.0385255
0.0385059
0.0385939
0.0385592
0.0386472
0.0386276
0.0387156
0.0386538
0.0387418
0.0387222
0.0388102
0.0387755
0.0388635
0.0388439
0.0389319
0.038822
0.03891
0.0388905
0.0389785
0.0389437
0.0390317
0.0390121
0.0391001
0.0390383
0.0391263
0.0391068
0.0391947
0.03916
0.039248
0.0392284
0.0393164
0.0391211
0.0392091
0.0391895
0.0392775
0.0392428
0.0393308
0.0393112
0.0393992
0.0393374
0.0394254
0.0394058
0.0394938
0.0394591
0.039547
0.0395275
0.0396155
0.0395056
0.0395936
0.0395741
0.039662
0.0396273
0.0397153
0.0396957
0.0397837
0.0397219
0.0398099
0.0397903
0.0398783
0.0398436
0.0399316
0.039912
0.04
0.04
0.040088
0.0400684
0.0401564
0.0401217
0.0402097
0.0401901
0.0402781
0.0402163
0.0403043
0.0402847
0.0403727
0.040338
0.0404259
0.0404064
0.0404944
0.0403845
0.0404725
0.040453
0.0405409
0.0405062
0.0405942
0.0405746
0.0406626
0.0406008
0.0406888
0.0406693
0.0407572
0.0407225
0.0408105
0.0407909
0.0408789
0.0406836
0.0407716
0.040752
0.04084
0.0408053
0.0408932
0.0408737
0.0409617
0.0408999
0.0409879
0.0409683
0.0410563
0.0410216
0.0411095
0.04109
0.041178
0.0410681
0.0411561
0.0411366
0.0412245
0.0411898
0.0412778
0.0412582
0.0413462
0.0412844
0.0413724
0.0413528
0.0414408
0.0414061
0.0414941
0.0414745
0.0415625
0.0409375
0.0410255
0.0410059
0.0410939
0.0410592
0.0411472
0.0411276
0.0412156
0.0411538
0.0412418
0.0412222
0.0413102
0.0412755
0.0413634
0.0413439
0.0414319
0.041322
0.04141
0.0413905
0.0414784
0.0414437
0.0415317
0.0415121
0.0416001
0.0415383
0.0416263
0.0416068
0.0416947
0.04166
0.041748
0.0417284
0.0418164
0.0416211
0.0417091
0.0416895
0.0417775
0.0417428
0.0418307
0.0418112
0.0418992
0.0418374
0.0419254
0.0419058
0.0419938
0.0419591
0.042047
0.0420275
0.0421155
0.0420056
0.0420936
0.0420741
0.042162
0.0421273
0.0422153
0.0421957
0.0422837
0.0422219
0.0423099
0.0422903
0.0423783
0.0423436
0.0424316
0.042412
0.0425
0.0425
0.042588
0.0425684
0.0426564
0.0426217
0.0427097
0.0426901
0.0427781
0.0427163
0.0428043
0.0427847
0.0428727
0.042838
0.042926
0.0429064
0.0429944
0.0428845
0.0429725
0.042953
0.0430409
0.0430062
0.0430942
0.0430746
0.0431626
0.0431008
0.0431888
0.0431693
0.0432572
0.0432225
0.0433105
0.0432909
0.0433789
0.0431836
0.0432716
0.043252
0.04334
0.0433053
0.0433933
0.0433737
0.0434617
0.0433999
0.0434879
0.0434683
0.0435563
0.0435216
0.0436095
0.04359
0.043678
0.0435681
0.0436561
0.0436366
0.0437245
0.0436898
0.0437778
0.0437582
0.0438462
0.0437844
0.0438724
0.0438528
0.0439408
0.0439061
0.0439941
0.0439745
0.0440625
0.0434375
0.0435255
0.0435059
0.0435939
0.0435592
0.0436472
0.0436276
0.0437156
0.0436538
0.0437418
0.0437222
0.0438102
0.0437755
0.0438634
0.0438439
0.0439319
0.043822
0.04391
0.0438905
0.0439784
0.0439437
0.0440317
0.0440121
0.0441001
0.0440383
0.0441263
0.0441068
0.0441947
0.04416
0.044248
0.0442284
0.0443164
0.0441211
0.0442091
0.0441895
0.0442775
0.0442428
0.0443307
0.0443112
0.0443992
0.0443374
0.0444254
0.0444058
0.0444938
0.0444591
0.044547
0.0445275
0.0446155
0.0445056
0.0445936
0.0445741
0.044662
0.0446273
0.0447153
0.0446957
0.0447837
0.0447219
0.0448099
0.0447903
0.0448783
0.0448436
0.0449316
0.044912
0.045
0.045
0.045088
0.0450684
0.0451564
0.0451217
0.0452097
0.0451901
0.0452781
0.0452163
0.0453043
0.0452847
0.0453727
0.045338
0.0454259
0.0454064
0.0454944
0.0453845
0.0454725
0.045453
0.0455409
0.0455062
0.0455942
0.0455746
0.0456626
0.0456008
0.0456888
0.0456693
0.0457572
0.0457225
0.0458105
0.0457909
0.0458789
0.0456836
0.0457716
0.045752
0.04584
0.0458053
0.0458932
0.0458737
0.0459617
0.0458999
0.0459879
0.0459683
0.0460563
0.0460216
0.0461095
0.04609
0.046178
0.0460681
0.0461561
0.0461366
0.0462245
0.0461898
0.0462778
0.0462582
0.0463462
0.0462844
0.0463724
0.0463528
0.0464408
0.0464061
0.0464941
0.0464745
0.0465625
0.0459375
0.0460255
0.0460059
0.0460939
0.0460592
0.0461472
0.0461276
0.0462156
0.0461538
0.0462418
0.0462222
0.0463102
0.0462755
0.0463634
0.0463439
0.0464319
0.046322
0.04641
0.0463905
0.0464784
0.0464437
0.0465317
0.0465121
0.0466001
0.0465383
0.0466263
0.0466068
0.0466947
0.04666
0.046748
0.0467284
0.0468164
0.0466211
0.0467091
0.0466895
0.0467775
0.0467428
0.0468307
0.0468112
0.0468992
0.0468374
0.0469254
0.0469058
0.0469938
0.0469591
0.047047
0.0470275
0.0471155
0.0470056
0.0470936
0.0470741
0.047162
0.0471273
0.0472153
0.0471957
0.0472837
0.0472219
0.0473099
0.0472903
0.0473783
0.0473436
0.0474316
0.047412
0.0475
0.0475
0.047588
0.0475684
0.0476564
0.0476217
0.0477097
0.0476901
0.0477781
0.0477163
0.0478043
0.0477847
0.0478727
0.047838
0.0479259
0.0479064
0.0479944
0.0478845
0.0479725
0.047953
0.0480409
0.0480062
0.0480942
0.0480746
0.0481626
0.0481008
0.0481888
0.0481693
0.0482572
0.0482225
0.0483105
0.0482909
0.0483789
0.0481836
0.0482716
0.048252
0.04834
0.0483053
0.0483932
0.0483737
0.0484617
0.0483999
0.0484879
0.0484683
0.0485563
0.0485216
0.0486095
0.04859
0.048678
0.0485681
0.0486561
0.0486366
0.0487245
0.0486898
0.0487778
0.0487582
0.0488462
0.0487844
0.0488724
0.0488528
0.0489408
0.0489061
0.0489941
0.0489745
0.0490625
0.0484375
0.0485255
0.0485059
0.0485939
0.0485592
0.0486472
0.0486276
0.0487156
0.0486538
0.0487418
0.0487222
0.0488102
0.0487755
0.0488634
0.0488439
0.0489319
0.048822
0.04891
0.0488905
0.0489784
0.0489437
0.0490317
0.0490121
0.0491001
0.0490383
0.0491263
0.0491068
0.0491947
0.04916
0.049248
0.0492284
0.0493164
0.0491211
0.0492091
0.0491895
0.0492775
0.0492428
0.0493307
0.0493112
0.0493992
0.0493374
0.0494254
0.0494058
0.0494938
0.0494591
0.049547
0.0495275
0.0496155
0.0495056
0.0495936
0.0495741
0.049662
0.0496273
0.0497153
0.0496957
0.0497837
0.0497219
0.0498099
0.0497903
0.0498783
0.0498436
0.0499316
0.049912
0.05
0.05
0.050088
0.0500684
0.0501564
0.0501217
0.0502097
0.0501901
0.0502781
0.0502163
0.0503043
0.0502847
0.0503727
0.050338
0.050426
0.0504064
0.0504944
0.0503845
0.0504725
0.050453
0.050541
0.0505062
0.0505942
0.0505746
0.0506626
0.0506008
0.0506888
0.0506693
0.0507572
0.0507225
0.0508105
0.0507909
0.0508789
0.0506836
0.0507716
0.050752
0.05084
0.0508053
0.0508933
0.0508737
0.0509617
0.0508999
0.0509879
0.0509683
0.0510563
0.0510216
0.0511095
0.05109
0.051178
0.0510681
0.0511561
0.0511366
0.0512245
0.0511898
0.0512778
0.0512582
0.0513462
0.0512844
0.0513724
0.0513528
0.0514408
0.0514061
0.0514941
0.0514745
0.0515625
0.0509375
0.0510255
0.0510059
0.0510939
0.0510592
0.0511472
0.0511276
0.0512156
0.0511538
0.0512418
0.0512222
0.0513102
0.0512755
0.0513634
0.0513439
0.0514319
0.051322
0.05141
0.0513905
0.0514784
0.0514437
0.0515317
0.0515121
0.0516001
0.0515383
0.0516263
0.0516068
0.0516947
0.05166
0.051748
0.0517284
0.0518164
0.0516211
0.0517091
0.0516895
0.0517775
0.0517428
0.0518307
0.0518112
0.0518992
0.0518374
0.0519254
0.0519058
0.0519938
0.0519591
0.052047
0.0520275
0.0521155
0.0520056
0.0520936
0.0520741
0.052162
0.0521273
0.0522153
0.0521957
0.0522837
0.0522219
0.0523099
0.0522903
0.0523783
0.0523436
0.0524316
0.052412
0.0525
0.0525
0.052588
0.0525684
0.0526564
0.0526217
0.0527097
0.0526901
0.0527781
0.0527163
0.0528043
0.0527847
0.0528727
0.052838
0.0529259
0.0529064
0.0529944
0.0528845
0.0529725
0.052953
0.0530409
0.0530062
0.0530942
0.0530746
0.0531626
0.0531008
0.0531888
0.0531693
0.0532572
0.0532225
0.0533105
0.0532909
0.0533789
0.0531836
0.0532716
0.053252
0.05334
0.0533053
0.0533932
0.0533737
0.0534617
0.0533999
0.0534879
0.0534683
0.0535563
0.0535216
0.0536095
0.05359
0.053678
0.0535681
0.0536561
0.0536366
0.0537245
0.0536898
0.0537778
0.0537582
0.0538462
0.0537844
0.0538724
0.0538528
0.0539408
0.0539061
0.0539941
0.0539745
0.0540625
0.0534375
0.0535255
0.0535059
0.0535939
0.0535592
0.0536472
0.0536276
0.0537156
0.0536538
0.0537418
0.0537222
0.0538102
0.0537755
0.0538634
0.0538439
0.0539319
0.053822
0.05391
0.0538905
0.0539784
0.0539437
0.0540317
0.0540121
0.0541001
0.0540383
0.0541263
0.0541068
0.0541947
0.05416
0.054248
0.0542284
0.0543164
0.0541211
0.0542091
0.0541895
0.0542775
0.0542428
0.0543307
0.0543112
0.0543992
0.0543374
0.0544254
0.0544058
0.0544938
0.0544591
0.054547
0.0545275
0.0546155
0.0545056
0.0545936
0.0545741
0.054662
0.0546273
0.0547153
0.0546957
0.0547837
0.0547219
0.0548099
0.0547903
0.0548783
0.0548436
0.0549316
0.054912
0.055
0.055
0.055088
0.0550684
0.0551564
0.0551217
0.0552097
0.0551901
0.0552781
0.0552163
0.0553043
0.0552847
0.0553727
0.055338
0.0554259
0.0554064
0.0554944
0.0553845
0.0554725
0.055453
0.0555409
0.0555062
0.0555942
0.0555746
0.0556626
0.0556008
0.0556888
0.0556693
0.0557572
0.0557225
0.0558105
0.0557909
0.0558789
0.0556836
0.0557716
0.055752
0.05584
0.0558053
0.0558932
0.0558737
0.0559617
0.0558999
0.0559879
0.0559683
0.0560563
0.0560216
0.0561095
0.05609
0.056178
0.0560681
0.0561561
0.0561366
0.0562245
0.0561898
0.0562778
0.0562582
0.0563462
0.0562844
0.0563724
0.0563528
0.0564408
0.0564061
0.0564941
0.0564745
0.0565625
0.0559375
0.0560255
0.0560059
0.0560939
0.0560592
0.0561472
0.0561276
0.0562156
0.0561538
0.0562418
0.0562222
0.0563102
0.0562755
0.0563634
0.0563439
0.0564319
0.056322
0.05641
0.0563905
0.0564784
0.0564437
0.0565317
0.0565121
0.0566001
0.0565383
0.0566263
0.0566068
0.0566947
0.05666
0.056748
0.0567284
0.0568164
0.0566211
0.0567091
0.0566895
0.0567775
0.0567428
0.0568307
0.0568112
0.0568992
0.0568374
0.0569254
0.0569058
0.0569938
0.0569591
0.057047
0.0570275
0.0571155
0.0570056
0.0570936
0.0570741
0.057162
0.0571273
0.0572153
0.0571957
0.0572837
0.0572219
0.0573099
0.0572903
0.0573783
0.0573436
0.0574316
0.057412
0.0575
0.0575
0.057588
0.0575684
0.0576564
0.0576217
0.0577097
0.0576901
0.0577781
0.0577163
0.0578043
0.0577847
0.0578727
0.057838
0.0579259
0.0579064
0.0579944
0.0578845
0.0579725
0.057953
0.0580409
0.0580062
0.0580942
0.0580746
0.0581626
0.0581008
0.0581888
0.0581693
0.0582572
0.0582225
0.0583105
0.0582909
0.0583789
0.0581836
0.0582716
0.058252
0.05834
0.0583053
0.0583932
0.0583737
0.0584617
0.0583999
0.0584879
0.0584683
0.0585563
0.0585216
0.0586095
0.05859
0.058678
0.0585681
0.0586561
0.0586366
0.0587245
0.0586898
0.0587778
0.0587582
0.0588462
0.0587844
0.0588724
0.0588528
0.0589408
0.0589061
0.0589941
0.0589745
0.0590625
0.0584375
0.0585255
0.0585059
0.0585939
0.0585592
0.0586472
0.0586276
0.0587156
0.0586538
0.0587418
0.0587222
0.0588102
0.0587755
0.0588634
0.0588439
0.0589319
0.058822
0.05891
0.0588905
0.0589784
0.0589437
0.0590317
0.0590121
0.0591001
0.0590383
0.0591263
0.0591068
0.0591947
0.05916
0.059248
0.0592284
0.0593164
0.0591211
0.0592091
0.0591895
0.0592775
0.0592428
0.0593308
0.0593112
0.0593992
0.0593374
0.0594254
0.0594058
0.0594938
0.0594591
0.059547
0.0595275
0.0596155
0.0595056
0.0595936
0.0595741
0.059662
0.0596273
0.0597153
0.0596957
0.0597837
0.0597219
0.0598099
0.0597903
0.0598783
0.0598436
0.0599316
0.059912
0.06
0.06
0.060088
0.0600684
0.0601564
0.0601217
0.0602097
0.0601901
0.0602781
0.0602163
0.0603043
0.0602847
0.0603727
0.060338
0.0604259
0.0604064
0.0604944
0.0603845
0.0604725
0.060453
0.0605409
0.0605062
0.0605942
0.0605746
0.0606626
0.0606008
0.0606888
0.0606693
0.0607572
0.0607225
0.0608105
0.0607909
0.0608789
0.0606836
0.0607716
0.060752
0.06084
0.0608053
0.0608932
0.0608737
0.0609617
0.0608999
0.0609879
0.0609683
0.0610563
0.0610216
0.0611095
0.06109
0.061178
0.0610681
0.0611561
0.0611366
0.0612245
0.0611898
0.0612778
0.0612582
0.0613462
0.0612844
0.0613724
0.0613528
0.0614408
0.0614061
0.0614941
0.0614745
0.0615625
0.0609375
0.0610255
0.0610059
0.0610939
0.0610592
0.0611472
0.0611276
0.0612156
0.0611538
0.0612418
0.0612222
0.0613102
0.0612755
0.0613634
0.0613439
0.0614319
0.061322
0.06141
0.0613905
0.0614784
0.0614437
0.0615317
0.0615121
0.0616001
0.0615383
0.0616263
0.0616068
0.0616947
0.06166
0.061748
0.0617284
0.0618164
0.0616211
0.0617091
0.0616895
0.0617775
0.0617428
0.0618307
0.0618112
0.0618992
0.0618374
0.0619254
0.0619058
0.0619938
0.0619591
0.062047
0.0620275
0.0621155
0.0620056
0.0620936
0.0620741
0.062162
0.0621273
0.0622153
0.0621957
0.0622837
0.0622219
0.0623099
0.0622903
0.0623783
0.0623436
0.0624316
0.062412
0.0625
0.0625
0.062588
0.0625684
0.0626564
0.0626217
0.0627097
0.0626901
0.0627781
0.0627163
0.0628043
0.0627847
0.0628727
0.062838
0.0629259
0.0629064
0.0629944
0.0628845
0.0629725
0.062953
0.0630409
0.0630062
0.0630942
0.0630746
0.0631626
0.0631008
0.0631888
0.0631692
0.0632572
0.0632225
0.0633105
0.0632909
0.0633789
0.0631836
0.0632716
0.063252
0.06334
0.0633053
0.0633933
0.0633737
0.0634617
0.0633999
0.0634879
0.0634683
0.0635563
0.0635215
0.0636095
0.06359
0.063678
0.0635681
0.0636561
0.0636365
0.0637245
0.0636898
0.0637778
0.0637582
0.0638462
0.0637844
0.0638724
0.0638528
0.0639408
0.0639061
0.0639941
0.0639745
0.0640625
0.0634375
0.0635255
0.0635059
0.0635939
0.0635592
0.0636472
0.0636276
0.0637156
0.0636538
0.0637418
0.0637222
0.0638102
0.0637755
0.0638634
0.0638439
0.0639319
0.063822
0.06391
0.0638905
0.0639784
0.0639437
0.0640317
0.0640121
0.0641001
0.0640383
0.0641263
0.0641068
0.0641947
0.06416
0.064248
0.0642284
0.0643164
0.0641211
0.0642091
0.0641895
0.0642775
0.0642428
0.0643307
0.0643112
0.0643992
0.0643374
0.0644254
0.0644058
0.0644938
0.0644591
0.064547
0.0645275
0.0646155
0.0645056
0.0645936
0.0645741
0.064662
0.0646273
0.0647153
0.0646957
0.0647837
0.0647219
0.0648099
0.0647903
0.0648783
0.0648436
0.0649316
0.064912
0.065
0.065
0.065088
0.0650684
0.0651564
0.0651217
0.0652097
0.0651901
0.0652781
0.0652163
0.0653043
0.0652847
0.0653727
0.065338
0.0654259
0.0654064
0.0654944
0.0653845
0.0654725
0.065453
0.0655409
0.0655062
0.0655942
0.0655746
0.0656626
0.0656008
0.0656888
0.0656693
0.0657572
0.0657225
0.0658105
0.0657909
0.0658789
0.0656836
0.0657716
0.065752
0.06584
0.0658053
0.0658932
0.0658737
0.0659617
0.0658999
0.0659879
0.0659683
0.0660563
0.0660216
0.0661095
0.06609
0.066178
0.0660681
0.0661561
0.0661366
0.0662245
0.0661898
0.0662778
0.0662582
0.0663462
0.0662844
0.0663724
0.0663528
0.0664408
0.0664061
0.0664941
0.0664745
0.0665625
0.0659375
0.0660255
0.0660059
0.0660939
0.0660592
0.0661472
0.0661276
0.0662156
0.0661538
0.0662418
0.0662222
0.0663102
0.0662755
0.0663634
0.0663439
0.0664319
0.066322
0.06641
0.0663905
0.0664784
0.0664437
0.0665317
0.0665121
0.0666001
0.0665383
0.0666263
0.0666068
0.0666947
0.06666
0.066748
0.0667284
0.0668164
0.0666211
0.0667091
0.0666895
0.0667775
0.0667428
0.0668307
0.0668112
0.0668992
0.0668374
0.0669254
0.0669058
0.0669938
0.0669591
0.067047
0.0670275
0.0671155
0.0670056
0.0670936
0.0670741
0.067162
0.0671273
0.0672153
0.0671957
0.0672837
0.0672219
0.0673099
0.0672903
0.0673783
0.0673436
0.0674316
0.067412
0.0675
0.0675
0.067588
0.0675684
0.0676564
0.0676217
0.0677097
0.0676901
0.0677781
0.0677163
0.0678043
0.0677847
0.0678727
0.067838
0.067926
0.0679064
0.0679944
0.0678845
0.0679725
0.067953
0.068041
0.0680062
0.0680942
0.0680746
0.0681626
0.0681008
0.0681888
0.0681693
0.0682572
0.0682225
0.0683105
0.0682909
0.0683789
0.0681836
0.0682716
0.068252
0.06834
0.0683053
0.0683933
0.0683737
0.0684617
0.0683999
0.0684879
0.0684683
0.0685563
0.0685216
0.0686095
0.06859
0.068678
0.0685681
0.0686561
0.0686366
0.0687245
0.0686898
0.0687778
0.0687582
0.0688462
0.0687844
0.0688724
0.0688528
0.0689408
0.0689061
0.0689941
0.0689745
0.0690625
0.0684375
0.0685255
0.0685059
0.0685939
0.0685592
0.0686472
0.0686276
0.0687156
0.0686538
0.0687418
0.0687222
0.0688102
0.0687755
0.0688635
0.0688439
0.0689319
0.068822
0.06891
0.0688905
0.0689785
0.0689437
0.0690317
0.0690121
0.0691001
0.0690383
0.0691263
0.0691068
0.0691947
0.06916
0.069248
0.0692284
0.0693164
0.0691211
0.0692091
0.0691895
0.0692775
0.0692428
0.0693308
0.0693112
0.0693992
0.0693374
0.0694254
0.0694058
0.0694938
0.0694591
0.069547
0.0695275
0.0696155
0.0695056
0.0695936
0.0695741
0.069662
0.0696273
0.0697153
0.0696957
0.0697837
0.0697219
0.0698099
0.0697903
0.0698783
0.0698436
0.0699316
0.069912
0.07
0.07
0.070088
0.0700684
0.0701564
0.0701217
0.0702097
0.0701901
0.0702781
0.0702163
0.0703043
0.0702847
0.0703727
0.070338
0.0704259
0.0704064
0.0704944
0.0703845
0.0704725
0.070453
0.0705409
0.0705062
0.0705942
0.0705746
0.0706626
0.0706008
0.0706888
0.0706692
0.0707572
0.0707225
0.0708105
0.0707909
0.0708789
0.0706836
0.0707716
0.070752
0.07084
0.0708053
0.0708933
0.0708737
0.0709617
0.0708999
0.0709879
0.0709683
0.0710563
0.0710215
0.0711095
0.07109
0.071178
0.0710681
0.0711561
0.0711365
0.0712245
0.0711898
0.0712778
0.0712582
0.0713462
0.0712844
0.0713724
0.0713528
0.0714408
0.0714061
0.0714941
0.0714745
0.0715625
0.0709375
0.0710255
0.0710059
0.0710939
0.0710592
0.0711472
0.0711276
0.0712156
0.0711538
0.0712418
0.0712222
0.0713102
0.0712755
0.0713634
0.0713439
0.0714319
0.071322
0.07141
0.0713905
0.0714784
0.0714437
0.0715317
0.0715121
0.0716001
0.0715383
0.0716263
0.0716068
0.0716947
0.07166
0.071748
0.0717284
0.0718164
0.0716211
0.0717091
0.0716895
0.0717775
0.0717428
0.0718307
0.0718112
0.0718992
0.0718374
0.0719254
0.0719058
0.0719938
0.0719591
0.072047
0.0720275
0.0721155
0.0720056
0.0720936
0.0720741
0.072162
0.0721273
0.0722153
0.0721957
0.0722837
0.0722219
0.0723099
0.0722903
0.0723783
0.0723436
0.0724316
0.072412
0.0725
0.0725
0.072588
0.0725684
0.0726564
0.0726217
0.0727097
0.0726901
0.0727781
0.0727163
0.0728043
0.0727847
0.0728727
0.072838
0.0729259
0.0729064
0.0729944
0.0728845
0.0729725
0.072953
0.0730409
0.0730062
0.0730942
0.0730746
0.0731626
0.0731008
0.0731888
0.0731693
0.0732572
0.0732225
0.0733105
0.0732909
0.0733789
0.0731836
0.0732716
0.073252
0.07334
0.0733053
0.0733932
0.0733737
0.0734617
0.0733999
0.0734879
0.0734683
0.0735563
0.0735216
0.0736095
0.07359
0.073678
0.0735681
0.0736561
0.0736366
0.0737245
0.0736898
0.0737778
0.0737582
0.0738462
0.0737844
0.0738724
0.0738528
0.0739408
0.0739061
0.0739941
0.0739745
0.0740625
0.0734375
0.0735255
0.0735059
0.0735939
0.0735592
0.0736472
0.0736276
0.0737156
0.0736538
0.0737418
0.0737222
0.0738102
0.0737755
0.0738634
0.0738439
0.0739319
0.073822
0.07391
0.0738905
0.0739784
0.0739437
0.0740317
0.0740121
0.0741001
0.0740383
0.0741263
0.0741068
0.0741947
0.07416
0.074248
0.0742284
0.0743164
0.0741211
0.0742091
0.0741895
0.0742775
0.0742428
0.0743307
0.0743112
0.0743992
0.0743374
0.0744254
0.0744058
0.0744938
0.0744591
0.074547
0.0745275
0.0746155
0.0745056
0.0745936
0.0745741
0.074662
0.0746273
0.0747153
0.0746957
0.0747837
0.0747219
0.0748099
0.0747903
0.0748783
0.0748436
0.0749316
0.074912
0.075
0.075
0.075088
0.0750684
0.0751564
0.0751217
0.0752097
0.0751901
0.0752781
0.0752163
0.0753043
0.0752847
0.0753727
0.075338
0.0754259
0.0754064
0.0754944
0.0753845
0.0754725
0.075453
0.0755409
0.0755062
0.0755942
0.0755746
0.0756626
0.0756008
0.0756888
0.0756693
0.0757572
0.0757225
0.0758105
0.0757909
0.0758789
0.0756836
0.0757716
0.075752
0.07584
0.0758053
0.0758932
0.0758737
0.0759617
0.0758999
0.0759879
0.0759683
0.0760563
0.0760216
0.0761095
0.07609
0.076178
0.0760681
0.0761561
0.0761366
0.0762245
0.0761898
0.0762778
0.0762582
0.0763462
0.0762844
0.0763724
0.0763528
0.0764408
0.0764061
0.0764941
0.0764745
0.0765625
0.0759375
0.0760255
0.0760059
0.0760939
0.0760592
0.0761472
0.0761276
0.0762156
0.0761538
0.0762418
0.0762222
0.0763102
0.0762755
0.0763635
0.0763439
0.0764319
0.076322
0.07641
0.0763905
0.0764785
0.0764437
0.0765317
0.0765121
0.0766001
0.0765383
0.0766263
0.0766068
0.0766947
0.07666
0.076748
0.0767284
0.0768164
0.0766211
0.0767091
0.0766895
0.0767775
0.0767428
0.0768308
0.0768112
0.0768992
0.0768374
0.0769254
0.0769058
0.0769938
0.0769591
0.077047
0.0770275
0.0771155
0.0770056
0.0770936
0.0770741
0.077162
0.0771273
0.0772153
0.0771957
0.0772837
0.0772219
0.0773099
0.0772903
0.0773783
0.0773436
0.0774316
0.077412
0.0775
0.0775
0.077588
0.0775684
0.0776564
0.0776217
0.0777097
0.0776901
0.0777781
0.0777163
0.0778043
0.0777847
0.0778727
0.077838
0.077926
0.0779064
0.0779944
0.0778845
0.0779725
0.077953
0.078041
0.0780062
0.0780942
0.0780746
0.0781626
0.0781008
0.0781888
0.0781692
0.0782572
0.0782225
0.0783105
0.0782909
0.0783789
0.0781836
0.0782716
0.078252
0.07834
0.0783053
0.0783933
0.0783737
0.0784617
0.0783999
0.0784879
0.0784683
0.0785563
0.0785215
0.0786095
0.07859
0.078678
0.0785681
0.0786561
0.0786365
0.0787245
0.0786898
0.0787778
0.0787582
0.0788462
0.0787844
0.0788724
0.0788528
0.0789408
0.0789061
0.0789941
0.0789745
0.0790625
0.0784375
0.0785255
0.0785059
0.0785939
0.0785592
0.0786472
0.0786276
0.0787156
0.0786538
0.0787418
0.0787222
0.0788102
0.0787755
0.0788634
0.0788439
0.0789319
0.078822
0.07891
0.0788905
0.0789784
0.0789437
0.0790317
0.0790121
0.0791001
0.0790383
0.0791263
0.0791068
0.0791947
0.07916
0.079248
0.0792284
0.0793164
0.0791211
0.0792091
0.0791895
0.0792775
0.0792428
0.0793307
0.0793112
0.0793992
0.0793374
0.0794254
0.0794058
0.0794938
0.0794591
0.079547
0.0795275
0.0796155
0.0795056
0.0795936
0.0795741
0.079662
0.0796273
0.0797153
0.0796957
0.0797837
0.0797219
0.0798099
0.0797903
0.0798783
0.0798436
0.0799316
0.079912
0.08
0.08
0.080088
0.0800684
0.0801564
0.0801217
0.0802097
0.0801901
0.0802781
0.0802163
0.0803043
0.0802847
0.0803727
0.080338
0.0804259
0.0804064
0.0804944
0.0803845
0.0804725
0.080453
0.0805409
0.0805062
0.0805942
0.0805746
0.0806626
0.0806008
0.0806888
0.0806693
0.0807572
0.0807225
0.0808105
0.0807909
0.0808789
0.0806836
0.0807716
0.080752
0.08084
0.0808053
0.0808932
0.0808737
0.0809617
0.0808999
0.0809879
0.0809683
0.0810563
0.0810216
0.0811095
0.08109
0.081178
0.0810681
0.0811561
0.0811366
0.0812245
0.0811898
0.0812778
0.0812582
0.0813462
0.0812844
0.0813724
0.0813528
0.0814408
0.0814061
0.0814941
0.0814745
0.0815625
0.0809375
0.0810255
0.0810059
0.0810939
0.0810592
0.0811472
0.0811276
0.0812156
0.0811538
0.0812418
0.0812222
0.0813102
0.0812755
0.0813634
0.0813439
0.0814319
0.081322
0.08141
0.0813905
0.0814784
0.0814437
0.0815317
0.0815121
0.0816001
0.0815383
0.0816263
0.0816068
0.0816947
0.08166
0.081748
0.0817284
0.0818164
0.0816211
0.0817091
0.0816895
0.0817775
0.0817428
0.0818307
0.0818112
0.0818992
0.0818374
0.0819254
0.0819058
0.0819938
0.0819591
0.082047
0.0820275
0.0821155
0.0820056
0.0820936
0.0820741
0.082162
0.0821273
0.0822153
0.0821957
0.0822837
0.0822219
0.0823099
0.0822903
0.0823783
0.0823436
0.0824316
0.082412
0.0825
0.0825
0.082588
0.0825684
0.0826564
0.0826217
0.0827097
0.0826901
0.0827781
0.0827163
0.0828043
0.0827847
0.0828727
0.082838
0.0829259
0.0829064
0.0829944
0.0828845
0.0829725
0.082953
0.0830409
0.0830062
0.0830942
0.0830746
0.0831626
0.0831008
0.0831888
0.0831693
0.0832572
0.0832225
0.0833105
0.0832909
0.0833789
0.0831836
0.0832716
0.083252
0.08334
0.0833053
0.0833932
0.0833737
0.0834617
0.0833999
0.0834879
0.0834683
0.0835563
0.0835216
0.0836095
0.08359
0.083678
0.0835681
0.0836561
0.0836366
0.0837245
0.0836898
0.0837778
0.0837582
0.0838462
0.0837844
0.0838724
0.0838528
0.0839408
0.0839061
0.0839941
0.0839745
0.0840625
0.0834375
0.0835255
0.0835059
0.0835939
0.0835592
0.0836472
0.0836276
0.0837156
0.0836538
0.0837418
0.0837222
0.0838102
0.0837755
0.0838635
0.0838439
0.0839319
0.083822
0.08391
0.0838905
0.0839785
0.0839437
0.0840317
0.0840121
0.0841001
0.0840383
0.0841263
0.0841068
0.0841947
0.08416
0.084248
0.0842284
0.0843164
0.0841211
0.0842091
0.0841895
0.0842775
0.0842428
0.0843308
0.0843112
0.0843992
0.0843374
0.0844254
0.0844058
0.0844938
0.0844591
0.084547
0.0845275
0.0846155
0.0845056
0.0845936
0.0845741
0.084662
0.0846273
0.0847153
0.0846957
0.0847837
0.0847219
0.0848099
0.0847903
0.0848783
0.0848436
0.0849316
0.084912
0.085
0.085
0.085088
0.0850684
0.0851564
0.0851217
0.0852097
0.0851901
0.0852781
0.0852163
0.0853043
0.0852847
0.0853727
0.085338
0.085426
0.0854064
0.0854944
0.0853845
0.0854725
0.085453
0.085541
0.0855062
0.0855942
0.0855746
0.0856626
0.0856008
0.0856888
0.0856692
0.0857572
0.0857225
0.0858105
0.0857909
0.0858789
0.0856836
0.0857716
0.085752
0.08584
0.0858053
0.0858933
0.0858737
0.0859617
0.0858999
0.0859879
0.0859683
0.0860563
0.0860215
0.0861095
0.08609
0.086178
0.0860681
0.0861561
0.0861365
0.0862245
0.0861898
0.0862778
0.0862582
0.0863462
0.0862844
0.0863724
0.0863528
0.0864408
0.0864061
0.0864941
0.0864745
0.0865625
0.0859375
0.0860255
0.0860059
0.0860939
0.0860592
0.0861472
0.0861276
0.0862156
0.0861538
0.0862418
0.0862222
0.0863102
0.0862755
0.0863634
0.0863439
0.0864319
0.086322
0.08641
0.0863905
0.0864784
0.0864437
0.0865317
0.0865121
0.0866001
0.0865383
0.0866263
0.0866067
0.0866947
0.08666
0.086748
0.0867284
0.0868164
0.0866211
0.0867091
0.0866895
0.0867775
0.0867428
0.0868308
0.0868112
0.0868992
0.0868374
0.0869254
0.0869058
0.0869938
0.086959
0.087047
0.0870275
0.0871155
0.0870056
0.0870936
0.087074
0.087162
0.0871273
0.0872153
0.0871957
0.0872837
0.0872219
0.0873099
0.0872903
0.0873783
0.0873436
0.0874316
0.087412
0.0875
0.0875
0.087588
0.0875684
0.0876564
0.0876217
0.0877097
0.0876901
0.0877781
0.0877163
0.0878043
0.0877847
0.0878727
0.087838
0.0879259
0.0879064
0.0879944
0.0878845
0.0879725
0.087953
0.0880409
0.0880062
0.0880942
0.0880746
0.0881626
0.0881008
0.0881888
0.0881693
0.0882572
0.0882225
0.0883105
0.0882909
0.0883789
0.0881836
0.0882716
0.088252
0.08834
0.0883053
0.0883932
0.0883737
0.0884617
0.0883999
0.0884879
0.0884683
0.0885563
0.0885216
0.0886095
0.08859
0.088678
0.0885681
0.0886561
0.0886366
0.0887245
0.0886898
0.0887778
0.0887582
0.0888462
0.0887844
0.0888724
0.0888528
0.0889408
0.0889061
0.0889941
0.0889745
0.0890625
0.0884375
0.0885255
0.0885059
0.0885939
0.0885592
0.0886472
0.0886276
0.0887156
0.0886538
0.0887418
0.0887222
0.0888102
0.0887755
0.0888634
0.0888439
0.0889319
0.088822
0.08891
0.0888905
0.0889784
0.0889437
0.0890317
0.0890121
0.0891001
0.0890383
0.0891263
0.0891068
0.0891947
0.08916
0.089248
0.0892284
0.0893164
0.0891211
0.0892091
0.0891895
0.0892775
0.0892428
0.0893307
0.0893112
0.0893992
0.0893374
0.0894254
0.0894058
0.0894938
0.0894591
0.089547
0.0895275
0.0896155
0.0895056
0.0895936
0.0895741
0.089662
0.0896273
0.0897153
0.0896957
0.0897837
0.0897219
0.0898099
0.0897903
0.0898783
0.0898436
0.0899316
0.089912
0.09
0.09
0.090088
0.0900684
0.0901564
0.0901217
0.0902097
0.0901901
0.0902781
0.0902163
0.0903043
0.0902847
0.0903727
0.090338
0.0904259
0.0904064
0.0904944
0.0903845
0.0904725
0.090453
0.0905409
0.0905062
0.0905942
0.0905746
0.0906626
0.0906008
0.0906888
0.0906693
0.0907572
0.0907225
0.0908105
0.0907909
0.0908789
0.0906836
0.0907716
0.090752
0.09084
0.0908053
0.0908932
0.0908737
0.0909617
0.0908999
0.0909879
0.0909683
0.0910563
0.0910216
0.0911095
0.09109
0.091178
0.0910681
0.0911561
0.0911366
0.0912245
0.0911898
0.0912778
0.0912582
0.0913462
0.0912844
0.0913724
0.0913528
0.0914408
0.0914061
0.0914941
0.0914745
0.0915625
0.0909375
0.0910255
0.0910059
0.0910939
0.0910592
0.0911472
0.0911276
0.0912156
0.0911538
0.0912418
0.0912222
0.0913102
0.0912755
0.0913635
0.0913439
0.0914319
0.091322
0.09141
0.0913905
0.0914785
0.0914437
0.0915317
0.0915121
0.0916001
0.0915383
0.0916263
0.0916068
0.0916947
0.09166
0.091748
0.0917284
0.0918164
0.0916211
0.0917091
0.0916895
0.0917775
0.0917428
0.0918308
0.0918112
0.0918992
0.0918374
0.0919254
0.0919058
0.0919938
0.0919591
0.092047
0.0920275
0.0921155
0.0920056
0.0920936
0.0920741
0.092162
0.0921273
0.0922153
0.0921957
0.0922837
0.0922219
0.0923099
0.0922903
0.0923783
0.0923436
0.0924316
0.092412
0.0925
0.0925
0.092588
0.0925684
0.0926564
0.0926217
0.0927097
0.0926901
0.0927781
0.0927163
0.0928043
0.0927847
0.0928727
0.092838
0.092926
0.0929064
0.0929944
0.0928845
0.0929725
0.092953
0.093041
0.0930062
0.0930942
0.0930746
0.0931626
0.0931008
0.0931888
0.0931692
0.0932572
0.0932225
0.0933105
0.0932909
0.0933789
0.0931836
0.0932716
0.093252
0.09334
0.0933053
0.0933933
0.0933737
0.0934617
0.0933999
0.0934879
0.0934683
0.0935563
0.0935216
0.0936095
0.09359
0.093678
0.0935681
0.0936561
0.0936366
0.0937245
0.0936898
0.0937778
0.0937582
0.0938462
0.0937844
0.0938724
0.0938528
0.0939408
0.0939061
0.0939941
0.0939745
0.0940625
0.0934375
0.0935255
0.0935059
0.0935939
0.0935592
0.0936472
0.0936276
0.0937156
0.0936538
0.0937418
0.0937222
0.0938102
0.0937755
0.0938634
0.0938439
0.0939319
0.093822
0.09391
0.0938905
0.0939784
0.0939437
0.0940317
0.0940121
0.0941001
0.0940383
0.0941263
0.0941067
0.0941947
0.09416
0.094248
0.0942284
0.0943164
0.0941211
0.0942091
0.0941895
0.0942775
0.0942428
0.0943308
0.0943112
0.0943992
0.0943374
0.0944254
0.0944058
0.0944938
0.094459
0.094547
0.0945275
0.0946155
0.0945056
0.0945936
0.094574
0.094662
0.0946273
0.0947153
0.0946957
0.0947837
0.0947219
0.0948099
0.0947903
0.0948783
0.0948436
0.0949316
0.094912
0.095
0.095
0.095088
0.0950684
0.0951564
0.0951217
0.0952097
0.0951901
0.0952781
0.0952163
0.0953043
0.0952847
0.0953727
0.095338
0.0954259
0.0954064
0.0954944
0.0953845
0.0954725
0.095453
0.0955409
0.0955062
0.0955942
0.0955746
0.0956626
0.0956008
0.0956888
0.0956693
0.0957572
0.0957225
0.0958105
0.0957909
0.0958789
0.0956836
0.0957716
0.095752
0.09584
0.0958053
0.0958932
0.0958737
0.0959617
0.0958999
0.0959879
0.0959683
0.0960563
0.0960216
0.0961095
0.09609
0.096178
0.0960681
0.0961561
0.0961366
0.0962245
0.0961898
0.0962778
0.0962582
0.0963462
0.0962844
0.0963724
0.0963528
0.0964408
0.0964061
0.0964941
0.0964745
0.0965625
0.0959375
0.0960255
0.0960059
0.0960939
0.0960592
0.0961472
0.0961276
0.0962156
0.0961538
0.0962418
0.0962222
0.0963102
0.0962755
0.0963634
0.0963439
0.0964319
0.096322
0.09641
0.0963905
0.0964784
0.0964437
0.0965317
0.0965121
0.0966001
0.0965383
0.0966263
0.0966068
0.0966947
0.09666
0.096748
0.0967284
0.0968164
0.0966211
0.0967091
0.0966895
0.0967775
0.0967428
0.0968307
0.0968112
0.0968992
0.0968374
0.0969254
0.0969058
0.0969938
0.0969591
0.097047
0.0970275
0.0971155
0.0970056
0.0970936
0.0970741
0.097162
0.0971273
0.0972153
0.0971957
0.0972837
0.0972219
0.0973099
0.0972903
0.0973783
0.0973436
0.0974316
0.097412
0.0975
0.0975
0.097588
0.0975684
0.0976564
0.0976217
0.0977097
0.0976901
0.0977781
0.0977163
0.0978043
0.0977847
0.0978727
0.097838
0.0979259
0.0979064
0.0979944
0.0978845
0.0979725
0.097953
0.0980409
0.0980062
0.0980942
0.0980746
0.0981626
0.0981008
0.0981888
0.0981693
0.0982572
0.0982225
0.0983105
0.0982909
0.0983789
0.0981836
0.0982716
0.098252
0.09834
0.0983053
0.0983932
0.0983737
0.0984617
0.0983999
0.0984879
0.0984683
0.0985563
0.0985216
0.0986095
0.09859
0.098678
0.0985681
0.0986561
0.0986366
0.0987245
0.0986898
0.0987778
0.0987582
0.0988462
0.0987844
0.0988724
0.0988528
0.0989408
0.0989061
0.0989941
0.0989745
0.0990625
0.0984375
0.0985255
0.0985059
0.0985939
0.0985592
0.0986472
0.0986276
0.0987156
0.0986538
0.0987418
0.0987222
0.0988102
0.0987755
0.0988634
0.0988439
0.0989319
0.098822
0.09891
0.0988905
0.0989784
0.0989437
0.0990317
0.0990121
0.0991001
0.0990383
0.0991263
0.0991068
0.0991947
0.09916
0.099248
0.0992284
0.0993164
0.0991211
0.0992091
0.0991895
0.0992775
0.0992428
0.0993307
0.0993112
0.0993992
0.0993374
0.0994254
0.0994058
0.0994938
0.0994591
0.099547
0.0995275
0.0996155
0.0995056
0.0995936
0.0995741
0.099662
0.0996273
0.0997153
0.0996957
0.0997837
0.0997219
0.0998099
0.0997903
0.0998783
0.0998436
0.0999316
0.099912
0.1
0.1
0.100088
0.100068
0.100156
0.100122
0.10021
0.10019
0.100278
0.100216
0.100304
0.100285
0.100373
0.100338
0.100426
0.100406
0.100494
0.100385
0.100473
0.100453
0.100541
0.100506
0.100594
0.100575
0.100663
0.100601
0.100689
0.100669
0.100757
0.100722
0.10081
0.100791
0.100879
0.100684
0.100772
0.100752
0.10084
0.100805
0.100893
0.100874
0.100962
0.1009
0.100988
0.100968
0.101056
0.101022
0.10111
0.10109
0.101178
0.101068
0.101156
0.101137
0.101225
0.10119
0.101278
0.101258
0.101346
0.101284
0.101372
0.101353
0.101441
0.101406
0.101494
0.101475
0.101562
0.100938
0.101025
0.101006
0.101094
0.101059
0.101147
0.101128
0.101216
0.101154
0.101242
0.101222
0.10131
0.101275
0.101363
0.101344
0.101432
0.101322
0.10141
0.10139
0.101478
0.101444
0.101532
0.101512
0.1016
0.101538
0.101626
0.101607
0.101695
0.10166
0.101748
0.101728
0.101816
0.101621
0.101709
0.10169
0.101778
0.101743
0.101831
0.101811
0.101899
0.101837
0.101925
0.101906
0.101994
0.101959
0.102047
0.102027
0.102115
0.102006
0.102094
0.102074
0.102162
0.102127
0.102215
0.102196
0.102284
0.102222
0.10231
0.10229
0.102378
0.102344
0.102432
0.102412
0.1025
0.1025
0.102588
0.102568
0.102656
0.102622
0.10271
0.10269
0.102778
0.102716
0.102804
0.102785
0.102873
0.102838
0.102926
0.102906
0.102994
0.102885
0.102973
0.102953
0.103041
0.103006
0.103094
0.103075
0.103163
0.103101
0.103189
0.103169
0.103257
0.103222
0.10331
0.103291
0.103379
0.103184
0.103272
0.103252
0.10334
0.103305
0.103393
0.103374
0.103462
0.1034
0.103488
0.103468
0.103556
0.103522
0.10361
0.10359
0.103678
0.103568
0.103656
0.103637
0.103725
0.10369
0.103778
0.103758
0.103846
0.103784
0.103872
0.103853
0.103941
0.103906
0.103994
0.103975
0.104062
0.103437
0.103525
0.103506
0.103594
0.103559
0.103647
0.103628
0.103716
0.103654
0.103742
0.103722
0.10381
0.103775
0.103863
0.103844
0.103932
0.103822
0.10391
0.10389
0.103978
0.103944
0.104032
0.104012
0.1041
0.104038
0.104126
0.104107
0.104195
0.10416
0.104248
0.104228
0.104316
0.104121
0.104209
0.10419
0.104278
0.104243
0.104331
0.104311
0.104399
0.104337
0.104425
0.104406
0.104494
0.104459
0.104547
0.104527
0.104615
0.104506
0.104594
0.104574
0.104662
0.104627
0.104715
0.104696
0.104784
0.104722
0.10481
0.10479
0.104878
0.104844
0.104932
0.104912
0.105
0.105
0.105088
0.105068
0.105156
0.105122
0.10521
0.10519
0.105278
0.105216
0.105304
0.105285
0.105373
0.105338
0.105426
0.105406
0.105494
0.105385
0.105473
0.105453
0.105541
0.105506
0.105594
0.105575
0.105663
0.105601
0.105689
0.105669
0.105757
0.105722
0.10581
0.105791
0.105879
0.105684
0.105772
0.105752
0.10584
0.105805
0.105893
0.105874
0.105962
0.1059
0.105988
0.105968
0.106056
0.106022
0.10611
0.10609
0.106178
0.106068
0.106156
0.106137
0.106225
0.10619
0.106278
0.106258
0.106346
0.106284
0.106372
0.106353
0.106441
0.106406
0.106494
0.106475
0.106563
0.105938
0.106025
0.106006
0.106094
0.106059
0.106147
0.106128
0.106216
0.106154
0.106242
0.106222
0.10631
0.106275
0.106363
0.106344
0.106432
0.106322
0.10641
0.10639
0.106478
0.106444
0.106532
0.106512
0.1066
0.106538
0.106626
0.106607
0.106695
0.10666
0.106748
0.106728
0.106816
0.106621
0.106709
0.10669
0.106778
0.106743
0.106831
0.106811
0.106899
0.106837
0.106925
0.106906
0.106994
0.106959
0.107047
0.107027
0.107115
0.107006
0.107094
0.107074
0.107162
0.107127
0.107215
0.107196
0.107284
0.107222
0.10731
0.10729
0.107378
0.107344
0.107432
0.107412
0.1075
0.1075
0.107588
0.107568
0.107656
0.107622
0.10771
0.10769
0.107778
0.107716
0.107804
0.107785
0.107873
0.107838
0.107926
0.107906
0.107994
0.107885
0.107973
0.107953
0.108041
0.108006
0.108094
0.108075
0.108163
0.108101
0.108189
0.108169
0.108257
0.108222
0.10831
0.108291
0.108379
0.108184
0.108272
0.108252
0.10834
0.108305
0.108393
0.108374
0.108462
0.1084
0.108488
0.108468
0.108556
0.108522
0.10861
0.10859
0.108678
0.108568
0.108656
0.108637
0.108725
0.10869
0.108778
0.108758
0.108846
0.108784
0.108872
0.108853
0.108941
0.108906
0.108994
0.108975
0.109063
0.108438
0.108525
0.108506
0.108594
0.108559
0.108647
0.108628
0.108716
0.108654
0.108742
0.108722
0.10881
0.108775
0.108863
0.108844
0.108932
0.108822
0.10891
0.10889
0.108978
0.108944
0.109032
0.109012
0.1091
0.109038
0.109126
0.109107
0.109195
0.10916
0.109248
0.109228
0.109316
0.109121
0.109209
0.10919
0.109278
0.109243
0.109331
0.109311
0.109399
0.109337
0.109425
0.109406
0.109494
0.109459
0.109547
0.109527
0.109615
0.109506
0.109594
0.109574
0.109662
0.109627
0.109715
0.109696
0.109784
0.109722
0.10981
0.10979
0.109878
0.109844
0.109932
0.109912
0.11
0.11
0.110088
0.110068
0.110156
0.110122
0.11021
0.11019
0.110278
0.110216
0.110304
0.110285
0.110373
0.110338
0.110426
0.110406
0.110494
0.110385
0.110473
0.110453
0.110541
0.110506
0.110594
0.110575
0.110663
0.110601
0.110689
0.110669
0.110757
0.110722
0.11081
0.110791
0.110879
0.110684
0.110772
0.110752
0.11084
0.110805
0.110893
0.110874
0.110962
0.1109
0.110988
0.110968
0.111056
0.111022
0.11111
0.11109
0.111178
0.111068
0.111156
0.111137
0.111225
0.11119
0.111278
0.111258
0.111346
0.111284
0.111372
0.111353
0.111441
0.111406
0.111494
0.111475
0.111562
0.110937
0.111025
0.111006
0.111094
0.111059
0.111147
0.111128
0.111216
0.111154
0.111242
0.111222
0.11131
0.111275
0.111363
0.111344
0.111432
0.111322
0.11141
0.11139
0.111478
0.111444
0.111532
0.111512
0.1116
0.111538
0.111626
0.111607
0.111695
0.11166
0.111748
0.111728
0.111816
0.111621
0.111709
0.11169
0.111778
0.111743
0.111831
0.111811
0.111899
0.111837
0.111925
0.111906
0.111994
0.111959
0.112047
0.112027
0.112115
0.112006
0.112094
0.112074
0.112162
0.112127
0.112215
0.112196
0.112284
0.112222
0.11231
0.11229
0.112378
0.112344
0.112432
0.112412
0.1125
0.1125
0.112588
0.112568
0.112656
0.112622
0.11271
0.11269
0.112778
0.112716
0.112804
0.112785
0.112873
0.112838
0.112926
0.112906
0.112994
0.112885
0.112973
0.112953
0.113041
0.113006
0.113094
0.113075
0.113163
0.113101
0.113189
0.113169
0.113257
0.113222
0.11331
0.113291
0.113379
0.113184
0.113272
0.113252
0.11334
0.113305
0.113393
0.113374
0.113462
0.1134
0.113488
0.113468
0.113556
0.113522
0.11361
0.11359
0.113678
0.113568
0.113656
0.113637
0.113725
0.11369
0.113778
0.113758
0.113846
0.113784
0.113872
0.113853
0.113941
0.113906
0.113994
0.113975
0.114063
0.113438
0.113525
0.113506
0.113594
0.113559
0.113647
0.113628
0.113716
0.113654
0.113742
0.113722
0.11381
0.113775
0.113863
0.113844
0.113932
0.113822
0.11391
0.11389
0.113978
0.113944
0.114032
0.114012
0.1141
0.114038
0.114126
0.114107
0.114195
0.11416
0.114248
0.114228
0.114316
0.114121
0.114209
0.11419
0.114278
0.114243
0.114331
0.114311
0.114399
0.114337
0.114425
0.114406
0.114494
0.114459
0.114547
0.114527
0.114615
0.114506
0.114594
0.114574
0.114662
0.114627
0.114715
0.114696
0.114784
0.114722
0.11481
0.11479
0.114878
0.114844
0.114932
0.114912
0.115
0.115
0.115088
0.115068
0.115156
0.115122
0.11521
0.11519
0.115278
0.115216
0.115304
0.115285
0.115373
0.115338
0.115426
0.115406
0.115494
0.115385
0.115473
0.115453
0.115541
0.115506
0.115594
0.115575
0.115663
0.115601
0.115689
0.115669
0.115757
0.115722
0.11581
0.115791
0.115879
0.115684
0.115772
0.115752
0.11584
0.115805
0.115893
0.115874
0.115962
0.1159
0.115988
0.115968
0.116056
0.116022
0.11611
0.11609
0.116178
0.116068
0.116156
0.116137
0.116225
0.11619
0.116278
0.116258
0.116346
0.116284
0.116372
0.116353
0.116441
0.116406
0.116494
0.116475
0.116563
0.115938
0.116025
0.116006
0.116094
0.116059
0.116147
0.116128
0.116216
0.116154
0.116242
0.116222
0.11631
0.116275
0.116363
0.116344
0.116432
0.116322
0.11641
0.11639
0.116478
0.116444
0.116532
0.116512
0.1166
0.116538
0.116626
0.116607
0.116695
0.11666
0.116748
0.116728
0.116816
0.116621
0.116709
0.11669
0.116778
0.116743
0.116831
0.116811
0.116899
0.116837
0.116925
0.116906
0.116994
0.116959
0.117047
0.117027
0.117115
0.117006
0.117094
0.117074
0.117162
0.117127
0.117215
0.117196
0.117284
0.117222
0.11731
0.11729
0.117378
0.117344
0.117432
0.117412
0.1175
0.1175
0.117588
0.117568
0.117656
0.117622
0.11771
0.11769
0.117778
0.117716
0.117804
0.117785
0.117873
0.117838
0.117926
0.117906
0.117994
0.117885
0.117973
0.117953
0.118041
0.118006
0.118094
0.118075
0.118163
0.118101
0.118189
0.118169
0.118257
0.118222
0.11831
0.118291
0.118379
0.118184
0.118272
0.118252
0.11834
0.118305
0.118393
0.118374
0.118462
0.1184
0.118488
0.118468
0.118556
0.118522
0.11861
0.11859
0.118678
0.118568
0.118656
0.118637
0.118725
0.11869
0.118778
0.118758
0.118846
0.118784
0.118872
0.118853
0.118941
0.118906
0.118994
0.118975
0.119062
0.118437
0.118525
0.118506
0.118594
0.118559
0.118647
0.118628
0.118716
0.118654
0.118742
0.118722
0.11881
0.118775
0.118863
0.118844
0.118932
0.118822
0.11891
0.11889
0.118978
0.118944
0.119032
0.119012
0.1191
0.119038
0.119126
0.119107
0.119195
0.11916
0.119248
0.119228
0.119316
0.119121
0.119209
0.11919
0.119278
0.119243
0.119331
0.119311
0.119399
0.119337
0.119425
0.119406
0.119494
0.119459
0.119547
0.119527
0.119615
0.119506
0.119594
0.119574
0.119662
0.119627
0.119715
0.119696
0.119784
0.119722
0.11981
0.11979
0.119878
0.119844
0.119932
0.119912
0.12
0.12
0.120088
0.120068
0.120156
0.120122
0.12021
0.12019
0.120278
0.120216
0.120304
0.120285
0.120373
0.120338
0.120426
0.120406
0.120494
0.120385
0.120473
0.120453
0.120541
0.120506
0.120594
0.120575
0.120663
0.120601
0.120689
0.120669
0.120757
0.120722
0.12081
0.120791
0.120879
0.120684
0.120772
0.120752
0.12084
0.120805
0.120893
0.120874
0.120962
0.1209
0.120988
0.120968
0.121056
0.121022
0.12111
0.12109
0.121178
0.121068
0.121156
0.121137
0.121225
0.12119
0.121278
0.121258
0.121346
0.121284
0.121372
0.121353
0.121441
0.121406
0.121494
0.121475
0.121563
0.120938
0.121025
0.121006
0.121094
0.121059
0.121147
0.121128
0.121216
0.121154
0.121242
0.121222
0.12131
0.121275
0.121363
0.121344
0.121432
0.121322
0.12141
0.12139
0.121478
0.121444
0.121532
0.121512
0.1216
0.121538
0.121626
0.121607
0.121695
0.12166
0.121748
0.121728
0.121816
0.121621
0.121709
0.12169
0.121778
0.121743
0.121831
0.121811
0.121899
0.121837
0.121925
0.121906
0.121994
0.121959
0.122047
0.122027
0.122115
0.122006
0.122094
0.122074
0.122162
0.122127
0.122215
0.122196
0.122284
0.122222
0.12231
0.12229
0.122378
0.122344
0.122432
0.122412
0.1225
0.1225
0.122588
0.122568
0.122656
0.122622
0.12271
0.12269
0.122778
0.122716
0.122804
0.122785
0.122873
0.122838
0.122926
0.122906
0.122994
0.122885
0.122973
0.122953
0.123041
0.123006
0.123094
0.123075
0.123163
0.123101
0.123189
0.123169
0.123257
0.123222
0.12331
0.123291
0.123379
0.123184
0.123272
0.123252
0.12334
0.123305
0.123393
0.123374
0.123462
0.1234
0.123488
0.123468
0.123556
0.123522
0.12361
0.12359
0.123678
0.123568
0.123656
0.123637
0.123725
0.12369
0.123778
0.123758
0.123846
0.123784
0.123872
0.123853
0.123941
0.123906
0.123994
0.123975
0.124063
0.123438
0.123525
0.123506
0.123594
0.123559
0.123647
0.123628
0.123716
0.123654
0.123742
0.123722
0.12381
0.123775
0.123863
0.123844
0.123932
0.123822
0.12391
0.12389
0.123978
0.123944
0.124032
0.124012
0.1241
0.124038
0.124126
0.124107
0.124195
0.12416
0.124248
0.124228
0.124316
0.124121
0.124209
0.12419
0.124278
0.124243
0.124331
0.124311
0.124399
0.124337
0.124425
0.124406
0.124494
0.124459
0.124547
0.124527
0.124615
0.124506
0.124594
0.124574
0.124662
0.124627
0.124715
0.124696
0.124784
0.124722
0.12481
0.12479
0.124878
0.124844
0.124932
0.124912
0.125
0.125
0.125088
0.125068
0.125156
0.125122
0.12521
0.12519
0.125278
0.125216
0.125304
0.125285
0.125373
0.125338
0.125426
0.125406
0.125494
0.125385
0.125473
0.125453
0.125541
0.125506
0.125594
0.125575
0.125663
0.125601
0.125689
0.125669
0.125757
0.125722
0.12581
0.125791
0.125879
0.125684
0.125772
0.125752
0.12584
0.125805
0.125893
0.125874
0.125962
0.1259
0.125988
0.125968
0.126056
0.126022
0.12611
0.12609
0.126178
0.126068
0.126156
0.126137
0.126225
0.12619
0.126278
0.126258
0.126346
0.126284
0.126372
0.126353
0.126441
0.126406
0.126494
0.126475
0.126563
0.125938
0.126025
0.126006
0.126094
0.126059
0.126147
0.126128
0.126216
0.126154
0.126242
0.126222
0.12631
0.126275
0.126363
0.126344
0.126432
0.126322
0.12641
0.12639
0.126478
0.126444
0.126532
0.126512
0.1266
0.126538
0.126626
0.126607
0.126695
0.12666
0.126748
0.126728
0.126816
0.126621
0.126709
0.12669
0.126778
0.126743
0.126831
0.126811
0.126899
0.126837
0.126925
0.126906
0.126994
0.126959
0.127047
0.127027
0.127115
0.127006
0.127094
0.127074
0.127162
0.127127
0.127215
0.127196
0.127284
0.127222
0.12731
0.12729
0.127378
0.127344
0.127432
0.127412
0.1275
0.1275
0.127588
0.127568
0.127656
0.127622
0.12771
0.12769
0.127778
0.127716
0.127804
0.127785
0.127873
0.127838
0.127926
0.127906
0.127994
0.127885
0.127973
0.127953
0.128041
0.128006
0.128094
0.128075
0.128163
0.128101
0.128189
0.128169
0.128257
0.128222
0.12831
0.128291
0.128379
0.128184
0.128272
0.128252
0.12834
0.128305
0.128393
0.128374
0.128462
0.1284
0.128488
0.128468
0.128556
0.128522
0.12861
0.12859
0.128678
0.128568
0.128656
0.128637
0.128725
0.12869
0.128778
0.128758
0.128846
0.128784
0.128872
0.128853
0.128941
0.128906
0.128994
0.128975
0.129063
0.128438
0.128525
0.128506
0.128594
0.128559
0.128647
0.128628
0.128716
0.128654
0.128742
0.128722
0.12881
0.128775
0.128863
0.128844
0.128932
0.128822
0.12891
0.12889
0.128978
0.128944
0.129032
0.129012
0.1291
0.129038
0.129126
0.129107
0.129195
0.12916
0.129248
0.129228
0.129316
0.129121
0.129209
0.12919
0.129278
0.129243
0.129331
0.129311
0.129399
0.129337
0.129425
0.129406
0.129494
0.129459
0.129547
0.129527
0.129615
0.129506
0.129594
0.129574
0.129662
0.129627
0.129715
0.129696
0.129784
0.129722
0.12981
0.12979
0.129878
0.129844
0.129932
0.129912
0.13
0.13
0.130088
0.130068
0.130156
0.130122
0.13021
0.13019
0.130278
0.130216
0.130304
0.130285
0.130373
0.130338
0.130426
0.130406
0.130494
0.130385
0.130473
0.130453
0.130541
0.130506
0.130594
0.130575
0.130663
0.130601
0.130689
0.130669
0.130757
0.130722
0.13081
0.130791
0.130879
0.130684
0.130772
0.130752
0.13084
0.130805
0.130893
0.130874
0.130962
0.1309
0.130988
0.130968
0.131056
0.131022
0.13111
0.13109
0.131178
0.131068
0.131156
0.131137
0.131225
0.13119
0.131278
0.131258
0.131346
0.131284
0.131372
0.131353
0.131441
0.131406
0.131494
0.131475
0.131563
0.130938
0.131025
0.131006
0.131094
0.131059
0.131147
0.131128
0.131216
0.131154
0.131242
0.131222
0.13131
0.131275
0.131363
0.131344
0.131432
0.131322
0.13141
0.13139
0.131478
0.131444
0.131532
0.131512
0.1316
0.131538
0.131626
0.131607
0.131695
0.13166
0.131748
0.131728
0.131816
0.131621
0.131709
0.13169
0.131778
0.131743
0.131831
0.131811
0.131899
0.131837
0.131925
0.131906
0.131994
0.131959
0.132047
0.132027
0.132115
0.132006
0.132094
0.132074
0.132162
0.132127
0.132215
0.132196
0.132284
0.132222
0.13231
0.13229
0.132378
0.132344
0.132432
0.132412
0.1325
0.1325
0.132588
0.132568
0.132656
0.132622
0.13271
0.13269
0.132778
0.132716
0.132804
0.132785
0.132873
0.132838
0.132926
0.132906
0.132994
0.132885
0.132973
0.132953
0.133041
0.133006
0.133094
0.133075
0.133163
0.133101
0.133189
0.133169
0.133257
0.133222
0.13331
0.133291
0.133379
0.133184
0.133272
0.133252
0.13334
0.133305
0.133393
0.133374
0.133462
0.1334
0.133488
0.133468
0.133556
0.133522
0.13361
0.13359
0.133678
0.133568
0.133656
0.133637
0.133725
0.13369
0.133778
0.133758
0.133846
0.133784
0.133872
0.133853
0.133941
0.133906
0.133994
0.133975
0.134062
0.133437
0.133525
0.133506
0.133594
0.133559
0.133647
0.133628
0.133716
0.133654
0.133742
0.133722
0.13381
0.133775
0.133863
0.133844
0.133932
0.133822
0.13391
0.13389
0.133978
0.133944
0.134032
0.134012
0.1341
0.134038
0.134126
0.134107
0.134195
0.13416
0.134248
0.134228
0.134316
0.134121
0.134209
0.13419
0.134278
0.134243
0.134331
0.134311
0.134399
0.134337
0.134425
0.134406
0.134494
0.134459
0.134547
0.134527
0.134615
0.134506
0.134594
0.134574
0.134662
0.134627
0.134715
0.134696
0.134784
0.134722
0.13481
0.13479
0.134878
0.134844
0.134932
0.134912
0.135
0.135
0.135088
0.135068
0.135156
0.135122
0.13521
0.13519
0.135278
0.135216
0.135304
0.135285
0.135373
0.135338
0.135426
0.135406
0.135494
0.135385
0.135473
0.135453
0.135541
0.135506
0.135594
0.135575
0.135663
0.135601
0.135689
0.135669
0.135757
0.135722
0.13581
0.135791
0.135879
0.135684
0.135772
0.135752
0.13584
0.135805
0.135893
0.135874
0.135962
0.1359
0.135988
0.135968
0.136056
0.136022
0.13611
0.13609
0.136178
0.136068
0.136156
0.136137
0.136225
0.13619
0.136278
0.136258
0.136346
0.136284
0.136372
0.136353
0.136441
0.136406
0.136494
0.136475
0.136562
0.135937
0.136025
0.136006
0.136094
0.136059
0.136147
0.136128
0.136216
0.136154
0.136242
0.136222
0.13631
0.136275
0.136363
0.136344
0.136432
0.136322
0.13641
0.13639
0.136478
0.136444
0.136532
0.136512
0.1366
0.136538
0.136626
0.136607
0.136695
0.13666
0.136748
0.136728
0.136816
0.136621
0.136709
0.13669
0.136778
0.136743
0.136831
0.136811
0.136899
0.136837
0.136925
0.136906
0.136994
0.136959
0.137047
0.137027
0.137115
0.137006
0.137094
0.137074
0.137162
0.137127
0.137215
0.137196
0.137284
0.137222
0.13731
0.13729
0.137378
0.137344
0.137432
0.137412
0.1375
0.1375
0.137588
0.137568
0.137656
0.137622
0.13771
0.13769
0.137778
0.137716
0.137804
0.137785
0.137873
0.137838
0.137926
0.137906
0.137994
0.137885
0.137973
0.137953
0.138041
0.138006
0.138094
0.138075
0.138163
0.138101
0.138189
0.138169
0.138257
0.138222
0.13831
0.138291
0.138379
0.138184
0.138272
0.138252
0.13834
0.138305
0.138393
0.138374
0.138462
0.1384
0.138488
0.138468
0.138556
0.138522
0.13861
0.13859
0.138678
0.138568
0.138656
0.138637
0.138725
0.13869
0.138778
0.138758
0.138846
0.138784
0.138872
0.138853
0.138941
0.138906
0.138994
0.138975
0.139062
0.138437
0.138525
0.138506
0.138594
0.138559
0.138647
0.138628
0.138716
0.138654
0.138742
0.138722
0.13881
0.138775
0.138863
0.138844
0.138932
0.138822
0.13891
0.13889
0.138978
0.138944
0.139032
0.139012
0.1391
0.139038
0.139126
0.139107
0.139195
0.13916
0.139248
0.139228
0.139316
0.139121
0.139209
0.13919
0.139278
0.139243
0.139331
0.139311
0.139399
0.139337
0.139425
0.139406
0.139494
0.139459
0.139547
0.139527
0.139615
0.139506
0.139594
0.139574
0.139662
0.139627
0.139715
0.139696
0.139784
0.139722
0.13981
0.13979
0.139878
0.139844
0.139932
0.139912
0.14
