762
0 796 810 187 735 1 762
1 175 796 187 0 63 2
2 175 782 796 762 1 3
3 782 175 171 736 4 2
4 782 171 169 8 5 3
5 782 169 768 6 762 4
6 768 169 754 7 762 5
7 169 164 754 13 6 8
8 169 171 164 9 7 4
9 164 171 168 737 10 8
10 164 168 161 739 11 9
11 164 161 160 760 12 10
12 164 160 740 761 13 11
13 754 164 740 12 762 7
14 726 740 154 761 15 762
15 712 726 154 14 18 762
16 712 141 698 36 762 17
17 712 147 141 33 16 18
18 712 154 147 19 17 15
19 154 146 147 33 18 20
20 154 153 146 30 19 21
21 161 153 154 20 760 22
22 161 155 153 30 21 23
23 161 159 155 27 22 24
24 166 159 161 23 739 25
25 159 166 163 742 26 24
26 159 163 156 746 27 25
27 155 159 156 26 28 23
28 149 155 156 27 747 29
29 146 155 149 28 31 30
30 153 155 146 29 20 22
31 142 146 149 29 749 32
32 146 142 141 34 33 31
33 147 146 141 32 17 19
34 141 142 138 751 35 32
35 141 138 684 38 36 34
36 698 141 684 35 762 16
37 684 130 670 347 762 38
38 684 138 130 39 37 35
39 138 131 130 345 38 40
40 139 131 138 39 751 41
41 131 139 132 758 42 40
42 132 128 131 344 41 43
43 132 129 128 341 42 44
44 134 129 132 43 757 45
45 134 124 129 339 44 46
46 134 137 124 324 45 47
47 143 137 134 46 756 48
48 143 150 137 323 47 49
49 158 150 143 48 755 50
50 150 158 167 759 51 49
51 167 148 150 322 50 52
52 167 165 148 320 51 53
53 167 182 165 255 52 54
54 170 182 167 53 759 55
55 170 183 182 192 54 56
56 172 183 170 55 743 57
57 172 184 183 191 56 58
58 173 184 172 57 741 59
59 173 185 184 145 58 60
60 174 185 173 59 740 61
61 174 186 185 143 60 62
62 175 186 174 61 736 63
63 175 187 186 64 62 1
64 187 188 186 144 63 65
65 824 188 187 64 735 66
66 824 838 188 130 65 762
67 1244 1258 361 762 68 762
68 1244 361 349 301 69 67
69 1230 1244 349 68 70 762
70 345 1230 349 69 618 71
71 342 1230 345 70 621 72
72 1216 1230 342 71 73 762
73 1202 1216 342 72 74 762
74 1202 342 338 621 75 73
75 333 1202 338 74 623 76
76 333 1188 1202 762 75 77
77 1188 333 329 625 78 76
78 1174 1188 329 77 79 762
79 1160 1174 329 78 80 762
80 1160 329 323 627 81 79
81 1160 323 318 628 82 80
82 1146 1160 318 81 83 762
83 1132 1146 318 82 84 762
84 1132 318 313 630 85 83
85 1118 1132 313 84 86 762
86 1118 313 306 633 87 85
87 1104 1118 306 86 88 762
88 1104 306 302 635 89 87
89 1090 1104 302 88 90 762
90 1090 302 296 636 91 89
91 293 1090 296 90 639 92
92 293 1076 1090 762 91 93
93 286 1076 293 92 641 94
94 286 1062 1076 762 93 95
95 280 1062 286 94 642 96
96 280 1048 1062 762 95 97
97 274 1048 280 96 645 98
98 274 1034 1048 762 97 99
99 265 1034 274 98 646 100
100 265 1020 1034 762 99 101
101 258 1020 265 100 228 102
102 258 1006 1020 762 101 103
103 253 1006 258 102 212 104
104 253 992 1006 762 103 105
105 247 992 253 104 214 106
106 247 978 992 762 105 107
107 978 247 241 215 108 106
108 964 978 241 107 109 762
109 964 241 235 218 110 108
110 950 964 235 109 111 762
111 936 950 235 110 112 762
112 227 936 235 111 219 113
113 922 936 227 112 114 762
114 221 922 227 113 160 115
115 922 221 216 158 116 114
116 908 922 216 115 117 762
117 908 216 211 157 118 116
118 894 908 211 117 119 762
119 894 211 880 120 762 118
120 211 207 880 124 119 121
121 207 211 212 157 122 120
122 207 212 208 154 123 121
123 207 208 203 136 124 122
124 880 207 203 123 125 120
125 880 203 866 126 762 124
126 866 203 198 135 127 125
127 866 198 852 128 762 126
128 852 198 193 133 129 127
129 852 193 838 130 762 128
130 838 193 188 131 66 129
131 193 189 188 144 130 132
132 193 195 189 141 131 133
133 198 195 193 132 128 134
134 198 201 195 139 133 135
135 203 201 198 134 126 136
136 203 208 201 137 135 123
137 201 208 205 153 138 136
138 201 205 197 149 139 137
139 201 197 195 140 134 138
140 195 197 190 147 141 139
141 195 190 189 142 132 140
142 189 190 185 145 143 141
143 186 189 185 142 61 144
144 188 189 186 143 64 131
145 185 190 184 146 59 142
146 190 191 184 191 145 147
147 197 191 190 146 140 148
148 197 199 191 189 147 149
149 205 199 197 148 138 150
150 205 209 199 187 149 151
151 205 217 209 185 150 152
152 205 215 217 165 151 153
153 208 215 205 152 137 154
154 208 212 215 155 153 122
155 212 220 215 164 154 156
156 212 216 220 158 155 157
157 211 216 212 156 121 117
158 216 221 220 159 156 115
159 221 224 220 163 158 160
160 227 224 221 159 114 161
161 224 227 233 219 162 160
162 224 233 223 221 163 161
163 224 223 220 164 159 162
164 220 223 215 165 155 163
165 215 223 217 166 152 164
166 217 223 225 226 167 165
167 225 222 217 184 166 168
168 225 231 222 181 167 169
169 232 231 225 168 226 170
170 232 237 231 178 169 171
171 239 237 232 170 223 172
172 239 245 237 177 171 173
173 246 245 239 172 225 174
174 245 246 250 227 175 173
175 245 250 251 207 176 174
176 243 245 251 175 734 177
177 245 243 237 178 172 176
178 237 243 231 179 170 177
179 231 243 242 734 180 178
180 231 242 230 202 181 179
181 230 222 231 168 180 182
182 222 230 219 200 183 181
183 222 219 213 197 184 182
184 217 222 213 183 185 167
185 209 217 213 184 186 151
186 209 213 202 196 187 185
187 202 199 209 150 186 188
188 199 202 192 194 189 187
189 199 192 191 190 148 188
190 191 192 183 192 191 189
191 184 191 183 190 57 146
192 183 192 182 193 55 190
193 192 194 182 254 192 194
194 202 194 192 193 188 195
195 202 206 194 252 194 196
196 213 206 202 195 186 197
197 213 219 206 198 196 183
198 219 210 206 251 197 199
199 219 226 210 248 198 200
200 230 226 219 199 182 201
201 230 238 226 246 200 202
202 238 230 242 180 203 201
203 242 254 238 240 202 204
204 242 255 254 238 203 205
205 251 255 242 204 734 206
206 251 259 255 236 205 207
207 250 259 251 206 175 208
208 250 256 259 233 207 209
209 252 256 250 208 227 210
210 252 257 256 231 209 211
211 252 258 257 228 210 212
212 252 253 258 103 211 213
213 246 253 252 212 227 214
214 246 247 253 105 213 215
215 247 246 241 216 107 214
216 241 246 240 225 217 215
217 241 240 233 220 218 216
218 235 241 233 217 219 109
219 227 235 233 218 161 112
220 233 240 234 224 221 217
221 233 234 223 222 162 220
222 234 232 223 226 221 223
223 234 239 232 171 222 224
224 234 240 239 225 223 220
225 240 246 239 173 224 216
226 223 232 225 169 166 222
227 246 252 250 209 174 213
228 257 258 265 101 229 211
229 257 265 264 647 230 228
230 257 264 262 648 231 229
231 257 262 256 232 210 230
232 256 262 266 687 233 231
233 256 266 259 234 208 232
234 259 266 275 688 235 233
235 261 259 275 234 721 236
236 259 261 255 237 206 235
237 255 261 263 722 238 236
238 255 263 254 239 204 237
239 254 263 260 725 240 238
240 238 254 260 239 241 203
241 260 249 238 245 240 242
242 249 260 267 726 243 241
243 249 267 248 268 244 242
244 236 249 248 243 265 245
245 238 249 236 244 246 241
246 236 226 238 201 245 247
247 226 236 218 264 248 246
248 226 218 210 249 199 247
249 210 218 200 262 250 248
250 210 200 196 259 251 249
251 206 210 196 250 252 198
252 206 196 194 253 195 251
253 194 196 181 258 254 252
254 194 181 182 255 193 253
255 182 181 165 256 53 254
256 181 162 165 319 255 257
257 181 180 162 317 256 258
258 196 180 181 257 253 259
259 196 200 180 260 258 250
260 200 179 180 316 259 261
261 200 204 179 314 260 262
262 218 204 200 261 249 263
263 218 228 204 312 262 264
264 236 228 218 263 247 265
265 236 248 228 266 264 244
266 248 244 228 311 265 267
267 248 269 244 308 266 268
268 248 267 269 269 267 243
269 267 288 269 277 268 270
270 299 288 267 269 727 271
271 299 317 288 276 270 272
272 321 317 299 271 729 273
273 317 321 340 732 274 272
274 317 340 336 283 275 273
275 317 336 311 280 276 274
276 317 311 288 277 271 275
277 288 311 269 278 269 276
278 311 294 269 307 277 279
279 311 332 294 305 278 280
280 311 336 332 281 279 275
281 336 354 332 303 280 282
282 336 355 354 762 281 283
283 336 340 355 284 282 274
284 340 343 355 302 283 285
285 330 343 340 284 732 286
286 330 334 343 291 285 287
287 316 334 330 286 731 288
288 324 334 316 287 698 289
289 334 324 337 704 290 288
290 334 337 344 713 291 289
291 334 344 343 292 286 290
292 344 356 343 302 291 293
293 344 357 356 762 292 294
294 346 357 344 293 713 295
295 346 358 357 762 294 296
296 347 358 346 295 711 297
297 347 359 358 762 296 298
298 348 359 347 297 710 299
299 348 360 359 762 298 300
300 349 360 348 299 618 301
301 349 361 360 762 300 68
302 343 356 355 762 284 292
303 332 354 353 762 304 281
304 332 353 326 531 305 303
305 332 326 294 306 279 304
306 294 326 270 533 307 305
307 269 294 270 306 308 278
308 244 269 270 307 309 267
309 244 270 229 535 310 308
310 244 229 214 463 311 309
311 228 244 214 310 312 266
312 228 214 204 313 263 311
313 204 214 178 462 314 312
314 204 178 179 315 261 313
315 157 179 178 314 461 316
316 180 179 157 315 317 260
317 180 157 162 318 257 316
318 162 157 144 329 319 317
319 165 162 144 318 320 256
320 148 165 144 319 321 52
321 148 144 133 327 322 320
322 150 148 133 321 323 51
323 150 133 137 324 48 322
324 137 133 124 325 46 323
325 133 118 124 338 324 326
326 133 125 118 335 325 327
327 144 125 133 326 321 328
328 144 136 125 333 327 329
329 157 136 144 328 318 330
330 136 157 152 461 331 329
331 136 152 123 458 332 330
332 136 123 112 455 333 331
333 136 112 125 334 328 332
334 125 112 110 592 335 333
335 125 110 118 336 326 334
336 118 110 105 594 337 335
337 118 105 117 359 338 336
338 124 118 117 337 339 325
339 129 124 117 338 340 45
340 129 117 119 358 341 339
341 129 119 128 342 43 340
342 128 119 120 356 343 341
343 128 120 127 353 344 342
344 131 128 127 343 345 42
345 131 127 130 346 39 344
346 130 127 126 352 347 345
347 670 130 126 346 348 37
348 670 126 656 350 762 347
349 656 122 642 371 762 350
350 126 122 656 349 348 351
351 126 121 122 370 350 352
352 127 121 126 351 346 353
353 127 120 121 354 352 343
354 120 114 121 368 353 355
355 120 113 114 366 354 356
356 119 113 120 355 342 357
357 119 111 113 364 356 358
358 119 117 111 359 357 340
359 117 105 111 360 358 337
360 111 105 98 595 361 359
361 99 111 98 360 598 362
362 104 111 99 361 382 363
363 106 111 104 362 381 364
364 113 111 106 363 365 357
365 113 106 107 380 366 364
366 114 113 107 365 367 355
367 114 107 115 377 368 366
368 121 114 115 367 369 354
369 116 121 115 368 376 370
370 122 121 116 369 371 351
371 122 116 642 372 349 370
372 642 116 628 374 762 371
373 628 109 614 394 762 374
374 116 109 628 373 372 375
375 116 108 109 392 374 376
376 115 108 116 375 369 377
377 115 107 108 378 376 367
378 107 101 108 391 377 379
379 107 100 101 389 378 380
380 106 100 107 379 365 381
381 106 104 100 382 380 363
382 100 104 99 362 383 381
383 100 99 88 599 384 382
384 88 91 100 389 383 385
385 91 88 87 418 386 384
386 84 91 87 385 416 387
387 97 91 84 386 615 388
388 101 91 97 387 390 389
389 100 91 101 388 379 384
390 101 97 102 400 391 388
391 108 101 102 390 392 378
392 108 102 109 393 375 391
393 109 102 103 398 394 392
394 109 103 614 395 373 393
395 614 103 600 397 762 394
396 600 96 586 404 762 397
397 103 96 600 396 395 398
398 103 102 96 399 397 393
399 102 95 96 402 398 400
400 102 97 95 401 399 390
401 95 97 85 615 402 400
402 95 85 96 403 399 401
403 96 85 86 617 404 402
404 96 86 586 405 396 403
405 586 86 572 406 762 404
406 572 86 558 407 762 405
407 558 86 80 617 408 406
408 558 80 544 410 762 407
409 544 74 530 427 762 410
410 544 80 74 411 409 408
411 80 73 74 425 410 412
412 79 73 80 411 616 413
413 79 81 73 423 412 414
414 85 81 79 413 616 415
415 84 81 85 414 615 416
416 84 87 81 417 415 386
417 87 83 81 422 416 418
418 87 88 83 419 417 385
419 83 88 82 599 420 418
420 76 83 82 419 601 421
421 83 76 75 604 422 420
422 81 83 75 421 423 417
423 81 75 73 424 413 422
424 73 75 67 605 425 423
425 73 67 74 426 411 424
426 74 67 68 429 427 425
427 530 74 68 426 428 409
428 68 63 530 434 427 429
429 68 67 63 430 428 426
430 63 67 64 610 431 429
431 63 64 57 438 432 430
432 502 63 57 431 435 433
433 516 63 502 432 762 434
434 530 63 516 433 762 428
435 502 57 488 436 762 432
436 57 49 488 497 435 437
437 57 56 49 489 436 438
438 64 56 57 437 431 439
439 64 58 56 487 438 440
440 62 58 64 439 610 441
441 62 55 58 485 440 442
442 61 55 62 441 607 443
443 61 47 55 484 442 444
444 61 59 47 481 443 445
445 71 59 61 444 609 446
446 59 71 65 611 447 445
447 65 45 59 481 446 448
448 65 52 45 477 447 449
449 65 60 52 475 448 450
450 77 60 65 449 612 451
451 77 72 60 473 450 452
452 90 72 77 451 614 453
453 90 92 72 471 452 454
454 112 92 90 453 592 455
455 112 123 92 456 454 332
456 123 93 92 470 455 457
457 123 135 93 467 456 458
458 152 135 123 457 331 459
459 152 177 135 465 458 460
460 152 178 177 462 459 461
461 152 157 178 315 460 330
462 178 214 177 463 460 313
463 214 229 177 464 462 310
464 176 177 229 463 536 465
465 177 176 135 466 459 464
466 135 176 94 528 467 465
467 135 94 93 468 457 466
468 93 94 54 527 469 467
469 93 54 66 524 470 468
470 92 93 66 469 471 456
471 92 66 72 472 453 470
472 72 66 53 523 473 471
473 72 53 60 474 451 472
474 60 53 41 521 475 473
475 60 41 52 476 449 474
476 52 41 36 519 477 475
477 52 36 45 478 448 476
478 45 36 32 517 479 477
479 45 32 39 514 480 478
480 45 39 47 482 481 479
481 59 45 47 480 444 447
482 47 39 43 512 483 480
483 48 47 43 482 508 484
484 55 47 48 483 485 443
485 55 48 58 486 441 484
486 58 48 51 509 487 485
487 58 51 56 488 439 486
488 56 51 50 510 489 487
489 49 56 50 488 490 437
490 50 44 49 495 489 491
491 44 50 42 510 492 490
492 44 42 38 506 493 491
493 44 38 40 590 494 492
494 46 44 40 493 499 495
495 49 44 46 494 496 490
496 49 46 474 498 497 495
497 488 49 474 496 762 436
498 474 46 460 499 762 496
499 46 40 460 500 498 494
500 460 40 446 591 762 499
501 446 29 432 561 762 502
502 33 29 446 501 591 503
503 33 31 29 559 502 504
504 38 31 33 503 590 505
505 38 35 31 556 504 506
506 42 35 38 505 492 507
507 42 43 35 511 506 508
508 48 43 42 507 509 483
509 51 48 42 508 510 486
510 50 51 42 509 491 488
511 43 34 35 554 507 512
512 43 39 34 513 511 482
513 39 28 34 553 512 514
514 39 32 28 515 513 479
515 32 19 28 551 514 516
516 32 21 19 548 515 517
517 36 21 32 516 478 518
518 36 23 21 546 517 519
519 41 23 36 518 476 520
520 41 30 23 544 519 521
521 53 30 41 520 474 522
522 53 37 30 542 521 523
523 66 37 53 522 472 524
524 66 54 37 525 523 469
525 54 2 37 541 524 526
526 54 1 2 762 525 527
527 54 94 1 528 526 468
528 176 1 94 527 466 529
529 176 0 1 762 528 530
530 350 0 176 529 537 762
531 326 353 352 762 532 304
532 312 326 352 531 540 533
533 326 312 270 534 306 532
534 270 312 271 538 535 533
535 229 270 271 534 536 309
536 229 271 176 537 464 535
537 271 350 176 530 536 538
538 271 312 350 539 537 534
539 312 351 350 762 538 540
540 312 352 351 762 539 532
541 37 2 3 762 542 525
542 37 3 30 543 522 541
543 30 3 4 762 544 542
544 30 4 23 545 520 543
545 23 4 5 762 546 544
546 23 5 21 547 518 545
547 21 5 6 762 548 546
548 21 6 19 549 516 547
549 19 6 7 762 550 548
550 19 7 18 589 551 549
551 28 19 18 550 552 515
552 28 18 27 573 553 551
553 34 28 27 552 554 513
554 34 27 35 555 511 553
555 35 27 26 571 556 554
556 35 26 31 557 505 555
557 31 26 20 570 558 556
558 31 20 25 566 559 557
559 29 31 25 558 560 503
560 29 25 24 565 561 559
561 29 24 432 562 501 560
562 432 24 418 563 762 561
563 418 24 404 564 762 562
564 24 22 404 583 563 565
565 25 22 24 564 560 566
566 25 20 22 567 565 558
567 20 17 22 583 566 568
568 20 14 17 580 567 569
569 20 15 14 577 568 570
570 20 26 15 571 569 557
571 26 27 15 572 570 555
572 27 16 15 575 571 573
573 27 18 16 574 572 552
574 16 18 9 588 575 573
575 16 9 15 576 572 574
576 15 9 10 762 577 575
577 15 10 14 578 569 576
578 14 10 11 762 579 577
579 14 11 13 586 580 578
580 14 13 17 581 568 579
581 17 13 390 584 582 580
582 404 17 390 581 762 583
583 22 17 404 582 564 567
584 390 13 376 585 762 581
585 13 12 376 587 584 586
586 13 11 12 762 585 579
587 376 12 362 762 762 585
588 9 18 8 589 762 574
589 18 7 8 762 588 550
590 40 38 33 504 591 493
591 40 33 446 502 500 590
592 110 112 90 454 593 334
593 110 90 89 614 594 592
594 105 110 89 593 595 336
595 98 105 89 594 596 360
596 78 98 89 595 613 597
597 98 78 82 600 598 596
598 82 99 98 361 597 599
599 88 99 82 598 419 383
600 82 78 71 611 601 597
601 76 82 71 600 602 420
602 70 76 71 601 609 603
603 76 70 69 608 604 602
604 75 76 69 603 605 421
605 75 69 67 606 424 604
606 69 62 67 610 605 607
607 62 69 61 608 442 606
608 69 70 61 609 607 603
609 70 71 61 445 608 602
610 67 62 64 440 430 606
611 71 78 65 612 446 600
612 78 77 65 450 611 613
613 89 77 78 612 596 614
614 89 90 77 452 613 593
615 97 84 85 415 401 387
616 85 79 80 412 617 414
617 86 85 80 616 407 403
618 345 349 348 300 619 70
619 341 345 348 618 709 620
620 338 345 341 619 622 621
621 342 345 338 620 74 71
622 338 341 335 708 623 620
623 333 338 335 622 624 75
624 333 335 327 714 625 623
625 329 333 327 624 626 77
626 322 329 327 625 667 627
627 323 329 322 626 628 80
628 318 323 322 627 629 81
629 318 322 320 666 630 628
630 313 318 320 629 631 84
631 313 320 314 665 632 630
632 313 314 308 662 633 631
633 306 313 308 632 634 86
634 306 308 301 660 635 633
635 302 306 301 634 636 88
636 296 302 301 635 637 90
637 296 301 295 659 638 636
638 292 296 295 637 657 639
639 292 293 296 91 638 640
640 285 293 292 639 654 641
641 285 286 293 93 640 642
642 280 286 285 641 643 95
643 280 285 279 652 644 642
644 280 279 273 651 645 643
645 274 280 273 644 646 97
646 265 274 273 645 647 99
647 265 273 264 648 229 646
648 264 273 262 649 230 647
649 273 272 262 686 648 650
650 273 278 272 685 649 651
651 273 279 278 652 650 644
652 279 285 278 653 651 643
653 285 284 278 683 652 654
654 285 292 284 655 653 640
655 292 291 284 681 654 656
656 292 297 291 679 655 657
657 292 295 297 658 656 638
658 295 304 297 676 657 659
659 295 301 304 660 658 637
660 301 308 304 661 659 634
661 308 309 304 674 660 662
662 308 314 309 663 661 632
663 314 319 309 673 662 664
664 314 325 319 670 663 665
665 314 320 325 666 664 631
666 320 322 325 667 665 629
667 322 327 325 668 666 626
668 325 327 331 714 669 667
669 328 325 331 668 705 670
670 319 325 328 669 671 664
671 319 328 315 703 672 670
672 307 319 315 671 700 673
673 309 319 307 672 674 663
674 304 309 307 673 675 661
675 304 307 303 701 676 674
676 297 304 303 675 677 658
677 297 303 298 702 678 676
678 297 298 289 694 679 677
679 291 297 289 678 680 656
680 291 289 283 692 681 679
681 284 291 283 680 682 655
682 284 283 277 690 683 681
683 278 284 277 682 684 653
684 278 277 268 689 685 683
685 272 278 268 684 686 650
686 262 272 268 685 687 649
687 262 268 266 688 232 686
688 266 268 275 689 234 687
689 268 277 275 690 688 684
690 277 283 275 691 689 682
691 283 282 275 720 690 692
692 283 289 282 693 691 680
693 289 290 282 719 692 694
694 289 298 290 695 693 678
695 298 300 290 717 694 696
696 300 298 310 702 697 695
697 310 316 300 715 696 698
698 316 310 324 699 288 697
699 310 315 324 703 698 700
700 307 315 310 699 701 672
701 303 307 310 700 702 675
702 298 303 310 701 696 677
703 315 328 324 704 699 671
704 324 328 337 705 289 703
705 328 331 337 706 704 669
706 331 339 337 712 705 707
707 335 339 331 706 714 708
708 335 341 339 709 707 622
709 341 348 339 710 708 619
710 339 348 347 298 711 709
711 339 347 346 296 712 710
712 337 339 346 711 713 706
713 337 346 344 294 290 712
714 327 335 331 707 668 624
715 300 316 305 730 716 697
716 300 305 287 733 717 715
717 290 300 287 716 718 695
718 290 287 276 723 719 717
719 282 290 276 718 720 693
720 275 282 276 719 721 691
721 261 275 276 720 722 235
722 261 276 263 723 237 721
723 263 276 287 718 724 722
724 281 263 287 723 733 725
725 260 263 281 724 726 239
726 260 281 267 727 242 725
727 281 299 267 270 726 728
728 305 299 281 727 733 729
729 305 321 299 272 728 730
730 305 316 321 731 729 715
731 321 316 330 287 732 730
732 321 330 340 285 273 731
733 287 305 281 728 724 716
734 243 251 242 205 179 176
735 824 187 810 0 762 65
736 171 175 174 62 737 3
737 168 171 174 736 738 9
738 168 174 166 740 739 737
739 161 168 166 738 24 10
740 174 173 166 741 738 60
741 166 173 172 58 742 740
742 163 166 172 741 743 25
743 163 172 170 56 744 742
744 158 163 170 743 759 745
745 163 158 151 755 746 744
746 156 163 151 745 747 26
747 149 156 151 746 748 28
748 145 149 151 747 753 749
749 149 145 142 750 31 748
750 142 145 139 752 751 749
751 142 139 138 40 34 750
752 145 140 139 758 750 753
753 145 151 140 754 752 748
754 151 143 140 756 753 755
755 151 158 143 49 754 745
756 140 143 134 47 757 754
757 132 140 134 756 44 758
758 139 140 132 757 41 752
759 158 170 167 54 50 744
760 160 161 154 21 761 11
761 740 160 154 760 14 12
