Barrel : [layer]
0 138.75 194.25 -0.0007045 -1.79445 0.01964 -4.617 0.00159 -0 -0.002775 0.848
1 120.25 166.5 6.195e-05 -1.75475 0.01238 -3.236 0.0009009 -0 -0 0.15
2 74 157.25 0.0002554 -1.69475 0.007269 -2.214 0.0005469 -0 -0 0.086
3 55.5 120.25 0.00066396 -1.61705 0.005437 -1.882 0.0003576 -0 1.965e-05 0.0406
4 27.75 111 0.0008216 -1.41275 0.003552 -1.489 0.0001622 -0 1.802e-05 0.016
5 37 55.5 0.0003396 -0.959725 0.001336 -0.996 5.405e-05 -0 1.201e-05 0.00233
6 222 222 0.0001935 -0.76396 -0 -0.721 -0 -0 -0 -0
7 222 222 2.405e-05 -0.70834 -0 -0.703 -0 -0 -0 -0
8 222 222 -6.441e-06 -0.70857 -0 -0.71 -0 -0 -0 -0
9 222 222 -4.173e-05 -0.699735 -0 -0.709 -0 -0 -0 -0
10 222 222 9.91e-06 -0.6922 -0 -0.69 -0 -0 -0 -0
11 222 222 -1.831e-05 -0.702935 -0 -0.707 -0 -0 -0 -0
12 222 222 2.869e-05 -0.71937 -0 -0.713 -0 -0 -0 -0
13 222 222 0.00012889 -0.772615 -0 -0.744 -0 -0 -0 -0
14 185 222 0.00016854 -0.91627 0.0072997 -2.2355 -0 -0 -0 -0
Endcap : [gap or iron][layer][0 .. 4]
0 0 0 333.5 333.5 0 0 0 0
0 0 1 333.5 333 0 0 0 0
0 0 2 333.5 333.5 0 0 0 0
0 0 3 333.5 333.5 0 0 0 0
0 0 4 333.5 333.5 0 0 0 0
0 1 0 129.3 129.3 0.00638604 -0.571895 -0.036579 4.73412
0 1 1 164.1 151.1 0.000168965 0.231262 -7.88919e-05 0.0146506
0 1 2 211.9 190.2 -0.00580084 1.21162 0.00116701 -0.173605
0 1 3 224.9 229.3 -0.00440153 0.915104 -0.00115754 0.268525
0 1 4 316.1 316.1 6.29388e-05 -0.0889549 -3.96508e-05 0.0121919
0 2 0 129.3 129.3 0.00939069 -1.08061 -0.0316558 4.09776
0 2 1 159.8 151.1 0.000338362 0.0898597 2.18733e-09 0.00466967
0 2 2 181.5 190.2 -0.00186498 0.441953 0.000409207 -0.0571612
0 2 3 220.6 233.6 -0.00325882 0.694936 -0.000437327 0.10385
0 2 4 316.1 316.1 -0.00011623 0.00168036 -1.77454e-05 0.00583532
0 3 0 129.3 129.3 0.00482093 -0.558736 -0.0177814 2.30735
0 3 1 155.4 142.4 0.000247509 0.032607 -0.000260298 0.0418765
0 3 2 177.1 181.5 -0.000885715 0.20871 6.64962e-05 -0.00465906
0 3 3 216.2 233.6 -0.00150153 0.317772 -0.00012444 0.0299958
0 3 4 316.1 316.1 -7.46747e-05 0.00928468 -7.82788e-06 0.00275529
0 4 0 133.7 129.3 0.000171264 0.00821195 -0.0124721 1.62279
0 4 1 146.7 151.1 -0.000122308 0.0474625 -0.000287613 0.0473383
0 4 2 203.2 190.2 -0.000505044 0.10361 -4.98721e-05 0.0114157
0 4 3 220.6 233.6 -0.000168678 0.0352604 -3.18111e-05 0.00798046
0 4 4 316.1 316.1 -2.23037e-05 0.00297019 -3.2545e-06 0.00130966
0 5 0 138 129.3 -0.000432308 0.0701185 -0.00858371 1.11915
0 5 1 151.1 138 -0.000324427 0.055231 -0.000485059 0.0719982
0 5 2 164.1 151.1 -0.000336154 0.0570029 -0.000207633 0.0337134
0 5 3 194.5 194.5 -6.82698e-05 0.0130431 -3.49789e-05 0.00762531
0 5 4 316.1 316.1 -9.16612e-06 0.00154741 1.18618e-05 -0.00178953
0 6 0 129.3 129.3 -0.00147209 0.196511 -0.00530465 0.693871
0 6 1 138 138 -0.000374713 0.0546203 -0.000477013 0.0696578
0 6 2 151.1 151.1 -0.000165481 0.0257464 -0.000177099 0.0282697
0 6 3 194.5 194.5 -3.22558e-05 0.00561605 -1.98772e-05 0.00451344
0 6 4 316.1 316.1 -4.4597e-06 0.000209712 3.70066e-06 -0.000245378
0 7 0 129.3 129.3 -0.0002 0.02863 -0.0037186 0.487515
0 7 1 137.8 137.8 -0.00021733 0.0308707 -0.000430587 0.0623749
0 7 2 151.1 150.6 -8.61172e-05 0.0127897 -0.000146094 0.0231717
0 7 3 194.5 194.5 -1.05467e-05 0.00140873 -1.67033e-05 0.00362248
0 7 4 316.1 316.1 -1.60033e-06 -0.000331336 -1.66447e-06 0.00077884
0 8 0 129.3 129.3 -0.00146977 0.192331 -0.00262791 0.345028
0 8 1 138 138 -0.000218759 0.0305755 -0.000324139 0.0471512
0 8 2 151.1 151.1 -5.05955e-05 0.00736898 -0.000106107 0.0170627
0 8 3 194.5 194.5 -7.2235e-06 0.000815471 -1.257e-05 0.00331008
0 8 4 316.1 316.1 -1.75164e-06 -0.000248805 2.18832e-06 -5.05291e-05
0 9 0 129.3 129.3 -0.00136744 0.17846 -0.00199302 0.262588
0 9 1 138 138 -0.000176149 0.0244261 -0.000320688 0.046355
0 9 2 151.1 151.1 -3.15114e-05 0.00446608 -8.79389e-05 0.0142356
0 9 3 194.5 194.5 -4.78571e-06 0.000427822 -1.03455e-05 0.0025112
0 9 4 316.1 316.1 -1.7648e-06 -0.000159746 1.37089e-06 0.000142362
0 10 0 129.3 129.3 -0.00142758 0.185278 -0.00155814 0.205607
0 10 1 138 138 -8.66324e-05 0.011893 -0.000265517 0.0384713
0 10 2 151.1 151.1 -1.87939e-05 0.00253125 -7.16412e-05 0.0117165
0 10 3 194.5 194.5 -3.03917e-06 0.000150719 -1.10392e-05 0.00255952
0 10 4 316.1 316.1 -5.50987e-07 -0.000333233 -1.38816e-06 0.000682397
0 11 0 129.3 129.3 -0.000910534 0.118487 -0.00133953 0.176752
0 11 1 138 138 -9.52187e-05 0.0130665 -0.000217242 0.0316394
0 11 2 151.1 151.1 -1.51603e-05 0.00201843 -6.17176e-05 0.010177
0 11 3 194.5 194.5 -2.79954e-06 0.000150711 -9.38772e-06 0.00226998
0 11 4 316.1 316.1 -7.94407e-07 -0.000239288 1.50905e-06 6.88905e-05
0 12 0 129.3 129.3 -0.000724092 0.0941916 -0.00115349 0.152586
0 12 1 138 138 -7.55631e-05 0.0103367 -0.000217241 0.0315293
0 12 2 151.1 151.1 -1.03053e-05 0.00133114 -5.56489e-05 0.00922955
0 12 3 194.5 194.5 -2.07604e-06 8.7689e-05 -8.44529e-06 0.00209708
0 12 4 316.1 316.1 -8.19079e-07 -0.000156789 1.14309e-06 0.000158669
0 13 0 129.3 129.3 -0.000596046 0.0771858 -0.00101163 0.133943
0 13 1 138 138 -2.3632e-05 0.00317261 -0.000191954 0.0279596
0 13 2 151.1 151.1 -5.03816e-06 0.000606666 -5.12366e-05 0.00854065
0 13 3 194.5 194.5 -1.45161e-06 6.47387e-05 -9.30875e-06 0.00220535
0 13 4 316.1 316.1 -5.33717e-07 -0.000113792 -1.28043e-06 0.000643843
0 14 0 129.3 129.3 -0.000193488 0.025986 -0.00130232 0.171331
0 14 1 138 138 -5.06322e-05 0.00751475 -0.000183908 0.0267193
0 14 2 151.1 151.1 -1.6771e-05 0.00284189 -4.35037e-05 0.00734351
0 14 3 194.5 194.5 -4.17512e-06 0.00093866 -8.83872e-06 0.00210563
0 14 4 316.1 316.1 -2.17277e-06 0.00054919 -1.26809e-06 0.000633144
1 0 0 133.6 172.5 -0.0989048 13.5555 0.0284097 -2.84957
1 0 1 159.5 220 0.00142935 0.150858 0.000469473 1.97012
1 0 2 202.7 271.8 -0.00822986 1.6915 -0.0388147 10.6126
1 0 3 250.2 293.4 -0.003608 0.754652 -0.0214569 5.89479
1 0 4 329.2 333.5 0.000638481 -0.307818 -0.0340756 9.5971
1 1 0 129.3 129.3 -0.192507 25.1399 0.0486046 -4.94078
1 1 1 164.1 190.2 -0.00141178 0.431262 0.0118062 -0.182747
1 1 2 211.9 229.3 -0.00442615 0.925922 -0.00993606 3.95264
1 1 3 324.8 281.4 -0.00038326 0.0692328 -0.0136173 4.79674
1 1 4 333.5 333.5 -0.136764 44.3658 -0.00985451 3.7379
1 2 0 129.3 129.3 -0.159767 20.755 0.0284884 -2.03045
1 2 1 164.1 155.4 0.000184493 0.0732046 0.00308429 1.2543
1 2 2 224.9 177.1 -0.00203174 0.436889 0.00440553 1.04898
1 2 3 324.8 198.8 -8.21822e-05 -0.00156722 -0.000497695 1.91734
1 2 4 333.5 333.5 -0.124993 40.5694 -0.00874484 3.55687
1 3 0 129.3 129.3 -0.119042 15.4357 0.0078372 0.77995
1 3 1 159.8 146.7 9.9346e-05 0.0307245 -0.00445978 2.36995
1 3 2 194.5 177.1 -0.000966859 0.201104 -0.00125 1.89907
1 3 3 324.8 198.8 -0.00018043 0.0481436 -0.00318895 2.24246
1 3 4 333.5 333.5 -0.113357 36.808 -0.00669748 2.93996
1 4 0 129.3 146.7 -0.100709 13.0387 -0.00635484 2.60515
1 4 1 159.8 181.5 -9.70539e-05 0.0295092 -0.00579885 2.52359
1 4 2 194.5 207.5 -0.000342363 0.0687096 -0.00625385 2.60617
1 4 3 324.8 255.3 -5.15733e-05 0.012151 -0.0054205 2.43325
1 4 4 333.5 333.5 -0.0967539 31.4211 -0.00417084 2.11422
1 5 0 129.3 146.7 -0.0768534 9.95752 -0.00929032 2.97009
1 5 1 159.8 181.5 -0.000599007 0.0978214 -0.00817242 2.80609
1 5 2 194.5 207.5 -6.65217e-05 0.0127302 -0.00623461 2.45438
1 5 3 324.8 255.3 -2.86393e-05 0.00536204 -0.00457134 2.10925
1 5 4 333.5 333.5 -0.0733102 23.8072 -0.00345218 1.82353
1 6 0 129.3 146.3 -0.053579 6.93004 -0.0108169 3.14921
1 6 1 159.1 180.4 -8.29076e-05 0.0129897 -0.00854838 2.81733
1 6 2 193.2 205.9 -1.18299e-05 0.00168124 -0.00618824 2.39156
1 6 3 324.8 252.8 -5.89438e-06 0.000534494 -0.00442708 2.02894
1 6 4 333.5 333.5 -0.00595516 1.93286 -0.00285167 1.63067
1 7 0 129.3 146.7 -0.0485069 6.27386 -0.0110876 3.16054
1 7 1 159.8 181.5 -7.32105e-05 0.0113761 -0.0083908 2.76493
1 7 2 194.5 207.5 -6.71182e-06 0.000749648 -0.00604616 2.33938
1 7 3 324.8 255.3 -2.26723e-05 0.00385396 -0.0042705 1.97093
1 7 4 333.5 333.5 -0.0603022 19.5826 -0.00273823 1.57974
1 8 0 129.3 146.7 -0.0520651 6.73841 -0.0112304 3.1579
1 8 1 159.8 181.5 -0.000221668 0.0350521 -0.00830172 2.72826
1 8 2 194.5 207.5 -4.52739e-06 0.000352978 -0.00591154 2.29444
1 8 3 324.8 255.3 -1.64421e-05 0.00267038 -0.0042 1.9393
1 8 4 333.5 333.5 -0.0623344 20.2435 -0.00352251 1.76634
1 9 0 129.3 146.7 -0.0449785 5.81521 -0.0112581 3.14406
1 9 1 159.8 181.5 4.42742e-06 -0.0010802 -0.0082069 2.69645
1 9 2 194.5 207.5 -2.68588e-06 5.65033e-05 -0.00583462 2.26588
1 9 3 324.8 255.3 -2.09831e-05 0.00361532 -0.0041408 1.91442
1 9 4 333.5 333.5 -0.0528298 17.1559 -0.00339374 1.72369
1 10 0 129.3 146.7 -0.037407 4.8357 -0.0112581 3.12876
1 10 1 159.8 181.5 2.22148e-05 -0.00389242 -0.00812644 2.66935
1 10 2 194.5 207.5 -2.03747e-06 -1.69124e-05 -0.00577692 2.24291
1 10 3 324.8 255.3 -1.74735e-05 0.0029854 -0.00409854 1.89465
1 10 4 333.5 333.5 -0.0460206 14.9448 -0.00344795 1.72855
1 11 0 129.3 146.7 -0.0289558 3.74759 -0.0111106 3.09473
1 11 1 159.8 181.5 -0.000127506 0.0200964 -0.00806034 2.64725
1 11 2 194.5 207.5 -1.92795e-06 2.89857e-05 -0.00573077 2.22444
1 11 3 324.8 255.3 -1.33078e-05 0.00224236 -0.00406924 1.87967
1 11 4 333.5 333.5 -0.0355459 11.5432 -0.00349258 1.73245
1 12 0 129.3 146.7 -0.0273188 3.53242 -0.011318 3.11575
1 12 1 159.8 181.5 -1.00978e-05 0.00139453 -0.00801437 2.63111
1 12 2 194.5 207.5 -1.29395e-06 -1.23268e-05 -0.0057 2.21105
1 12 3 324.8 255.3 -1.58557e-05 0.00281994 -0.00404121 1.86685
1 12 4 333.5 333.5 -0.0263321 8.55035 -0.00340435 1.70426
1 13 0 129.3 146.7 -0.00814776 1.05369 -0.0115714 3.14633
1 13 1 159.8 181.5 -4.8666e-06 0.000813883 -0.00804023 2.6283
1 13 2 194.5 207.5 -2.35447e-06 0.000412444 -0.00571538 2.20634
1 13 3 324.8 255.3 -1.38488e-05 0.00264809 -0.00404874 1.86051
1 13 4 333.5 333.5 -0.0204184 6.63003 -0.00324284 1.65477
1 14 0 129.3 146.7 -0.0275604 3.57419 -0.0113641 3.09931
1 14 1 159.8 181.5 -0.000198692 0.036311 -0.00810919 2.62182
1 14 2 194.6 207.6 -0.000125595 0.0246301 -0.00584407 2.2107
1 14 3 324.8 255.4 5.56069e-07 8.12549e-05 -0.00421841 1.87321
1 14 4 333.5 333.7 -0.0104404 3.39341 -0.0029927 1.56017
