QC2RE3425 -3.430000 .01 -1.1170357662736e-10 -2.5344517497528e-06 -4.33158099429206e-10 -1.07007203872102e-08 0 -.0007 0
QC2RE3415 -3.420000 .01 -9.49227049296834e-11 -5.30919650855415e-06 -9.0739026662626e-10 -2.24159829929025e-08 0 -.0007 0
QC2RE3405 -3.410000 .01 -7.67678299619954e-11 -5.89404957016862e-06 -1.00734825512701e-09 -2.48852937937692e-08 0 -.0007 0
QC2RE3395 -3.400000 .01 -5.83852041123418e-11 -6.71821752262699e-06 -1.14820754502328e-09 -2.83650170957483e-08 0 -.0007 0
QC2RE3385 -3.390000 .01 -4.13278284083157e-11 -7.74823123356515e-06 -1.32424786145174e-09 -3.27138427211788e-08 0 -.0007 0
QC2RE3375 -3.380000 .01 -2.69481238352642e-11 -8.99703069076868e-06 -1.53768071782199e-09 -3.79864046519941e-08 0 -.0007 0
QC2RE3365 -3.370000 .01 -1.57855870192337e-11 -1.05035978294513e-05 -1.795168490446e-09 -4.43472886961171e-08 0 -.0007 0
QC2RE3355 -3.360000 .01 -7.85617144323189e-12 -1.23253280075727e-05 -2.10652061529048e-09 -5.20388240583195e-08 0 -.0007 0
QC2RE3345 -3.350000 .01 -2.91387744504047e-12 -1.4537993183377e-05 -2.48468728323765e-09 -6.13809278719387e-08 0 -.0007 0
QC2RE3335 -3.340000 .01 -3.07623498138325e-13 -1.72391777811913e-05 -2.94634666991439e-09 -7.2785611783664e-08 0 -.0007 0
QC2RE3325 -3.330000 .01 8.43381983853863e-13 -2.05537394284722e-05 -3.51283822223332e-09 -8.6780037756533e-08 0 -.0007 0
QC2RE3315 -3.320000 .01 1.14965167209263e-12 -2.46408101541371e-05 -4.21135921089908e-09 -1.040360778616e-07 0 -.0007 0
QC2RE3305 -3.310000 .01 8.530281843889e-13 -2.97018438430438e-05 -5.07634011600441e-09 -1.25404291472502e-07 0 -.0007 0
QC2RE3295 -3.300000 .01 1.36914906327225e-13 -3.59884177526984e-05 -6.1507779972479e-09 -1.51946864085023e-07 0 -.0007 0
QC2RE3285 -3.290000 .01 -6.9663146908824e-13 -4.38064183263913e-05 -7.48695189869491e-09 -1.84955280257987e-07 0 -.0007 0
QC2RE3275 -3.280000 .01 -1.35190735853084e-12 -5.35085375847884e-05 -9.14514040212849e-09 -2.25918642593688e-07 0 -.0007 0
QC2RE3265 -3.270000 .01 -1.73193458400835e-12 -6.54567305416439e-05 -1.11872052181694e-08 -2.76365163020133e-07 0 -.0007 0
QC2RE3255 -3.260000 .01 -1.91544289506612e-12 -7.99142492118982e-05 -1.36581387270649e-08 -3.37406319080157e-07 0 -.0007 0
QC2RE3245 -3.250000 .01 -2.00715795330456e-12 -9.67804723004047e-05 -1.65407437456448e-08 -4.08617277140819e-07 0 -.0007 0
QC2RE3235 -3.240000 .01 -2.04929755039175e-12 -0.000114986711609559 -1.96523708460622e-08 -4.85485923848689e-07 0 -.0007 0
QC2RE3225 -3.230000 .01 -2.05172382853109e-12 -0.000131186031730994 -2.24209955285198e-08 -5.53881147825352e-07 0 -.0007 0
QC2RE3215 -3.220000 .01 -2.03361880020842e-12 -0.000137044081506891 -2.34221944117105e-08 -5.78614446722183e-07 0 -.0007 0
QC2RE3205 -3.210000 .01 -2.01070661522534e-12 -0.000113985977870991 -1.94813355136393e-08 -4.81260721329246e-07 0 -.0007 0
QC2RE3195 -3.200000 .01 -1.98429644612138e-12 -2.40475319951068e-05 -4.10996194499121e-09 -1.01531195418192e-07 0 -.0007 0
QC2RE3185 -3.190000 .01 -1.95088578012313e-12 0.000203045607381063 3.47025108119429e-08 8.57279792621004e-07 0 -.0007 0
QC2RE3175 -3.180000 .01 -1.91140423309448e-12 0.000680164756894162 1.16246911684038e-07 2.87172674779432e-06 0 -.0007 0
QC2RE3165 -3.170000 .01 -1.86562975989461e-12 0.00155122113258755 2.65119096660831e-07 6.54941787712864e-06 0 -.0007 0
QC2RE3155 -3.160000 .01 -1.8140585770072e-12 0.00293156316213708 5.01033257545716e-07 1.23773663075394e-05 0 -.0007 0
QC2RE3145 -3.150000 .01 -1.75836175506271e-12 0.00480606104145402 8.2140356056745e-07 2.02916924236099e-05 0 -.0007 0
QC2RE3135 -3.140000 .01 -1.69855097135564e-12 0.00696285331779192 1.190020779477e-06 2.93978950114625e-05 0 -.0007 0
QC2RE3125 -3.130000 .01 -1.63752600891965e-12 0.00905562472015211 1.54769619523888e-06 3.82337947728963e-05 0 -.0007 0
QC2RE3115 -3.120000 .01 -1.57727903766056e-12 0.0107724186795726 1.84111333220843e-06 4.54822784435766e-05 0 -.0007 0
QC2RE3105 -3.110000 .01 -1.51523792393788e-12 0.0119733377976156 2.0463623356856e-06 5.05526845742464e-05 0 -.0007 0
QC2RE3095 -3.100000 .01 -1.4500287361886e-12 0.0126984852160444 2.17029723085793e-06 5.36143328241572e-05 0 -.0007 0
QC2RE3085 -3.090000 .01 -1.38243853142279e-12 0.0130801098231211 2.23552066607976e-06 5.52255918325815e-05 0 -.0007 0
QC2RE3075 -3.080000 .01 -1.31458712086153e-12 0.0132536733196609 2.26518439127699e-06 5.59583950694474e-05 0 -.0007 0
QC2RE3065 -3.070000 .01 -1.24879418714337e-12 0.0133170413921594 2.27601462416604e-06 5.6225941699739e-05 0 -.0007 0
QC2RE3055 -3.060000 .01 -1.1831809491194e-12 0.0133284120182495 2.27795797708252e-06 5.62739496724416e-05 0 -.0007 0
QC2RE3045 -3.050000 .01 -1.11584956037358e-12 0.0133182986755316 2.27622950637449e-06 5.62312500816462e-05 0 -.0007 0
QC2RE3035 -3.040000 .01 -1.04723901928832e-12 0.0133012750055613 2.27331999211324e-06 5.6159374366382e-05 0 -.0007 0
QC2RE3025 -3.030000 .01 -9.7889250878661e-13 0.0132837037586878 2.2703168915213e-06 5.60851867241567e-05 0 -.0007 0
QC2RE3015 -3.020000 .01 -9.13375867448755e-13 0.0132680236452648 2.26763700441683e-06 5.60189836451693e-05 0 -.0007 0
QC2RE3005 -3.010000 .01 -8.50602204420865e-13 0.0132549166892296 2.26539689546382e-06 5.5963644705821e-05 0 -.0007 0
QC2RE2995 -3.000000 .01 -7.88916338659362e-13 0.0132443419336731 2.26358956471968e-06 5.59189969817581e-05 0 -.0007 0
QC2RE2985 -2.990000 .01 -7.26866195752069e-13 0.0132360060511531 2.26216487961151e-06 5.58838020138385e-05 0 -.0007 0
QC2RE2975 -2.980000 .01 -6.62890953854924e-13 0.0132295665840026 2.26106431072299e-06 5.58566139099704e-05 0 -.0007 0
QC2RE2965 -2.970000 .01 -5.94126541048961e-13 0.0132247126227819 2.26023472054318e-06 5.58361199779798e-05 0 -.0007 0
QC2RE2955 -2.960000 .01 -5.20459835199915e-13 0.0132211915344848 2.25963293158242e-06 5.58212535748891e-05 0 -.0007 0
QC2RE2945 -2.950000 .01 -4.44742990036686e-13 0.01321881350666 2.25922650300791e-06 5.5811213292675e-05 0 -.0007 0
QC2RE2935 -2.940000 .01 -3.69305551869178e-13 0.0132174482958541 2.25899317492011e-06 5.58054492298533e-05 0 -.0007 0
QC2RE2925 -2.930000 .01 -2.95741644919998e-13 0.0132170205216114 2.25892006405065e-06 5.58036431222562e-05 0 -.0007 0
QC2RE2915 -2.920000 .01 -2.25524836142869e-13 0.0132175061879843 2.25900306925381e-06 5.58056936564824e-05 0 -.0007 0
QC2RE2905 -2.910000 .01 -1.58568377670341e-13 0.0132189314733277 2.25924666467045e-06 5.58117113602851e-05 0 -.0007 0
QC2RE2895 -2.900000 .01 -9.31757514351191e-14 0.0132213740501211 2.25966412529856e-06 5.58220241749963e-05 0 -.0007 0
QC2RE2885 -2.890000 .01 -2.94219159254184e-14 0.0132249666506717 2.26027813640764e-06 5.58371925103016e-05 0 -.0007 0
QC2RE2875 -2.880000 .01 3.38900485026921e-14 0.0132299017952783 2.26112160162857e-06 5.58580292070393e-05 0 -.0007 0
QC2RE2865 -2.870000 .01 9.70631137835221e-14 0.0132364349052376 2.26223817499751e-06 5.58856126806408e-05 0 -.0007 0
QC2RE2855 -2.860000 .01 1.56506685414326e-13 0.0132448792455687 2.26368139661738e-06 5.59212655687834e-05 0 -.0007 0
QC2RE2845 -2.850000 .01 2.131905145443e-13 0.0132555778405581 2.26550989274527e-06 5.59664361558854e-05 0 -.0007 0
QC2RE2835 -2.840000 .01 2.72319443243138e-13 0.0132688195881328 2.26777303890566e-06 5.60223441992121e-05 0 -.0007 0
QC2RE2825 -2.830000 .01 3.31950444936063e-13 0.0132846288350138 2.27047499619505e-06 5.60890924931665e-05 0 -.0007 0
QC2RE2815 -2.820000 .01 3.8976118031857e-13 0.0133022792481034 2.27349162707402e-06 5.61636143834372e-05 0 -.0007 0
QC2RE2805 -2.810000 .01 4.46264090732572e-13 0.0133192278031599 2.27638830344508e-06 5.62351729556781e-05 0 -.0007 0
QC2RE2795 -2.800000 .01 5.01892738118222e-13 0.0133288836559615 2.27803858457775e-06 5.62759409761939e-05 0 -.0007 0
QC2RE2785 -2.790000 .01 5.57919664752064e-13 0.0133162066595076 2.27587195998737e-06 5.62224173711714e-05 0 -.0007 0
QC2RE2775 -2.780000 .01 6.1506180160857e-13 0.0132498085198465 2.26452385852358e-06 5.5942077480379e-05 0 -.0007 0
QC2RE2765 -2.770000 .01 6.92131489828749e-13 0.0130700647346751 2.23380386061706e-06 5.51831804184617e-05 0 -.0007 0
QC2RE2755 -2.760000 .01 8.28608986634561e-13 0.0126773250212789 2.16668074333332e-06 5.35249922685333e-05 0 -.0007 0
QC2RE2745 -2.750000 .01 1.0517635070816e-12 0.0119350898679774 2.0398253845621e-06 5.03911978146391e-05 0 -.0007 0
QC2RE2735 -2.740000 .01 1.38753685781778e-12 0.0107130049233857 1.83095893111471e-06 4.52314273503679e-05 0 -.0007 0
QC2RE2725 -2.730000 .01 1.8830132458846e-12 0.00897735909275275 1.53431982211468e-06 3.7903349107552e-05 0 -.0007 0
QC2RE2715 -2.720000 .01 2.55913018507724e-12 0.00687666637204439 1.17529057434913e-06 2.90340047114945e-05 0 -.0007 0
QC2RE2705 -2.710000 .01 3.32644269596268e-12 0.00472747548734717 8.07972508723531e-07 1.99598959942427e-05 0 -.0007 0
QC2RE2695 -2.700000 .01 3.91998340447212e-12 0.00287232466320365 4.90908809536256e-07 1.21272551687867e-05 0 -.0007 0
QC2RE2685 -2.690000 .01 3.90162590378456e-12 0.00151399281589756 2.58756407376219e-07 6.39223603003883e-06 0 -.0007 0
QC2RE2675 -2.680000 .01 2.40132370108907e-12 0.000660371455274389 1.12864039683764e-07 2.78815735800674e-06 0 -.0007 0
QC2RE2665 -2.670000 .01 -2.36798731393523e-12 0.000194098755251076 3.31734049508438e-08 8.19505247101232e-07 0 -.0007 0
QC2RE2655 -2.660000 .01 -1.33649712315689e-11 -2.73193926520171e-05 -4.66915492719967e-09 -1.15345333343258e-07 0 -.0007 0
QC2RE2645 -2.650000 .01 -3.52473879062001e-11 -0.000114664231355696 -1.95972543196191e-08 -4.84124378485941e-07 0 -.0007 0
QC2RE2635 -2.640000 .01 -7.43781226957901e-11 -0.000136692631511331 -2.3362124960633e-08 -5.77130588079801e-07 0 -.0007 0
QC2RE2625 -2.630000 .01 -1.37128047138896e-10 -0.000130516846880144 -2.23066192980927e-08 -5.51055779389358e-07 0 -.0007 0
QC2RE2615 -2.620000 .01 -2.27828210715533e-10 -0.000114292865275932 -1.95337757656744e-08 -4.82556432052857e-07 0 -.0007 0
QC2RE2605 -2.610000 .01 -3.47321949584877e-10 -9.61657321484566e-05 -1.6435663481572e-08 -4.0602177991842e-07 0 -.0007 0
QC2RE2595 -2.600000 .01 -4.92136861946989e-10 -7.94029785633985e-05 -1.35707361059341e-08 -3.35247680924069e-07 0 -.0007 0
QC2RE2585 -2.590000 .01 -6.55360852843679e-10 -6.50431955284488e-05 -1.11164994577243e-08 -2.74619174939297e-07 0 -.0007 0
QC2RE2575 -2.580000 .01 -8.29114314367618e-10 -5.31778181163757e-05 -9.08858104271463e-09 -2.24522310405301e-07 0 -.0007 0
QC2RE2565 -2.570000 .01 -1.0059698218183e-09 -4.35426615963762e-05 -7.44182939092956e-09 -1.83841671755315e-07 0 -.0007 0
QC2RE2555 -2.560000 .01 -1.17870778090451e-09 -3.57776865179735e-05 -6.11471049976556e-09 -1.51057134769852e-07 0 -.0007 0
QC2RE2545 -2.550000 .01 -1.34043189762405e-09 -2.95327739555385e-05 -5.04738586865367e-09 -1.24690460723005e-07 0 -.0007 0
QC2RE2535 -2.540000 .01 -1.48490364500094e-09 -2.45044565438692e-05 -4.18799018353145e-09 -1.03460378656671e-07 0 -.0007 0
QC2RE2525 -2.530000 .01 -1.60662248050191e-09 -2.04431801271131e-05 -3.49387240076925e-09 -8.6313244821862e-08 0 -.0007 0
QC2RE2515 -2.520000 .01 -1.70093556326217e-09 -1.71490970213625e-05 -2.93087676966685e-09 -7.2405281393358e-08 0 -.0007 0
QC2RE2505 -2.510000 .01 -1.76397868437115e-09 -1.44643187665888e-05 -2.47201875286777e-09 -6.10698667780283e-08 0 -.0007 0
QC2RE2495 -2.500000 .01 -1.79240298864952e-09 -1.22649400852666e-05 -2.09612185419732e-09 -5.17838599338596e-08 0 -.0007 0
QC2RE2485 -2.490000 .01 -1.7832202699425e-09 -1.0454106063328e-05 -1.78663273725613e-09 -4.41383292827817e-08 0 -.0007 0
QC2RE2475 -2.480000 .01 -1.73394083277668e-09 -8.95661429218313e-06 -1.53069867242481e-09 -3.78157623896728e-08 0 -.0007 0
QC2RE2465 -2.470000 .01 -1.6425539969475e-09 -7.71554767291704e-06 -1.31859204979452e-09 -3.25758493094723e-08 0 -.0007 0
QC2RE2455 -2.460000 .01 -1.50735655093446e-09 -6.69242178351718e-06 -1.14373557379263e-09 -2.82561047870321e-08 0 -.0007 0
QC2RE2445 -2.450000 .01 -1.32702462247164e-09 -5.87503643096498e-06 -1.00404416808895e-09 -2.48050183313064e-08 0 -.0007 0
QC2RE2435 -2.440000 .01 -1.10087726883824e-09 -5.29807064336073e-06 -9.05444852725978e-10 -2.23690084263075e-08 0 -.0007 0
QC2RE2425 -2.430000 .01 -8.29130493006311e-10 -2.53248043002674e-06 -4.32789877686504e-10 -1.06923972691298e-08 0 -.0007 0
QC1RE1905 -1.910000 .01 7.13234182934808e-08 9.6146772769985e-07 1.3030110544005e-08 -1.14673440549314e-09 0 -.0007 0
QC1RE1895 -1.900000 .01 7.47215438862064e-08 1.06448001998605e-06 1.36507984511274e-08 -1.26509609503937e-09 0 -.0007 0
QC1RE1885 -1.890000 .01 7.98735316587735e-08 1.21634276441294e-06 1.45918017836223e-08 -1.44119818653184e-09 0 -.0007 0
QC1RE1875 -1.880000 .01 8.60982749635164e-08 1.40293414125155e-06 1.57286737396224e-08 -1.65856788271906e-09 0 -.0007 0
QC1RE1865 -1.870000 .01 9.32206950696222e-08 1.62637086061925e-06 1.70293934240514e-08 -1.91984687332538e-09 0 -.0007 0
QC1RE1855 -1.860000 .01 1.01261602877889e-07 1.89420119740983e-06 1.84977080074752e-08 -2.23408462179222e-09 0 -.0007 0
QC1RE1845 -1.850000 .01 1.10321920384482e-07 2.21715339754165e-06 2.01519765970598e-08 -2.6141318112808e-09 0 -.0007 0
QC1RE1835 -1.840000 .01 1.20550593880074e-07 2.6093814493294e-06 2.20192991288593e-08 -3.07696726963288e-09 0 -.0007 0
QC1RE1825 -1.830000 .01 1.32138506881139e-07 3.08948808663974e-06 2.41343899502412e-08 -3.64495574389812e-09 0 -.0007 0
QC1RE1815 -1.820000 .01 1.45322170248389e-07 3.6821117091388e-06 2.65402301025418e-08 -4.34780208487124e-09 0 -.0007 0
QC1RE1805 -1.810000 .01 1.60392804631862e-07 4.42022165634904e-06 2.92896931538933e-08 -5.22539620941041e-09 0 -.0007 0
QC1RE1795 -1.800000 .01 1.77709932493591e-07 5.3484384439896e-06 3.24479765172331e-08 -6.33196438623231e-09 0 -.0007 0
QC1RE1785 -1.790000 .01 1.9771997302495e-07 6.5278902200505e-06 3.60959169990688e-08 -7.74220719698086e-09 0 -.0007 0
QC1RE1775 -1.780000 .01 2.20981147339521e-07 8.04341130196344e-06 4.03344100342975e-08 -9.56052039909788e-09 0 -.0007 0
QC1RE1765 -1.770000 .01 2.48196710328628e-07 1.0014361540604e-05 4.52902672256307e-08 -1.193508856043e-08 0 -.0007 0
QC1RE1755 -1.760000 .01 2.80259272497943e-07 1.26111153638921e-05 5.11239568519137e-08 -1.50798270630458e-08 0 -.0007 0
QC1RE1745 -1.750000 .01 3.18309725545555e-07 1.60805263764957e-05 5.80397592440373e-08 -1.93092140166005e-08 0 -.0007 0
QC1RE1735 -1.740000 .01 3.63814715027991e-07 2.07857036958455e-05 6.62988505661405e-08 -2.50947142911909e-08 0 -.0007 0
QC1RE1725 -1.730000 .01 4.18665660313036e-07 2.72685985105453e-05 7.62354624359245e-08 -3.31580695436279e-08 0 -.0007 0
QC1RE1715 -1.720000 .01 4.85296998092647e-07 3.63483449953438e-05 8.82748920843377e-08 -4.46285799680493e-08 0 -.0007 0
QC1RE1705 -1.710000 .01 5.66803260352123e-07 4.92726496870043e-05 1.02947985180513e-07 -6.13125624561273e-08 0 -.0007 0
QC1RE1695 -1.700000 .01 6.6698049541694e-07 6.79355608354507e-05 1.20884961575422e-07 -8.61582177305471e-08 0 -.0007 0
QC1RE1685 -1.690000 .01 7.90061393948163e-07 9.51273729412123e-05 1.42738750247401e-07 -1.24044761766207e-07 0 -.0007 0
QC1RE1675 -1.680000 .01 9.39464063366964e-07 0.000134552764849678 1.68896581576234e-07 -1.83015907397038e-07 0 -.0007 0
QC1RE1665 -1.670000 .01 1.11356840103705e-06 0.000189417816232268 1.98580633239378e-07 -2.75613977251132e-07 0 -.0007 0
QC1RE1655 -1.660000 .01 1.29273141439138e-06 0.000254843095004061 2.27215243140007e-07 -4.16962428127347e-07 0 -.0007 0
QC1RE1645 -1.650000 .01 1.40116233261451e-06 0.000287055620134516 2.39044359999879e-07 -6.00527342454263e-07 0 -.0007 0
QC1RE1635 -1.640000 .01 1.20341303060815e-06 9.84345045217044e-05 1.8828927060767e-07 -6.60739780909993e-07 0 -.0007 0
QC1RE1625 -1.630000 .01 8.34373839695353e-08 -0.000903169615845798 -3.67752365715579e-08 3.02165358902899e-07 0 -.0007 0
QC1RE1615 -1.620000 .01 -3.12840027426902e-06 -0.00393377011471754 -6.29268307625353e-07 5.25531926277352e-06 0 -.0007 0
QC1RE1605 -1.610000 .01 -9.45805971991542e-06 -0.00991979963967941 -1.73003137288654e-06 1.83687156788408e-05 0 -.0007 0
QC1RE1595 -1.600000 .01 -1.81426056703308e-05 -0.0175263464663219 -3.18470174186525e-06 3.79813419619046e-05 0 -.0007 0
QC1RE1585 -1.590000 .01 -2.66282784454291e-05 -0.0238329261284505 -4.58417696119304e-06 5.72203100823993e-05 0 -.0007 0
QC1RE1575 -1.580000 .01 -3.26302266935428e-05 -0.0273437339253178 -5.57878833807292e-06 7.07092481076702e-05 0 -.0007 0
QC1RE1565 -1.570000 .01 -3.5672496917184e-05 -0.0286835613130934 -6.09557742264123e-06 7.66659590177104e-05 0 -.0007 0
QC1RE1555 -1.560000 .01 -3.67477226751806e-05 -0.0290153575640638 -6.28719702114068e-06 7.81265307904041e-05 0 -.0007 0
QC1RE1545 -1.550000 .01 -3.69405357268028e-05 -0.0290253049985592 -6.32692488203623e-06 7.81881332201628e-05 0 -.0007 0
QC1RE1535 -1.540000 .01 -3.68361456761347e-05 -0.0289674686021669 -6.31266917527203e-06 7.80187611647699e-05 0 -.0007 0
QC1RE1525 -1.530000 .01 -3.66630585518891e-05 -0.028911245628877 -6.28453431099412e-06 7.7872472032628e-05 0 -.0007 0
QC1RE1515 -1.520000 .01 -3.64956632733785e-05 -0.0288691182424656 -6.25628028237275e-06 7.77742856066021e-05 0 -.0007 0
QC1RE1505 -1.510000 .01 -3.63533865126221e-05 -0.02883969332981 -6.23182843443066e-06 7.77115535476037e-05 0 -.0007 0
QC1RE1495 -1.500000 .01 -3.62379281118342e-05 -0.0288194986940408 -6.21176919181821e-06 7.76714275987524e-05 0 -.0007 0
QC1RE1485 -1.490000 .01 -3.61460358250779e-05 -0.0288056253850426 -6.19568838895233e-06 7.76453457910188e-05 0 -.0007 0
QC1RE1475 -1.480000 .01 -3.60736729619598e-05 -0.0287960302838058 -6.18296044983811e-06 7.76280709379737e-05 0 -.0007 0
QC1RE1465 -1.470000 .01 -3.60172579985624e-05 -0.0287893539562097 -6.17300073002954e-06 7.76164454494369e-05 0 -.0007 0
QC1RE1455 -1.460000 .01 -3.59739329893852e-05 -0.0287847069465088 -6.16533101607179e-06 7.76085516977911e-05 0 -.0007 0
QC1RE1445 -1.450000 .01 -3.59415317521785e-05 -0.0287815103548799 -6.15958356610061e-06 7.76032113332505e-05 0 -.0007 0
QC1RE1435 -1.440000 .01 -3.5914413322523e-05 -0.0287793902013983 -6.15547745057788e-06 7.75996959556112e-05 0 -.0007 0
QC1RE1425 -1.430000 .01 -3.58773962307982e-05 -0.028778110771682 -6.15272877480904e-06 7.75975610649493e-05 0 -.0007 0
QC1RE1415 -1.420000 .01 -3.58648183333432e-05 -0.0287775341267213 -6.15139269006657e-06 7.75965517567798e-05 0 -.0007 0
QC1RE1405 -1.410000 .01 -3.58606341072721e-05 -0.028777597230062 -6.15136727389929e-06 7.7596551756783e-05 0 -.0007 0
QC1RE1395 -1.400000 .01 -3.58632508805748e-05 -0.0287783017462589 -6.15262871131515e-06 7.75975610649581e-05 0 -.0007 0
QC1RE1385 -1.390000 .01 -3.58727180509773e-05 -0.028779714300049 -6.15523100519972e-06 7.75996959556252e-05 0 -.0007 0
QC1RE1375 -1.380000 .01 -3.58895515308831e-05 -0.0287819772511842 -6.159291536744e-06 7.76032113332696e-05 0 -.0007 0
QC1RE1365 -1.370000 .01 -3.59146591779645e-05 -0.0287853323166318 -6.1649974500824e-06 7.76085516978191e-05 0 -.0007 0
QC1RE1355 -1.360000 .01 -3.59493939175515e-05 -0.0287901621384654 -6.17261769383036e-06 7.76164454494725e-05 0 -.0007 0
QC1RE1345 -1.350000 .01 -3.59956410908186e-05 -0.0287970585281752 -6.1825180805422e-06 7.76280709380174e-05 0 -.0007 0
QC1RE1335 -1.340000 .01 -3.60559061620856e-05 -0.0288069303292456 -6.1951743253206e-06 7.76453457910694e-05 0 -.0007 0
QC1RE1325 -1.330000 .01 -3.61333253917267e-05 -0.0288211653030335 -6.21116780421164e-06 7.76714275988093e-05 0 -.0007 0
QC1RE1315 -1.320000 .01 -3.62313693581824e-05 -0.0288418437183214 -6.23111977787955e-06 7.77115535476663e-05 0 -.0007 0
QC1RE1305 -1.310000 .01 -3.63525657730009e-05 -0.02887190533641 -6.2554386556302e-06 7.777428560667e-05 0 -.0007 0
QC1RE1295 -1.300000 .01 -3.64942812024278e-05 -0.0289147677441891 -6.28352625341019e-06 7.78724720327042e-05 0 -.0007 0
QC1RE1285 -1.290000 .01 -3.66358776879138e-05 -0.0289713615143321 -6.31145065234045e-06 7.80187611648531e-05 0 -.0007 0
QC1RE1275 -1.280000 .01 -3.67013837665458e-05 -0.0290271753841567 -6.32543728847025e-06 7.81881332202502e-05 0 -.0007 0
QC1RE1265 -1.270000 .01 -3.64602114558063e-05 -0.0290057916463064 -6.28536144322054e-06 7.8126530790498e-05 0 -.0007 0
QC1RE1255 -1.260000 .01 -3.53243935785554e-05 -0.0286352905090786 -6.09328630527975e-06 7.66659590178098e-05 0 -.0007 0
QC1RE1245 -1.250000 .01 -3.22056223200023e-05 -0.0272076781244089 -5.57589326816976e-06 7.0709248107767e-05 0 -.0007 0
QC1RE1235 -1.240000 .01 -2.61063348541596e-05 -0.02358659786584 -4.58047056540298e-06 5.72203100824802e-05 0 -.0007 0
QC1RE1225 -1.230000 .01 -1.74958424105361e-05 -0.0172567488600118 -3.17989063101903e-06 3.79813419619574e-05 0 -.0007 0
QC1RE1215 -1.220000 .01 -8.65001508214001e-06 -0.00976327079124082 -1.72369542229758e-06 1.83687156788606e-05 0 -.0007 0
QC1RE1205 -1.210000 .01 -2.11045497443696e-06 -0.00390506667305326 -6.20799113242658e-07 5.25531926276776e-06 0 -.0007 0
QC1RE1195 -1.200000 .01 1.3763203069863e-06 -0.00092287286379919 -2.52831732192657e-08 3.02165358885034e-07 0 -.0007 0
QC1RE1185 -1.190000 .01 2.85826695566605e-06 8.10449631543056e-05 2.0411422815165e-07 -6.60739780930814e-07 0 -.0007 0
QC1RE1175 -1.180000 .01 3.53400846881957e-06 0.000279007884802253 2.61136481384665e-07 -6.00527342476765e-07 0 -.0007 0
QC1RE1165 -1.170000 .01 4.05664407156664e-06 0.000251652384933988 2.58418189863892e-07 -4.16962428151385e-07 0 -.0007 0
QC1RE1155 -1.160000 .01 4.70648599275883e-06 0.000188118142628876 2.43011050053011e-07 -2.75613977275637e-07 0 -.0007 0
QC1RE1145 -1.150000 .01 5.60859689947885e-06 0.000133952582651832 2.32323246273255e-07 -1.83015907423401e-07 0 -.0007 0
QC1RE1135 -1.140000 .01 6.82725495148735e-06 9.47900462610945e-05 2.32790554827433e-07 -1.24044761795764e-07 0 -.0007 0
QC1RE1125 -1.130000 .01 8.38782325193252e-06 6.77022280631268e-05 2.46742493947752e-07 -8.61582177626013e-08 0 -.0007 0
QC1RE1115 -1.120000 .01 1.02693698633824e-05 4.9084632202218e-05 2.74158592244227e-07 -6.13125624910037e-08 0 -.0007 0
QC1RE1105 -1.110000 .01 1.23954660141067e-05 3.61832725573838e-05 3.12744018067289e-07 -4.46285800056978e-08 0 -.0007 0
QC1RE1095 -1.100000 .01 1.46432967030914e-05 2.71175482815405e-05 3.58231068341353e-07 -3.31580695828752e-08 0 -.0007 0
QC1RE1085 -1.090000 .01 1.68760088130309e-05 2.06449409171323e-05 4.0567047724771e-07 -2.50947143318588e-08 0 -.0007 0
QC1RE1075 -1.080000 .01 1.89819977672429e-05 1.59484350692764e-05 4.51112888241154e-07 -1.93092140591096e-08 0 -.0007 0
QC1RE1065 -1.070000 .01 2.08983378331652e-05 1.24870016943885e-05 4.92550615598561e-07 -1.50798271062943e-08 0 -.0007 0
QC1RE1055 -1.060000 .01 2.26103215084144e-05 9.8979566691968e-06 5.29755328246944e-07 -1.19350886043175e-08 0 -.0007 0
QC1RE1045 -1.050000 .01 2.41361600788713e-05 7.93464985145278e-06 5.63537973657031e-07 -9.56052044466459e-09 0 -.0007 0
QC1RE1035 -1.040000 .01 2.55096935165866e-05 6.42680489676799e-06 5.9505506397356e-07 -7.74220724451748e-09 0 -.0007 0
QC1RE1025 -1.030000 .01 2.6768066481086e-05 5.25510727211013e-06 6.25408789324421e-07 -6.33196443606653e-09 0 -.0007 0
QC1RE1015 -1.020000 .01 2.79452407396935e-05 4.33474070199708e-06 6.55498857631046e-07 -5.22539626075036e-09 0 -.0007 0
QC1RE1005 -1.010000 .01 2.90696046632809e-05 3.60458085559675e-06 6.86010319263971e-07 -4.34780213764557e-09 0 -.0007 0
QC1RE995 -1.000000 .01 3.01637772254471e-05 3.02000375749669e-06 7.17452449313861e-07 -3.64495579885299e-09 0 -.0007 0
QC1RE985 -.990000 .01 3.1245330308177e-05 2.54803310799312e-06 7.50206475357317e-07 -3.07696732635248e-09 0 -.0007 0
QC1RE975 -.980000 .01 3.23277493885536e-05 2.16402207168425e-06 7.8456661082586e-07 -2.61413186894169e-09 0 -.0007 0
QC1RE965 -.970000 .01 3.34213291095175e-05 1.8493588900461e-06 8.20771157952425e-07 -2.23408468036089e-09 0 -.0007 0
QC1RE955 -.960000 .01 3.45338963413318e-05 1.58987951052158e-06 8.5902503028953e-07 -1.91984693346771e-09 0 -.0007 0
QC1RE945 -.950000 .01 3.56713429336952e-05 1.37484019755117e-06 8.99516641898667e-07 -1.65856794405952e-09 0 -.0007 0
QC1RE935 -.940000 .01 3.68379914268784e-05 1.196649150803e-06 9.42434012240098e-07 -1.44119825041131e-09 0 -.0007 0
QC1RE925 -.930000 .01 3.80368595485087e-05 1.05300678620173e-06 9.87991898538104e-07 -1.26509616029701e-09 0 -.0007 0
QC1RE915 -.920000 .01 3.92699285011234e-05 9.57423678787156e-07 1.03649074353816e-06 -1.14673447242599e-09 0 -.0007 0
QC1RE905 -.910000 .01 4.04670138973475e-05 1.03805851282567e-20 1.07536844162915e-06 -1.24128884693625e-23 0 -.0007 0
QC1LE905 0.900000 .01 -4.03759487269865e-05 1.1013692228179e-20 1.36852311536015e-06 1.39379995153234e-23 0 .0007 0
QC1LE915 0.910000 .01 -3.91810084955185e-05 1.01581650833169e-06 1.32156301165908e-06 1.28762814502273e-09 0 .0007 0
QC1LE925 0.920000 .01 -3.79512911525324e-05 1.11722918885514e-06 1.25669682708058e-06 1.42053236595339e-09 0 .0007 0
QC1LE935 0.930000 .01 -3.67555920477333e-05 1.26963223978018e-06 1.19593832882566e-06 1.61827127420388e-09 0 .0007 0
QC1LE945 0.940000 .01 -3.55919530594799e-05 1.45869108246918e-06 1.13883083561442e-06 1.86234813920466e-09 0 .0007 0
QC1LE955 0.950000 .01 -3.44573717089624e-05 1.68684555071893e-06 1.08506751326477e-06 2.15572922240759e-09 0 .0007 0
QC1LE965 0.960000 .01 -3.33475390667803e-05 1.9621504661268e-06 1.0343905056837e-06 2.50857585127742e-09 0 .0007 0
QC1LE975 0.970000 .01 -3.22565779463195e-05 2.29600481962971e-06 9.8654745828784e-07 2.93531761055382e-09 0 .0007 0
QC1LE985 0.980000 .01 -3.1176678592162e-05 2.70343652350874e-06 9.41269826859386e-07 3.45501943500519e-09 0 .0007 0
QC1LE995 0.990000 .01 -3.00975672276921e-05 3.20419245971207e-06 8.98253597824574e-07 4.09279392056861e-09 0 .0007 0
QC1LE1005 1.000000 .01 -2.90057845654999e-05 3.82442266334162e-06 8.57135869560362e-07 4.88199561013917e-09 0 .0007 0
QC1LE1015 1.010000 .01 -2.78837921746746e-05 4.59911464387056e-06 8.17464719251913e-07 5.86741550268496e-09 0 .0007 0
QC1LE1025 1.020000 .01 -2.67090139657817e-05 5.57561397405536e-06 7.78662675546129e-07 7.10994238781819e-09 0 .0007 0
QC1LE1035 1.030000 .01 -2.54531157325841e-05 6.81877293152972e-06 7.39990101290506e-07 8.69345494816197e-09 0 .0007 0
QC1LE1045 1.040000 .01 -2.40822012579498e-05 8.41858069930382e-06 7.00528399856527e-07 1.07351755456446e-08 0 .0007 0
QC1LE1055 1.050000 .01 -2.25591982643396e-05 1.05016287522717e-05 6.59229277018678e-07 1.34014954731075e-08 0 .0007 0
QC1LE1065 1.060000 .01 -2.08503319929892e-05 1.32485785151936e-05 6.15113256809042e-07 1.69326128664696e-08 0 .0007 0
QC1LE1075 1.070000 .01 -1.89374205925758e-05 1.69211232163668e-05 5.67716003951607e-07 2.16816442477552e-08 0 .0007 0
QC1LE1085 1.080000 .01 -1.68351224739525e-05 2.19040669274578e-05 5.17786787140527e-07 2.81779811075299e-08 0 .0007 0
QC1LE1095 1.090000 .01 -1.46061948998887e-05 2.87714358190454e-05 4.6795571787714e-07 3.72320420276872e-08 0 .0007 0
QC1LE1105 1.100000 .01 -1.23619487641485e-05 3.83900747022044e-05 4.22767063427326e-07 5.01118788842838e-08 0 .0007 0
QC1LE1115 1.110000 .01 -1.02388728564438e-05 5.20782826987262e-05 3.87649025399357e-07 6.88457420353985e-08 0 .0007 0
QC1LE1125 1.120000 .01 -8.3594430957055e-06 7.18313576884063e-05 3.67254342413292e-07 9.67440634429963e-08 0 .0007 0
QC1LE1135 1.130000 .01 -6.79985565765644e-06 0.000100571250215731 3.64220380144863e-07 1.39285544875268e-07 0 .0007 0
QC1LE1145 1.140000 .01 -5.58095436891239e-06 0.000142122292781719 3.7873224524552e-07 2.05502191464419e-07 0 .0007 0
QC1LE1155 1.150000 .01 -4.67747903678845e-06 0.000199591386859795 4.07786263748924e-07 3.09477340679767e-07 0 .0007 0
QC1LE1165 1.160000 .01 -4.02565504253651e-06 0.000267000555152781 4.41446511460209e-07 4.68192595699366e-07 0 .0007 0
QC1LE1175 1.170000 .01 -3.50205100005366e-06 0.000296024455139585 4.50450359470383e-07 6.74311247933867e-07 0 .0007 0
QC1LE1185 1.180000 .01 -2.83116914099683e-06 8.59878604330514e-05 3.53463278922194e-07 7.41921699025615e-07 0 .0007 0
QC1LE1195 1.190000 .01 -1.37232818214445e-06 -0.000979158481032636 -4.56874263624972e-08 -3.39290962858551e-07 0 .0007 0
QC1LE1205 1.200000 .01 2.04960762823818e-06 -0.00414323500222417 -1.08507123925167e-06 -5.9010150576813e-06 0 .0007 0
QC1LE1215 1.210000 .01 8.46200006145306e-06 -0.0103587284584818 -3.01121664030627e-06 -2.06255914039177e-05 0 .0007 0
QC1LE1225 1.220000 .01 1.71335812056455e-05 -0.0183092305170338 -5.55479767837334e-06 -4.26479267236472e-05 0 .0007 0
QC1LE1235 1.230000 .01 2.55738783420001e-05 -0.0250251342788536 -8.00136989402964e-06 -6.42506943000113e-05 0 .0007 0
QC1LE1245 1.240000 .01 3.15527707884423e-05 -0.0288670626578706 -9.7402452769323e-06 -7.9396953246274e-05 0 .0007 0
QC1LE1255 1.250000 .01 3.4610468390298e-05 -0.0303817445050696 -1.06440835053272e-05 -8.60855365685837e-05 0 .0007 0
QC1LE1265 1.260000 .01 3.57246419802561e-05 -0.0307748423465812 -1.09796403059389e-05 -8.77255617682972e-05 0 .0007 0
QC1LE1275 1.270000 .01 3.59618670071437e-05 -0.0307975302693664 -1.10496790814773e-05 -8.77947329922362e-05 0 .0007 0
QC1LE1285 1.280000 .01 3.58983836371522e-05 -0.0307383123357376 -1.10252812563228e-05 -8.76045510072323e-05 0 .0007 0
QC1LE1295 1.290000 .01 3.57601990130664e-05 -0.0306782669360082 -1.09765374109674e-05 -8.74402880332091e-05 0 .0007 0
QC1LE1305 1.300000 .01 3.5621791709807e-05 -0.030632790368501 -1.09275080752225e-05 -8.73300379133842e-05 0 .0007 0
QC1LE1315 1.310000 .01 3.55034083926101e-05 -0.0306008953053157 -1.08850605477399e-05 -8.72595982680955e-05 0 .0007 0
QC1LE1325 1.320000 .01 3.54076467823373e-05 -0.0305789557224158 -1.08502390650566e-05 -8.72145422369515e-05 0 .0007 0
QC1LE1335 1.330000 .01 3.5332043025088e-05 -0.0305638525637294 -1.08223298671361e-05 -8.71852558829791e-05 0 .0007 0
QC1LE1345 1.340000 .01 3.52732063975293e-05 -0.0305533786857796 -1.08002476240328e-05 -8.71658585518482e-05 0 .0007 0
QC1LE1355 1.350000 .01 3.5228071594018e-05 -0.0305460616882441 -1.07829768313467e-05 -8.71528046954641e-05 0 .0007 0
QC1LE1365 1.360000 .01 3.51941897754826e-05 -0.0305409372976667 -1.07696866462842e-05 -8.71439410765298e-05 0 .0007 0
QC1LE1375 1.370000 .01 3.51697184979097e-05 -0.0305373776082299 -1.07597382528334e-05 -8.71379445670882e-05 0 .0007 0
QC1LE1385 1.380000 .01 3.5153336058717e-05 -0.0305349766406853 -1.07526620560528e-05 -8.71339972719125e-05 0 .0007 0
QC1LE1395 1.390000 .01 3.51441561645591e-05 -0.0305334779358518 -1.07481313644746e-05 -8.71316000775058e-05 0 .0007 0
QC1LE1405 1.400000 .01 3.5141676336254e-05 -0.0305327304515187 -1.074594135399e-05 -8.71304667604973e-05 0 .0007 0
QC1LE1415 1.410000 .01 3.51458532618549e-05 -0.0305326634995351 -1.07459979995695e-05 -8.71304667605008e-05 0 .0007 0
QC1LE1425 1.420000 .01 3.51582764696937e-05 -0.0305332753138249 -1.07483442104499e-05 -8.71316000775157e-05 0 .0007 0
QC1LE1435 1.430000 .01 3.5194958709296e-05 -0.0305346327754089 -1.07532263549585e-05 -8.71339972719283e-05 0 .0007 0
QC1LE1445 1.440000 .01 3.52216085846886e-05 -0.030536882236138 -1.076041737319e-05 -8.71379445671136e-05 0 .0007 0
QC1LE1455 1.450000 .01 3.52533608122381e-05 -0.030540273786512 -1.07704578182727e-05 -8.71439410765613e-05 0 .0007 0
QC1LE1465 1.460000 .01 3.52958180042636e-05 -0.0305452042153297 -1.07838563414747e-05 -8.71528046955041e-05 0 .0007 0
QC1LE1475 1.470000 .01 3.53511029535233e-05 -0.0305522877292645 -1.08012553654374e-05 -8.71658585518972e-05 0 .0007 0
QC1LE1485 1.480000 .01 3.54220163597326e-05 -0.0305624680315828 -1.08234902999433e-05 -8.71852558830359e-05 0 .0007 0
QC1LE1495 1.490000 .01 3.55120680074616e-05 -0.0305771874677051 -1.08515824832348e-05 -8.72145422370153e-05 0 .0007 0
QC1LE1505 1.500000 .01 3.56252137305904e-05 -0.0305986137655869 -1.08866247584777e-05 -8.72595982681657e-05 0 .0007 0
QC1LE1515 1.510000 .01 3.57646406312775e-05 -0.0306298332909542 -1.09293406477231e-05 -8.73300379134605e-05 0 .0007 0
QC1LE1525 1.520000 .01 3.59286829158251e-05 -0.0306745300084646 -1.0978698715064e-05 -8.74402880332947e-05 0 .0007 0
QC1LE1535 1.530000 .01 3.60983030361745e-05 -0.0307341819966065 -1.10278486095538e-05 -8.76045510073257e-05 0 .0007 0
QC1LE1545 1.540000 .01 3.62006021126354e-05 -0.0307955458098278 -1.10527524611031e-05 -8.77947329923344e-05 0 .0007 0
QC1LE1555 1.550000 .01 3.60116511830818e-05 -0.0307849916856028 -1.09833503075343e-05 -8.77255617684029e-05 0 .0007 0
QC1LE1565 1.560000 .01 3.49579626244143e-05 -0.0304329593246436 -1.06486025385323e-05 -8.60855365686951e-05 0 .0007 0
QC1LE1575 1.570000 .01 3.19766302826317e-05 -0.0290114164433716 -9.74580348009109e-06 -7.93969532463823e-05 0 .0007 0
QC1LE1585 1.580000 .01 2.60949034436524e-05 -0.025286485995844 -8.00827797621425e-06 -6.42506943001014e-05 0 .0007 0
QC1LE1595 1.590000 .01 1.77792020672218e-05 -0.0185952707649239 -5.56347999566596e-06 -4.26479267237055e-05 0 .0007 0
QC1LE1605 1.600000 .01 9.26861102422438e-06 -0.010524803933784 -3.02225945004487e-06 -2.06255914039391e-05 0 .0007 0
QC1LE1615 1.610000 .01 3.06573717325711e-06 -0.0041736890543973 -1.09929341117027e-06 -5.90101505767446e-06 0 .0007 0
QC1LE1625 1.620000 .01 -8.17661000113736e-08 -0.000958253540488783 -6.42440986872189e-08 -3.39290962838514e-07 0 .0007 0
QC1LE1635 1.630000 .01 -1.17930818926807e-06 0.000104437982430956 3.28929888994859e-07 7.41921699048978e-07 0 .0007 0
QC1LE1645 1.640000 .01 -1.3730964941526e-06 0.000304563018390805 4.17595939193795e-07 6.74311247959151e-07 0 .0007 0
QC1LE1655 1.650000 .01 -1.26683749032277e-06 0.000270385865271081 3.96931192429532e-07 4.68192595726336e-07 0 .0007 0
QC1LE1665 1.660000 .01 -1.09126318334198e-06 0.000200970327014709 3.46908272772298e-07 3.09477340707257e-07 0 .0007 0
QC1LE1675 1.670000 .01 -9.20646224761293e-07 0.00014275907985393 2.9505204226682e-07 2.05502191494e-07 0 .0007 0
QC1LE1685 1.680000 .01 -7.74236150198726e-07 0.000100929150328314 2.49355903939819e-07 1.39285544908426e-07 0 .0007 0
QC1LE1695 1.690000 .01 -6.53620610989836e-07 7.2078921351666e-05 2.11178666019332e-07 9.67440634789623e-08 0 .0007 0
QC1LE1705 1.700000 .01 -5.55449965764224e-07 5.22777673168733e-05 1.79843860614249e-07 6.88457420745628e-08 0 .0007 0
QC1LE1715 1.710000 .01 -4.75576306337048e-07 3.85652148672139e-05 1.54210860562525e-07 5.01118789265477e-08 0 .0007 0
QC1LE1725 1.720000 .01 -4.10279620739259e-07 2.89316985679415e-05 1.33178710164588e-07 3.72320420717798e-08 0 .0007 0
QC1LE1735 1.730000 .01 -3.56527361691645e-07 2.20534148000426e-05 1.15820054364919e-07 2.81779811531933e-08 0 .0007 0
QC1LE1745 1.740000 .01 -3.11933855237194e-07 1.70612707496305e-05 1.01391924801611e-07 2.16816442955099e-08 0 .0007 0
QC1LE1755 1.750000 .01 -2.74645567889165e-07 1.33802618586428e-05 8.9310439192933e-08 1.69326129150419e-08 0 .0007 0
QC1LE1765 1.760000 .01 -2.43225231584956e-07 1.06251331418893e-05 7.91193386858314e-08 1.34014955224303e-08 0 .0007 0
QC1LE1775 1.770000 .01 -2.16554807141195e-07 8.53397550042146e-06 7.04617579829991e-08 1.07351755968327e-08 0 .0007 0
QC1LE1785 1.780000 .01 -1.93759563395116e-07 6.92602344331502e-06 6.30573687736529e-08 8.6934550015318e-09 0 .0007 0
QC1LE1795 1.790000 .01 -1.74150331930436e-07 5.67463741393744e-06 5.66846389106632e-08 7.1099424437663e-09 0 .0007 0
QC1LE1805 1.800000 .01 -1.57180073023855e-07 4.68980908609227e-06 5.11673102136196e-08 5.86741556037031e-09 0 .0007 0
QC1LE1815 1.810000 .01 -1.42411309438142e-07 3.90668213267095e-06 4.63641657045628e-08 4.88199566938826e-09 0 .0007 0
QC1LE1825 1.820000 .01 -1.29491720089487e-07 3.27791465235767e-06 4.21613094737216e-08 4.09279398227024e-09 0 .0007 0
QC1LE1835 1.830000 .01 -1.18135917592723e-07 2.76852651938947e-06 3.84663746173949e-08 3.45501949869816e-09 0 .0007 0
QC1LE1845 1.840000 .01 -1.08112128493444e-07 2.35237664856712e-06 3.52042758738445e-08 2.93531767529433e-09 0 .0007 0
QC1LE1855 1.850000 .01 -9.92332927482968e-08 2.00972773365765e-06 3.23143693924134e-08 2.50857591703521e-09 0 .0007 0
QC1LE1865 1.860000 .01 -9.1353447520331e-08 1.72556254096649e-06 2.97493132352979e-08 2.15572928994685e-09 0 .0007 0
QC1LE1875 1.870000 .01 -8.43736923205852e-08 1.48849851311699e-06 2.74770351602018e-08 1.86234820809814e-09 0 .0007 0
QC1LE1885 1.880000 .01 -7.82736330996156e-08 1.29052700981427e-06 2.54909890885632e-08 1.61827134591521e-09 0 .0007 0
QC1LE1895 1.890000 .01 -7.32248416905929e-08 1.12940222279374e-06 2.38471135736945e-08 1.42053243921299e-09 0 .0007 0
QC1LE1905 1.900000 .01 -6.9894781904909e-08 1.0201072559719e-06 2.27628095998711e-08 1.28762822018516e-09 0 .0007 0
QC2LE2105 2.100000 .01 0 -2.86020984350736e-06 -3.11754118741295e-10 -5.30702707273193e-09 0 .0007 0
QC2LE2115 2.110000 .01 0 -3.05444376822991e-06 -3.32925022047222e-10 -5.66742185260638e-09 0 .0007 0
QC2LE2125 2.120000 .01 0 -3.38301303247215e-06 -3.68738066202716e-10 -6.27707152029052e-09 0 .0007 0
QC2LE2135 2.130000 .01 0 -3.81194531975354e-06 -4.15490372689785e-10 -7.07294153875735e-09 0 .0007 0
QC2LE2145 2.140000 .01 0 -4.33166454483684e-06 -4.72138177527102e-10 -8.03726379084571e-09 0 .0007 0
QC2LE2155 2.150000 .01 0 -4.94891583270906e-06 -5.39416678693538e-10 -9.18255363832054e-09 0 .0007 0
QC2LE2165 2.160000 .01 0 -5.67971906544581e-06 -6.19071994303389e-10 -1.05385354554511e-08 0 .0007 0
QC2LE2175 2.170000 .01 0 -6.54689707769142e-06 -7.1359174347959e-10 -1.21475562754837e-08 0 .0007 0
QC2LE2185 2.180000 .01 0 -7.58008862441617e-06 -8.26206459798822e-10 -1.40646098518962e-08 0 .0007 0
QC2LE2195 2.190000 .01 0 -8.81697527070799e-06 -9.61023318524399e-10 -1.63596131128184e-08 0 .0007 0
QC2LE2205 2.200000 .01 0 -1.03053123252582e-05 -1.12324750213998e-09 -1.91211744925814e-08 0 .0007 0
QC2LE2215 2.210000 .01 0 -1.2105723006859e-05 -1.31948675594435e-09 -2.2461778417493e-08 0 .0007 0
QC2LE2225 2.220000 .01 0 -1.4295359621542e-05 -1.55815044515725e-09 -2.65245785018805e-08 0 .0007 0
QC2LE2235 2.230000 .01 0 -1.69725845481124e-05 -1.84995976801122e-09 -3.14920829657065e-08 0 .0007 0
QC2LE2245 2.240000 .01 0 -2.02627929693511e-05 -2.20858241563098e-09 -3.75969585244286e-08 0 .0007 0
QC2LE2255 2.250000 .01 0 -2.43253265753959e-05 -2.65138614455553e-09 -4.51348585425353e-08 0 .0007 0
QC2LE2265 2.260000 .01 0 -2.93609459424946e-05 -3.20025324312534e-09 -5.44782877912073e-08 0 .0007 0
QC2LE2275 2.270000 .01 0 -3.56181682558987e-05 -3.88227132390353e-09 -6.60883618886439e-08 0 .0007 0
QC2LE2285 2.280000 .01 0 -4.33941392294863e-05 -4.72982836022991e-09 -8.05164251187888e-08 0 .0007 0
QC2LE2295 2.290000 .01 0 -5.30198968318635e-05 -5.77900647747447e-09 -9.83767077506144e-08 0 .0007 0
QC2LE2305 2.300000 .01 0 -6.48073241607085e-05 -7.06379997871669e-09 -1.20247898808166e-07 0 .0007 0
QC2LE2315 2.310000 .01 0 -7.8908375555407e-05 -8.60077142186863e-09 -1.46411944664985e-07 0 .0007 0
QC2LE2325 2.320000 .01 0 -9.49814951741734e-05 -1.035269226556e-08 -1.76235099477798e-07 0 .0007 0
QC2LE2335 2.330000 .01 0 -0.000111448060788682 -1.21474975185731e-08 -2.06788280640182e-07 0 .0007 0
QC2LE2345 2.340000 .01 0 -0.000123910249350089 -1.35058379289353e-08 -2.29911469391877e-07 0 .0007 0
QC2LE2355 2.350000 .01 0 -0.00012195421293736 -1.3292635946759e-08 -2.26282106944515e-07 0 .0007 0
QC2LE2365 2.360000 .01 0 -8.31692401516928e-05 -9.06519262169954e-09 -1.54317841435833e-07 0 .0007 0
QC2LE2375 2.370000 .01 0 3.66204571720258e-05 3.99151774807199e-09 6.79480766311338e-08 0 .0007 0
QC2LE2385 2.380000 .01 0 0.000315340461276451 3.43711451213562e-08 5.8510405064187e-07 0 .0007 0
QC2LE2395 2.390000 .01 0 0.00086933789226223 9.47551694872542e-08 1.61302840770938e-06 0 .0007 0
QC2LE2405 2.400000 .01 0 0.00182925439767496 1.99383130575322e-07 3.39412250937174e-06 0 .0007 0
QC2LE2415 2.410000 .01 0 0.00326827271118064 3.5623172236587e-07 6.06417455652046e-06 0 .0007 0
QC2LE2425 2.420000 .01 0 0.00510970085056982 5.56941753528056e-07 9.48088505082641e-06 0 .0007 0
QC2LE2435 2.430000 .01 0 0.00710174687544281 7.74068673214095e-07 1.3177062171581e-05 0 .0007 0
QC2LE2445 2.440000 .01 0 0.00891906188756513 9.72150447306875e-07 1.65490315363143e-05 0 .0007 0
QC2LE2455 2.450000 .01 0 0.0103236767215136 1.1252491651239e-06 1.91552490372598e-05 0 .0007 0
QC2LE2465 2.460000 .01 0 0.0112529636487565 1.22653859593894e-06 2.08795109449687e-05 0 .0007 0
QC2LE2475 2.470000 .01 0 0.0117858153191271 1.28461779711829e-06 2.18682000255361e-05 0 .0007 0
QC2LE2485 2.480000 .01 0 0.012052091815574 1.31364112024256e-06 2.23622674726095e-05 0 .0007 0
QC2LE2495 2.490000 .01 0 0.012165332794467 1.32598404034695e-06 2.25723824549392e-05 0 .0007 0
QC2LE2505 2.500000 .01 0 0.0122009878284462 1.32987032992186e-06 2.2638539219988e-05 0 .0007 0
QC2LE2515 2.510000 .01 0 0.0122016164882522 1.32993885191658e-06 2.26397056779727e-05 0 .0007 0
QC2LE2525 2.520000 .01 0 0.012188714012861 1.32853252158936e-06 2.26157655512153e-05 0 .0007 0
QC2LE2535 2.530000 .01 0 0.0121722170675797 1.32673440504564e-06 2.25851560015614e-05 0 .0007 0
QC2LE2545 2.540000 .01 0 0.0121562887790414 1.32499827034644e-06 2.2555601576145e-05 0 .0007 0
QC2LE2555 2.550000 .01 0 0.0121423983133558 1.32348425210104e-06 2.25298282652763e-05 0 .0007 0
QC2LE2565 2.560000 .01 0 0.0121308397207234 1.32222440088132e-06 2.25083816696141e-05 0 .0007 0
QC2LE2575 2.570000 .01 0 0.0121214432334402 1.32120021252714e-06 2.24909467906615e-05 0 .0007 0
QC2LE2585 2.580000 .01 0 0.0121138929663846 1.32037725652707e-06 2.24769375137683e-05 0 .0007 0
QC2LE2595 2.590000 .01 0 0.0121078600765451 1.31971968999934e-06 2.24657436813376e-05 0 .0007 0
QC2LE2605 2.600000 .01 0 0.0121030522766674 1.31919565452783e-06 2.24568229638003e-05 0 .0007 0
QC2LE2615 2.610000 .01 0 0.0120992270295553 1.31877871430048e-06 2.2449725341215e-05 0 .0007 0
QC2LE2625 2.620000 .01 0 0.0120961900994597 1.31844769821516e-06 2.2444090415417e-05 0 .0007 0
QC2LE2635 2.630000 .01 0 0.012093789105596 1.3181859972327e-06 2.2439635448777e-05 0 .0007 0
QC2LE2645 2.640000 .01 0 0.0120919061731284 1.31798076335679e-06 2.2436141728341e-05 0 .0007 0
QC2LE2655 2.650000 .01 0 0.0120904512687651 1.3178221832342e-06 2.2433442200241e-05 0 .0007 0
QC2LE2665 2.660000 .01 0 0.0120893567113739 1.31770287982865e-06 2.24314112843203e-05 0 .0007 0
QC2LE2675 2.670000 .01 0 0.0120885728983979 1.31761744661327e-06 2.2429956944635e-05 0 .0007 0
QC2LE2685 2.680000 .01 0 0.0120880651298929 1.31756210140034e-06 2.24290147965583e-05 0 .0007 0
QC2LE2695 2.690000 .01 0 0.0120878113796664 1.3175344434023e-06 2.24285439712009e-05 0 .0007 0
QC2LE2705 2.700000 .01 0 0.0120878008824803 1.31753329924115e-06 2.2428524494011e-05 0 .0007 0
QC2LE2715 2.710000 .01 0 0.0120880334452579 1.31755864787211e-06 2.24289560067406e-05 0 .0007 0
QC2LE2725 2.720000 .01 0 0.0120885194351 1.31761161927743e-06 2.24298577452109e-05 0 .0007 0
QC2LE2735 2.730000 .01 0 0.0120892804432984 1.31769456684185e-06 2.24312697713672e-05 0 .0007 0
QC2LE2745 2.740000 .01 0 0.0120903506707829 1.31781121836203e-06 2.24332555439311e-05 0 .0007 0
QC2LE2755 2.750000 .01 0 0.0120917791254948 1.31796691555358e-06 2.24359059955563e-05 0 .0007 0
QC2LE2765 2.760000 .01 0 0.0120936327612693 1.31816895617961e-06 2.24393453569236e-05 0 .0007 0
QC2LE2775 2.770000 .01 0 0.0120960007082844 1.31842705515671e-06 2.24437390062024e-05 0 .0007 0
QC2LE2785 2.780000 .01 0 0.0120989997150244 1.31875393771235e-06 2.24493035664378e-05 0 .0007 0
QC2LE2795 2.790000 .01 0 0.0121027807684511 1.31916606096325e-06 2.24563191890658e-05 0 .0007 0
QC2LE2805 2.800000 .01 0 0.012107536422465 1.31968441269522e-06 2.24651431516355e-05 0 .0007 0
QC2LE2815 2.810000 .01 0 0.0121135072970047 1.32033521974508e-06 2.24762219166786e-05 0 .0007 0
QC2LE2825 2.820000 .01 0 0.0121209837651349 1.32115013188815e-06 2.24900942620469e-05 0 .0007 0
QC2LE2835 2.830000 .01 0 0.0121302934311634 1.32216485699131e-06 2.2507368046963e-05 0 .0007 0
QC2LE2845 2.840000 .01 0 0.0121417532563198 1.32341394285844e-06 2.25286313827605e-05 0 .0007 0
QC2LE2855 2.850000 .01 0 0.0121555401247082 1.32491666931552e-06 2.25542124721871e-05 0 .0007 0
QC2LE2865 2.860000 .01 0 0.0121713812470917 1.32664330317063e-06 2.25836051636157e-05 0 .0007 0
QC2LE2875 2.870000 .01 0 0.0121878598984859 1.32843942573665e-06 2.26141807695525e-05 0 .0007 0
QC2LE2885 2.880000 .01 0 0.0122009311003191 1.32986414672963e-06 2.26384339627785e-05 0 .0007 0
QC2LE2895 2.890000 .01 0 0.0122009080483491 1.32986163413545e-06 2.2638391190592e-05 0 .0007 0
QC2LE2905 2.900000 .01 0 0.012166788833764 1.32614274417385e-06 2.25750840888721e-05 0 .0007 0
QC2LE2915 2.910000 .01 0 0.0120568919261872 1.31416431760777e-06 2.23711739229646e-05 0 .0007 0
QC2LE2925 2.920000 .01 0 0.0117970688160846 1.28584439384325e-06 2.18890805260183e-05 0 .0007 0
QC2LE2935 2.930000 .01 0 0.0112750827192531 1.22894950692356e-06 2.09205521665474e-05 0 .0007 0
QC2LE2945 2.940000 .01 0 0.0103610766190257 1.12932563948341e-06 1.92246433402913e-05 0 .0007 0
QC2LE2955 2.950000 .01 0 0.00897307388781744 9.78037590020666e-07 1.66492490599488e-05 0 .0007 0
QC2LE2965 2.960000 .01 0 0.00716734707154107 7.81218893807277e-07 1.32987812186853e-05 0 .0007 0
QC2LE2975 2.970000 .01 0 0.00517575219241786 5.6414114762715e-07 9.60344118431204e-06 0 .0007 0
QC2LE2985 2.980000 .01 0 0.00332298441446251 3.62195130568311e-07 6.16569035654864e-06 0 .0007 0
QC2LE2995 2.990000 .01 0 0.00186665711115239 2.03459911866443e-07 3.46352203733608e-06 0 .0007 0
QC2LE3005 3.000000 .01 0 0.000890736649169222 9.70875684952649e-08 1.65273311066536e-06 0 .0007 0
QC2LE3015 3.010000 .01 0 0.000325731181115995 3.55037017811475e-08 6.04383696021318e-07 0 .0007 0
QC2LE3025 3.020000 .01 0 4.08410799018209e-05 4.45155270762338e-09 7.57793059172144e-08 0 .0007 0
QC2LE3035 3.030000 .01 0 -8.19251790321282e-05 -8.92959376734649e-09 -1.52009526171256e-07 0 .0007 0
QC2LE3045 3.040000 .01 0 -0.000121967798449568 -1.32941167260083e-08 -2.26307314424046e-07 0 .0007 0
QC2LE3055 3.050000 .01 0 -0.000124366609067155 -1.35555797413219e-08 -2.30758230121294e-07 0 .0007 0
QC2LE3065 3.060000 .01 0 -0.000111997886493434 -1.22074268375483e-08 -2.07808464493835e-07 0 .0007 0
QC2LE3075 3.070000 .01 0 -9.54923193740094e-05 -1.04083705398704e-08 -1.7718291729756e-07 0 .0007 0
QC2LE3085 3.080000 .01 0 -7.9341218686526e-05 -8.64794999836418e-09 -1.47215071127999e-07 0 .0007 0
QC2LE3095 3.090000 .01 0 -6.51600871488498e-05 -7.10225006473214e-09 -1.20902439149874e-07 0 .0007 0
QC2LE3105 3.100000 .01 0 -5.33029044899198e-05 -5.80985344600826e-09 -9.89018193281809e-08 0 .0007 0
QC2LE3115 3.110000 .01 0 -4.36202586388523e-05 -4.75447468376952e-09 -8.09359823865535e-08 0 .0007 0
QC2LE3125 3.120000 .01 0 -3.5799225268373e-05 -3.90200598410568e-09 -6.64243073330281e-08 0 .0007 0
QC2LE3135 3.130000 .01 0 -2.95067263390498e-05 -3.21614286016572e-09 -5.47487786130427e-08 0 .0007 0
QC2LE3145 3.140000 .01 0 -2.44435584774077e-05 -2.66427306000801e-09 -4.53542340216672e-08 0 .0007 0
QC2LE3155 3.150000 .01 0 -2.03594453490779e-05 -2.21911722920331e-09 -3.77762938962786e-08 0 .0007 0
QC2LE3165 3.160000 .01 0 -1.70522213565913e-05 -1.85863993639265e-09 -3.16398464941564e-08 0 .0007 0
QC2LE3175 3.170000 .01 0 -1.43614582639896e-05 -1.56535499487695e-09 -2.66472224001024e-08 0 .0007 0
QC2LE3185 3.180000 .01 0 -1.2160933655889e-05 -1.32550454770636e-09 -2.25642199952572e-08 0 .0007 0
QC2LE3195 3.190000 .01 0 -1.03516596468895e-05 -1.12829921834293e-09 -1.92071704523549e-08 0 .0007 0
QC2LE3205 3.200000 .01 0 -8.85601181126464e-06 -9.65278181966485e-10 -1.64320441542087e-08 0 .0007 0
QC2LE3215 3.210000 .01 0 -7.61301006742116e-06 -8.29794796324204e-10 -1.41256945270984e-08 0 .0007 0
QC2LE3225 3.220000 .01 0 -6.57462820857556e-06 -7.16614351869671e-10 -1.21990104940242e-08 0 .0007 0
QC2LE3235 3.230000 .01 0 -5.70297719339394e-06 -6.21607059063933e-10 -1.05816901613766e-08 0 .0007 0
QC2LE3245 3.240000 .01 0 -4.96825593219509e-06 -5.41524690343525e-10 -9.2184385688597e-09 0 .0007 0
QC2LE3255 3.250000 .01 0 -4.34750663196938e-06 -4.73864916536889e-10 -8.06665827233518e-09 0 .0007 0
QC2LE3265 3.260000 .01 0 -3.82457688492443e-06 -4.16867174632204e-10 -7.09637900034256e-09 0 .0007 0
QC2LE3275 3.270000 .01 0 -3.39254449042568e-06 -3.69776965946861e-10 -6.29475683296673e-09 0 .0007 0
QC2LE3285 3.280000 .01 0 -3.06069810581235e-06 -3.3360672570115e-10 -5.67902657417859e-09 0 .0007 0
QC2LE3295 3.290000 .01 0 -2.86269144581863e-06 -3.12024605797816e-10 -5.31163160574533e-09 0 .0007 0
QC2LE3305 3.300000 .01 0 -1.2523949008324e-19 2.64697796016969e-23 -2.32377832680929e-22 0 .0007 0
