QC2RP2425 -2.430000 .01 4.05986042781761e-08 -2.67219121929921e-06 5.00134011519748e-09 -3.37159187059357e-12 -.12112327789065604 0 .0010000000000000002
QC2RP2415 -2.420000 .01 3.34410062122263e-08 -5.59396289843296e-06 1.04135612411743e-08 -7.0580876460274e-12 -.12112327789065604 0 .0010000000000000002
QC2RP2405 -2.410000 .01 1.99716791367127e-08 -6.20855950648849e-06 1.15389728680814e-08 -7.83354447428456e-12 -.12112327789065604 0 .0010000000000000002
QC2RP2395 -2.400000 .01 5.38457487758389e-09 -7.07856808100427e-06 1.31369667405825e-08 -8.93126301179004e-12 -.12112327789065604 0 .0010000000000000002
QC2RP2385 -2.390000 .01 -1.02003477580514e-08 -8.16837981682306e-06 1.51416176507464e-08 -1.0306314453628e-11 -.12112327789065604 0 .0010000000000000002
QC2RP2375 -2.380000 .01 -2.64989593826881e-08 -9.49233532218165e-06 1.75798381236791e-08 -1.19767928185952e-11 -.12112327789065604 0 .0010000000000000002
QC2RP2365 -2.370000 .01 -4.30893178326399e-08 -1.10932662311705e-05 2.05315432955067e-08 -1.39967401932985e-11 -.12112327789065604 0 .0010000000000000002
QC2RP2355 -2.360000 .01 -5.94085843610547e-08 -1.3034653665273e-05 2.41151078389287e-08 -1.64462528042296e-11 -.12112327789065604 0 .0010000000000000002
QC2RP2345 -2.350000 .01 -7.47338353511505e-08 -1.54011748366851e-05 2.84884008735502e-08 -1.9432170685216e-11 -.12112327789065604 0 .0010000000000000002
QC2RP2335 -2.340000 .01 -8.81528626771686e-08 -1.83033934787882e-05 3.38575188027764e-08 -2.30939957483812e-11 -.12112327789065604 0 .0010000000000000002
QC2RP2325 -2.330000 .01 -9.85350683980702e-08 -2.18853271862781e-05 4.04908548565908e-08 -2.7613439746983e-11 -.12112327789065604 0 .0010000000000000002
QC2RP2315 -2.320000 .01 -1.04515445232867e-07 -2.63348836809514e-05 4.87384763555974e-08 -3.32275920564579e-11 -.12112327789065604 0 .0010000000000000002
QC2RP2305 -2.310000 .01 -1.04498956544367e-07 -3.18975484318476e-05 5.9057511141256e-08 -4.02461897965843e-11 -.12112327789065604 0 .0010000000000000002
QC2RP2295 -2.300000 .01 -9.67069907058483e-08 -3.88935754147586e-05 7.20439865980506e-08 -4.90733079802232e-11 -.12112327789065604 0 .0010000000000000002
QC2RP2285 -2.290000 .01 -7.92977799261736e-08 -4.77380260266956e-05 8.84698714458186e-08 -6.02326432731868e-11 -.12112327789065604 0 .0010000000000000002
QC2RP2275 -2.280000 .01 -5.05636578090594e-08 -5.8960359803411e-05 1.09319202272777e-07 -7.43922322492273e-11 -.12112327789065604 0 .0010000000000000002
QC2RP2265 -2.270000 .01 -9.19730672582576e-09 -7.32135710560939e-05 1.3580474196447e-07 -9.23759793861562e-11 -.12112327789065604 0 .0010000000000000002
QC2RP2255 -2.260000 .01 4.54024036144639e-08 -9.12466846069055e-05 1.69316624263935e-07 -1.15128954027452e-10 -.12112327789065604 0 .0010000000000000002
QC2RP2245 -2.250000 .01 1.12803366704283e-07 -0.000113776450247687 2.11183983861927e-07 -1.43555503045436e-10 -.12112327789065604 0 .0010000000000000002
QC2RP2235 -2.240000 .01 1.9103679438674e-07 -0.000141106745751213 2.61968380988295e-07 -1.78039039057045e-10 -.12112327789065604 0 .0010000000000000002
QC2RP2225 -2.230000 .01 2.75255052811269e-07 -0.000172148228364898 3.19643742370928e-07 -2.17205102352066e-10 -.12112327789065604 0 .0010000000000000002
QC2RP2215 -2.220000 .01 3.53836261275132e-07 -0.000202069315022042 3.75234563990443e-07 -2.54957525084376e-10 -.12112327789065604 0 .0010000000000000002
QC2RP2205 -2.210000 .01 3.983757788781e-07 -0.000216978075051462 4.0293964090748e-07 -2.73768399752622e-10 -.12112327789065604 0 .0010000000000000002
QC2RP2195 -2.200000 .01 3.41502033484512e-07 -0.000182693554510043 3.39278118050455e-07 -2.30510488451289e-10 -.12112327789065604 0 .0010000000000000002
QC2RP2185 -2.190000 .01 3.48176200469248e-08 -2.3638117937834e-05 4.3887858527103e-08 -2.98249936979564e-11 -.12112327789065604 0 .0010000000000000002
QC2RP2175 -2.180000 .01 -8.13513334780978e-07 0.000408551207208592 -7.58770150273212e-07 5.15482544436668e-10 -.12112327789065604 0 .0010000000000000002
QC2RP2165 -2.170000 .01 -2.68495061396626e-06 0.00135827166790168 -2.5225901085924e-06 1.71377620002654e-09 -.12112327789065604 0 .0010000000000000002
QC2RP2155 -2.160000 .01 -6.16626850028924e-06 0.00312317838989444 -5.80037710243535e-06 3.94061727084904e-09 -.12112327789065604 0 .0010000000000000002
QC2RP2145 -2.150000 .01 -1.16016948783952e-05 0.00587791903421507 -1.09164866955464e-05 7.41636447595397e-09 -.12112327789065604 0 .0010000000000000002
QC2RP2135 -2.140000 .01 -1.86103693415628e-05 0.00942964497982197 -1.75127596810159e-05 1.18976943442278e-08 -.12112327789065604 0 .0010000000000000002
QC2RP2125 -2.130000 .01 -2.5994108918173e-05 0.0131713011052 -2.4461771698464e-05 1.66186653899262e-08 -.12112327789065604 0 .0010000000000000002
QC2RP2115 -2.120000 .01 -3.23446649812406e-05 0.0163893536269319 -3.04383460448776e-05 2.06789884847158e-08 -.12112327789065604 0 .0010000000000000002
QC2RP2105 -2.110000 .01 -3.68411042861296e-05 0.0186678507314467 -3.46699759857933e-05 2.35538434948179e-08 -.12112327789065604 0 .0010000000000000002
QC2RP2095 -2.100000 .01 -3.9500796837217e-05 0.0200156114134164 -3.71730401412627e-05 2.52543576369256e-08 -.12112327789065604 0 .0010000000000000002
QC2RP2085 -2.090000 .01 -4.08327095498991e-05 0.0206905483339009 -3.84265344804795e-05 2.6105947829212e-08 -.12112327789065604 0 .0010000000000000002
QC2RP2075 -2.080000 .01 -4.13919602764009e-05 0.0209739553264142 -3.8952878549537e-05 2.64635317869491e-08 -.12112327789065604 0 .0010000000000000002
QC2RP2065 -2.070000 .01 -4.15687724749508e-05 0.0210635687844379 -3.91193088289858e-05 2.65766000450836e-08 -.12112327789065604 0 .0010000000000000002
QC2RP2055 -2.060000 .01 -4.1581002447121e-05 0.0210697821416273 -3.91308482554264e-05 2.65844396429528e-08 -.12112327789065604 0 .0010000000000000002
QC2RP2045 -2.050000 .01 -4.15338246485975e-05 0.0210458900672331 -3.90864758099634e-05 2.65542942240108e-08 -.12112327789065604 0 .0010000000000000002
QC2RP2035 -2.040000 .01 -4.14727450289815e-05 0.0210149516561778 -3.90290168961345e-05 2.65152582095033e-08 -.12112327789065604 0 .0010000000000000002
QC2RP2025 -2.030000 .01 -4.14152468424552e-05 0.0209858261883328 -3.89749249885766e-05 2.64785096452898e-08 -.12112327789065604 0 .0010000000000000002
QC2RP2015 -2.020000 .01 -4.13667114474917e-05 0.0209612406334413 -3.89292646215052e-05 2.64474892391123e-08 -.12112327789065604 0 .0010000000000000002
QC2RP2005 -2.010000 .01 -4.13277198978726e-05 0.020941489569302 -3.88925828851727e-05 2.64225686695039e-08 -.12112327789065604 0 .0010000000000000002
QC2RP1995 -2.000000 .01 -4.12972007294276e-05 0.0209260302409397 -3.88638717734061e-05 2.64030631245958e-08 -.12112327789065604 0 .0010000000000000002
QC2RP1985 -1.990000 .01 -4.12737081962477e-05 0.0209141302571389 -3.8841771087128e-05 2.63880485222151e-08 -.12112327789065604 0 .0010000000000000002
QC2RP1975 -1.980000 .01 -4.12558963190302e-05 0.0209051077779742 -3.88250145112383e-05 2.63766645624204e-08 -.12112327789065604 0 .0010000000000000002
QC2RP1965 -1.970000 .01 -4.12426621384548e-05 0.0208984040817553 -3.88125643861607e-05 2.63682062876116e-08 -.12112327789065604 0 .0010000000000000002
QC2RP1955 -1.960000 .01 -4.1233162065878e-05 0.0208935918385994 -3.88036270735648e-05 2.63621345215692e-08 -.12112327789065604 0 .0010000000000000002
QC2RP1945 -1.950000 .01 -4.12267866436776e-05 0.020890362321535 -3.87976292047983e-05 2.63580597332826e-08 -.12112327789065604 0 .0010000000000000002
QC2RP1935 -1.940000 .01 -4.12231280341856e-05 0.0208885089400966 -3.87941870994235e-05 2.63557212607414e-08 -.12112327789065604 0 .0010000000000000002
QC2RP1925 -1.930000 .01 -4.12219531694153e-05 0.0208879136447608 -3.8793081515485e-05 2.63549701569656e-08 -.12112327789065604 0 .0010000000000000002
QC2RP1915 -1.920000 .01 -4.1223186907897e-05 0.0208885384009273 -3.87942418149465e-05 2.63557584324441e-08 -.12112327789065604 0 .0010000000000000002
QC2RP1905 -1.910000 .01 -4.122690639e-05 0.0208904223340066 -3.87977406615314e-05 2.6358135452999e-08 -.12112327789065604 0 .0010000000000000002
QC2RP1895 -1.900000 .01 -4.1233346790227e-05 0.0208936846469343 -3.88037994391304e-05 2.6362251620909e-08 -.12112327789065604 0 .0010000000000000002
QC2RP1885 -1.890000 .01 -4.12429182428089e-05 0.0208985331980366 -3.88128041826302e-05 2.63683691978858e-08 -.12112327789065604 0 .0010000000000000002
QC2RP1875 -1.880000 .01 -4.12562327069889e-05 0.0209052781149654 -3.88253308617439e-05 2.6376879482225e-08 -.12112327789065604 0 .0010000000000000002
QC2RP1865 -1.870000 .01 -4.12741363223795e-05 0.0209143481907944 -3.88421758318759e-05 2.63883234963023e-08 -.12112327789065604 0 .0010000000000000002
QC2RP1855 -1.860000 .01 -4.12977340724056e-05 0.0209263033826538 -3.88643790466129e-05 2.64034077565129e-08 -.12112327789065604 0 .0010000000000000002
QC2RP1845 -1.850000 .01 -4.13283718467387e-05 0.0209418257238447 -3.88932071796781e-05 2.64229928067869e-08 -.12112327789065604 0 .0010000000000000002
QC2RP1835 -1.840000 .01 -4.13674892221122e-05 0.0209616447269942 -3.89300150834958e-05 2.64479990972872e-08 -.12112327789065604 0 .0010000000000000002
QC2RP1825 -1.830000 .01 -4.14161360060062e-05 0.0209862924095262 -3.89757908219245e-05 2.64790978919594e-08 -.12112327789065604 0 .0010000000000000002
QC2RP1815 -1.820000 .01 -4.14736725672862e-05 0.0210154447282593 -3.90299325810687e-05 2.65158803348249e-08 -.12112327789065604 0 .0010000000000000002
QC2RP1805 -1.810000 .01 -4.15345753389373e-05 0.0210463028685504 -3.90872423957357e-05 2.65548150690594e-08 -.12112327789065604 0 .0010000000000000002
QC2RP1795 -1.800000 .01 -4.15810404327827e-05 0.0210698453586857 -3.91309655676233e-05 2.65845194060022e-08 -.12112327789065604 0 .0010000000000000002
QC2RP1785 -1.790000 .01 -4.15668965574439e-05 0.0210626764491545 -3.91176514564666e-05 2.65754741562005e-08 -.12112327789065604 0 .0010000000000000002
QC2RP1775 -1.780000 .01 -4.13857622569959e-05 0.020970890804053 -3.89471869476128e-05 2.64596651779259e-08 -.12112327789065604 0 .0010000000000000002
QC2RP1765 -1.770000 .01 -4.08181246339254e-05 0.0206832573306677 -3.84129933983141e-05 2.60967485297562e-08 -.12112327789065604 0 .0010000000000000002
QC2RP1755 -1.760000 .01 -3.94729377319805e-05 0.0200016260255688 -3.71470661638538e-05 2.52367118114198e-08 -.12112327789065604 0 .0010000000000000002
QC2RP1745 -1.750000 .01 -3.67983427983282e-05 0.0186463601261691 -3.46300632019817e-05 2.35267280887328e-08 -.12112327789065604 0 .0010000000000000002
QC2RP1735 -1.740000 .01 -3.22949263359708e-05 0.0163643978106698 -3.03919975119756e-05 2.06475009075448e-08 -.12112327789065604 0 .0010000000000000002
QC2RP1725 -1.730000 .01 -2.59546739383376e-05 0.0131516780147128 -2.44253268757607e-05 1.65939062888991e-08 -.12112327789065604 0 .0010000000000000002
QC2RP1715 -1.720000 .01 -1.85951953929584e-05 0.00942249831631982 -1.74994857135061e-05 1.18886771629753e-08 -.12112327789065604 0 .0010000000000000002
QC2RP1705 -1.710000 .01 -1.16094767299284e-05 0.00588270980624898 -1.09253823035392e-05 7.42240915117284e-09 -.12112327789065604 0 .0010000000000000002
QC2RP1695 -1.700000 .01 -6.18401422220105e-06 0.003133531523362 -5.81960203534824e-06 3.95368016110266e-09 -.12112327789065604 0 .0010000000000000002
QC2RP1685 -1.690000 .01 -2.6999086778606e-06 0.00136807415189993 -2.5407905182542e-06 1.72614431766775e-09 -.12112327789065604 0 .0010000000000000002
QC2RP1675 -1.680000 .01 -8.19434160473776e-07 0.000415205928553852 -7.71121445526637e-07 5.23879026030762e-10 -.12112327789065604 0 .0010000000000000002
QC2RP1665 -1.670000 .01 3.93779366478657e-08 -1.99671125215159e-05 3.70829382675883e-08 -2.51931649840633e-11 -.12112327789065604 0 .0010000000000000002
QC2RP1655 -1.660000 .01 3.57093509121192e-07 -0.000180956470452504 3.36072752287103e-07 -2.28318752154635e-10 -.12112327789065604 0 .0010000000000000002
QC2RP1645 -1.650000 .01 4.26803230353517e-07 -0.000216276730762168 4.0166962769239e-07 -2.72883490511399e-10 -.12112327789065604 0 .0010000000000000002
QC2RP1635 -1.640000 .01 3.98358967652473e-07 -0.000201860888113163 3.74896497029344e-07 -2.54694545973259e-10 -.12112327789065604 0 .0010000000000000002
QC2RP1625 -1.630000 .01 3.39730768166968e-07 -0.00017215084098014 3.19718933262833e-07 -2.1720839877496e-10 -.12112327789065604 0 .0010000000000000002
QC2RP1615 -1.620000 .01 2.78624626751014e-07 -0.000141185726139845 2.62210453663165e-07 -1.78138691220529e-10 -.12112327789065604 0 .0010000000000000002
QC2RP1605 -1.610000 .01 2.24723134084332e-07 -0.000113871738161148 2.1148285445073e-07 -1.4367573095131e-10 -.12112327789065604 0 .0010000000000000002
QC2RP1595 -1.600000 .01 1.80246978099053e-07 -9.13339932540757e-05 1.69625704368149e-07 -1.1523911422965e-10 -.12112327789065604 0 .0010000000000000002
QC2RP1585 -1.590000 .01 1.44628970780774e-07 -7.32850110104338e-05 1.36105094300116e-07 -9.24661175347843e-11 -.12112327789065604 0 .0010000000000000002
QC2RP1575 -1.580000 .01 1.16468616078188e-07 -5.90151210511496e-05 1.09603022806979e-07 -7.44613263231714e-11 -.12112327789065604 0 .0010000000000000002
QC2RP1565 -1.570000 .01 9.42930843333882e-08 -4.77780343617122e-05 8.87334801612244e-08 -6.0283123110155e-11 -.12112327789065604 0 .0010000000000000002
QC2RP1555 -1.560000 .01 7.68152012470774e-08 -3.89215479182538e-05 7.22851933309191e-08 -4.91086018112572e-11 -.12112327789065604 0 .0010000000000000002
QC2RP1545 -1.550000 .01 6.29899814186397e-08 -3.19161797295579e-05 5.92748070707613e-08 -4.02696975199258e-11 -.12112327789065604 0 .0010000000000000002
QC2RP1535 -1.540000 .01 5.19976260823319e-08 -2.63465497413674e-05 4.89308765256854e-08 -3.32423115099822e-11 -.12112327789065604 0 .0010000000000000002
QC2RP1525 -1.530000 .01 4.3205308250276e-08 -2.18920154350446e-05 4.06579036204351e-08 -2.76218785312313e-11 -.12112327789065604 0 .0010000000000000002
QC2RP1515 -1.520000 .01 3.61278057532523e-08 -1.83067239336986e-05 3.39992897848096e-08 -2.30981978932803e-11 -.12112327789065604 0 .0010000000000000002
QC2RP1505 -1.510000 .01 3.03936347879254e-08 -1.54024512492442e-05 2.86054649636374e-08 -1.94337811770763e-11 -.12112327789065604 0 .0010000000000000002
QC2RP1495 -1.500000 .01 2.57180422663531e-08 -1.30349181467244e-05 2.42084734059188e-08 -1.64465865092073e-11 -.12112327789065604 0 .0010000000000000002
QC2RP1485 -1.490000 .01 2.1882394692218e-08 -1.10933456588295e-05 2.06025761432198e-08 -1.39968404097979e-11 -.12112327789065604 0 .0010000000000000002
QC2RP1475 -1.480000 .01 1.87192161016634e-08 -9.49287147967015e-06 1.76301667030862e-08 -1.1977469306197e-11 -.12112327789065604 0 .0010000000000000002
QC2RP1465 -1.470000 .01 1.61028724037054e-08 -8.16982775340506e-06 1.51730010110347e-08 -1.030814136301e-11 -.12112327789065604 0 .0010000000000000002
QC2RP1455 -1.460000 .01 1.39483446484936e-08 -7.08111795643463e-06 1.31510401379742e-08 -8.93448027379208e-12 -.12112327789065604 0 .0010000000000000002
QC2RP1445 -1.450000 .01 1.22263515792883e-08 -6.21187875877497e-06 1.1536679929041e-08 -7.83773248446314e-12 -.12112327789065604 0 .0010000000000000002
QC1RP1415 -1.420000 .01 1.90211224177628e-10 5.76697195623501e-07 -6.9892910352874e-13 1.34041810617824e-13 .41275879561224516 0 .0010000000000000002
QC1RP1405 -1.410000 .01 2.18179309508004e-10 6.63163366432298e-07 -8.01697533141406e-13 1.5328770782856e-13 .41275879561224516 0 .0010000000000000002
QC1RP1395 -1.400000 .01 2.4684055998125e-10 7.64255645654817e-07 -9.07012990594854e-13 1.76067236642074e-13 .41275879561224516 0 .0010000000000000002
QC1RP1385 -1.390000 .01 2.76094525127511e-10 8.83140538230639e-07 -1.01450637184584e-12 2.03156873682964e-13 .41275879561224516 0 .0010000000000000002
QC1RP1375 -1.380000 .01 3.05925358113626e-10 1.02391564808554e-06 -1.12411944777323e-12 2.35562084789079e-13 .41275879561224516 0 .0010000000000000002
QC1RP1365 -1.370000 .01 3.36395496352543e-10 1.19182393689446e-06 -1.23608164394764e-12 2.74573573023303e-13 .41275879561224516 0 .0010000000000000002
QC1RP1355 -1.360000 .01 3.67685500302088e-10 1.39362288036411e-06 -1.3510564279425e-12 3.21861214794055e-13 .41275879561224516 0 .0010000000000000002
QC1RP1345 -1.350000 .01 4.00215199226701e-10 1.63810138408576e-06 -1.47058645785125e-12 3.7960619614263e-13 .41275879561224516 0 .0010000000000000002
QC1RP1335 -1.340000 .01 4.34735395729922e-10 1.93680344925296e-06 -1.59743054970205e-12 4.50687314755869e-13 .41275879561224516 0 .0010000000000000002
QC1RP1325 -1.330000 .01 4.7213230843552e-10 2.30505307862956e-06 -1.73484510436261e-12 5.38946993585642e-13 .41275879561224516 0 .0010000000000000002
QC1RP1315 -1.320000 .01 5.12809254317929e-10 2.76342511616145e-06 -1.88431210582479e-12 6.49576604299645e-13 .41275879561224516 0 .0010000000000000002
QC1RP1305 -1.310000 .01 5.56080643753397e-10 3.33988625203763e-06 -2.04331236229815e-12 7.89683376236935e-13 .41275879561224516 0 .0010000000000000002
QC1RP1295 -1.300000 .01 -1.65884067875991e-08 4.07295877406819e-06 -3.03642676970067e-08 1.07138900111052e-11 .41275879561224516 0 .0010000000000000002
QC1RP1285 -1.290000 .01 -2.60243349988168e-08 5.01647578138207e-06 -4.72092731531337e-08 1.8499140161678e-11 .41275879561224516 0 .0010000000000000002
QC1RP1275 -1.280000 .01 -2.87913308395574e-08 6.24685501803659e-06 -5.2321649687525e-08 5.95113855989575e-12 .41275879561224516 0 .0010000000000000002
QC1RP1265 -1.270000 .01 -3.19764207347056e-08 7.87440684868537e-06 -5.82273486093342e-08 2.4802387644243e-11 .41275879561224516 0 .0010000000000000002
QC1RP1255 -1.260000 .01 -3.56420040096881e-08 1.00613505257864e-05 -6.50908604919568e-08 4.24308582620347e-11 .41275879561224516 0 .0010000000000000002
QC1RP1245 -1.250000 .01 -3.98302434590711e-08 1.30509917802794e-05 -7.31217761214341e-08 5.93401422437118e-11 .41275879561224516 0 .0010000000000000002
QC1RP1235 -1.240000 .01 -4.44910235670308e-08 1.72162743500621e-05 -8.25870872407992e-08 7.28757449807193e-11 .41275879561224516 0 .0010000000000000002
QC1RP1225 -1.230000 .01 -4.92772884321919e-08 2.31418608384024e-05 -9.38341389667587e-08 1.02697828459429e-10 .41275879561224516 0 .0010000000000000002
QC1RP1215 -1.220000 .01 -5.30017453578688e-08 3.17665089537053e-05 -1.07319300168328e-07 1.28877999928764e-10 .41275879561224516 0 .0010000000000000002
QC1RP1205 -1.210000 .01 -5.25287347905622e-08 4.46330518428512e-05 -1.23654954214919e-07 2.05233557278325e-10 .41275879561224516 0 .0010000000000000002
QC1RP1195 -1.200000 .01 -4.16129220012698e-08 6.43292923767574e-05 -1.43672211645853e-07 2.71805161386189e-10 .41275879561224516 0 .0010000000000000002
QC1RP1185 -1.190000 .01 -1.2437707998201e-08 9.52398443299406e-05 -1.68501461946102e-07 4.18654823995048e-10 .41275879561224516 0 .0010000000000000002
QC1RP1175 -1.180000 .01 3.7684426952381e-08 0.000144654571622163 -1.99680908895019e-07 6.5559502114357e-10 .41275879561224516 0 .0010000000000000002
QC1RP1165 -1.170000 .01 1.01200534357433e-07 0.00022339485150822 -2.39332000211057e-07 9.96852244551542e-10 .41275879561224516 0 .0010000000000000002
QC1RP1155 -1.160000 .01 1.65013620302476e-07 0.000339725314433425 -2.90466613783716e-07 1.66462634254627e-09 .41275879561224516 0 .0010000000000000002
QC1RP1145 -1.150000 .01 2.17709403242999e-07 0.000452517426765385 -3.5741653308428e-07 2.70282549564198e-09 .41275879561224516 0 .0010000000000000002
QC1RP1135 -1.140000 .01 2.50897055638393e-07 0.000233701180293686 -4.46338002421112e-07 4.7014564028918e-09 .41275879561224516 0 .0010000000000000002
QC1RP1125 -1.130000 .01 2.57332985485346e-07 -0.00174335928157513 -5.65346077759175e-07 7.40269496298674e-09 .41275879561224516 0 .0010000000000000002
QC1RP1115 -1.120000 .01 2.30375790965844e-07 -0.00893325572863332 -7.22387904473216e-07 9.48760415808538e-09 .41275879561224516 0 .0010000000000000002
QC1RP1105 -1.110000 .01 1.68183692273275e-07 -0.0235128388619058 -9.11733526096369e-07 1.09009049614155e-08 .41275879561224516 0 .0010000000000000002
QC1RP1095 -1.100000 .01 9.99645074350952e-08 -0.0394117845230007 -1.04792204834765e-06 -1.83655972899373e-09 .41275879561224516 0 .0010000000000000002
QC1RP1085 -1.090000 .01 2.12500487359523e-07 -0.0484546845438314 -6.6861765320327e-07 -2.4378809625278e-07 .41275879561224516 0 .0010000000000000002
QC1RP1075 -1.080000 .01 1.29946740686445e-06 -0.0511317738815261 1.99010288796671e-06 -1.64190906459259e-06 .41275879561224516 0 .0010000000000000002
QC1RP1065 -1.070000 .01 4.64912278076855e-06 -0.051452763149067 9.22789347927854e-06 -3.00673525953035e-06 .41275879561224516 0 .0010000000000000002
QC1RP1055 -1.060000 .01 9.45475826437254e-06 -0.0513307606399879 1.82039906611864e-05 -2.8481711922291e-06 .41275879561224516 0 .0010000000000000002
QC1RP1045 -1.050000 .01 1.37939331450597e-05 -0.0512014291170897 2.41632448356015e-05 -2.24489876925024e-06 .41275879561224516 0 .0010000000000000002
QC1RP1035 -1.040000 .01 1.624716107562e-05 -0.0511154967069593 2.62815982700999e-05 -2.47088057602543e-07 .41275879561224516 0 .0010000000000000002
QC1RP1025 -1.030000 .01 1.68935985075165e-05 -0.0510625455364574 2.65768066505936e-05 7.00350050712292e-07 .41275879561224516 0 .0010000000000000002
QC1RP1015 -1.020000 .01 1.68716777423172e-05 -0.0510299461973893 2.64406646001993e-05 8.13874823521691e-07 .41275879561224516 0 .0010000000000000002
QC1RP1005 -1.010000 .01 1.67253905059633e-05 -0.0510094867174281 2.62652166368112e-05 8.06023837517852e-07 .41275879561224516 0 .0010000000000000002
QC1RP995 -1.000000 .01 1.65715397260301e-05 -0.0509963583362284 2.61234712892185e-05 7.93946146399927e-07 .41275879561224516 0 .0010000000000000002
QC1RP985 -.990000 .01 1.64237082363746e-05 -0.050987780162639 2.60195402991306e-05 7.8712051900835e-07 .41275879561224516 0 .0010000000000000002
QC1RP975 -.980000 .01 1.62829244897343e-05 -0.0509821172466159 2.59459362150254e-05 7.81450024160536e-07 .41275879561224516 0 .0010000000000000002
QC1RP965 -.970000 .01 1.61541408319497e-05 -0.0509784143779112 2.5895486301654e-05 7.81159783719558e-07 .41275879561224516 0 .0010000000000000002
QC1RP955 -.960000 .01 1.60445400238946e-05 -0.0509760913191471 2.58629095304024e-05 7.804195270114e-07 .41275879561224516 0 .0010000000000000002
QC1RP945 -.950000 .01 1.59598099761386e-05 -0.050974820193687 2.58448488716626e-05 7.80989880573467e-07 .41275879561224516 0 .0010000000000000002
QC1RP935 -.940000 .01 1.59022764528627e-05 -0.0509744217279325 2.583957192046e-05 7.79578273822834e-07 .41275879561224516 0 .0010000000000000002
QC1RP925 -.930000 .01 1.58712324999859e-05 -0.0509748502785648 2.58464007439234e-05 7.80311845924566e-07 .41275879561224516 0 .0010000000000000002
QC1RP915 -.920000 .01 1.58629956673044e-05 -0.0509761554123039 2.58662518155194e-05 7.79408623359195e-07 .41275879561224516 0 .0010000000000000002
QC1RP905 -.910000 .01 1.58712426357398e-05 -0.0509785216495473 2.59008745868959e-05 7.81153481444334e-07 .41275879561224516 0 .0010000000000000002
QC1RP895 -.900000 .01 1.5888197892999e-05 -0.050982285480971 2.59538957770893e-05 7.82916575314057e-07 .41275879561224516 0 .0010000000000000002
QC1RP885 -.890000 .01 1.5907481265747e-05 -0.0509880345148325 2.60308624236103e-05 7.86255721107545e-07 .41275879561224516 0 .0010000000000000002
QC1RP875 -.880000 .01 1.5927520823099e-05 -0.0509967492040337 2.61395781872232e-05 7.95243747698138e-07 .41275879561224516 0 .0010000000000000002
QC1RP865 -.870000 .01 1.59501029032217e-05 -0.0510100752320566 2.62882019949666e-05 8.10078314116907e-07 .41275879561224516 0 .0010000000000000002
QC1RP855 -.860000 .01 1.59595445142014e-05 -0.0510308294140472 2.64728319709656e-05 8.26537271088556e-07 .41275879561224516 0 .0010000000000000002
QC1RP845 -.850000 .01 1.58275864775965e-05 -0.0510638453583002 2.66182868832142e-05 7.56194725962233e-07 .41275879561224516 0 .0010000000000000002
QC1RP835 -.840000 .01 1.49894441299763e-05 -0.0511172393695442 2.63040824045753e-05 -6.19451130341737e-08 .41275879561224516 0 .0010000000000000002
QC1RP825 -.830000 .01 1.23641621990293e-05 -0.0512029917045286 2.40306645709458e-05 -3.20235591586507e-06 .41275879561224516 0 .0010000000000000002
QC1RP815 -.820000 .01 8.01257627742001e-06 -0.051328788573449 1.78012665544705e-05 -4.77004266133344e-06 .41275879561224516 0 .0010000000000000002
QC1RP805 -.810000 .01 3.32205975448227e-06 -0.0514322052734784 8.72036233911417e-06 5.81192203111644e-07 .41275879561224516 0 .0010000000000000002
QC1RP795 -.800000 .01 1.17557646022536e-07 -0.0510407153268907 1.71351473070676e-06 2.36018292889675e-06 .41275879561224516 0 .0010000000000000002
QC1RP785 -.790000 .01 -9.00738180908062e-07 -0.0481686186333511 -7.30051464308551e-07 4.45425453969695e-07 .41275879561224516 0 .0010000000000000002
QC1RP775 -.780000 .01 -1.01393189430174e-06 -0.0388555574639173 -1.047431892297e-06 1.35363613397387e-09 .41275879561224516 0 .0010000000000000002
QC1RP765 -.770000 .01 -9.91629934562085e-07 -0.0230741597528475 -9.00320292038234e-07 -2.62601790512167e-08 .41275879561224516 0 .0010000000000000002
QC1RP755 -.760000 .01 -1.02951747510055e-06 -0.0089446675394438 -7.10649411518252e-07 -1.24171541472731e-08 .41275879561224516 0 .0010000000000000002
QC1RP745 -.750000 .01 -1.16736927313432e-06 -0.00191078942272502 -5.54701455556016e-07 -3.73018007653156e-09 .41275879561224516 0 .0010000000000000002
QC1RP735 -.740000 .01 -1.4029378925856e-06 0.000138944852727254 -4.36394243700708e-07 -1.14522647514439e-09 .41275879561224516 0 .0010000000000000002
QC1RP725 -.730000 .01 -1.71925722114053e-06 0.00042583983955049 -3.47580469924638e-07 -4.46256983960347e-10 .41275879561224516 0 .0010000000000000002
QC1RP715 -.720000 .01 -2.0850141176794e-06 0.00033560166171817 -2.80289411295782e-07 -1.66185047855432e-10 .41275879561224516 0 .0010000000000000002
QC1RP705 -.710000 .01 -2.43864532281349e-06 0.000223785464115817 -2.28659765281645e-07 -5.66412235453019e-11 .41275879561224516 0 .0010000000000000002
QC1RP695 -.700000 .01 -2.68955927833001e-06 0.000145447158574976 -1.88720771587684e-07 -1.18900235538023e-11 .41275879561224516 0 .0010000000000000002
QC1RP685 -.690000 .01 -2.76241579175813e-06 9.57833094741005e-05 -1.57742902478879e-07 2.31244676266993e-12 .41275879561224516 0 .0010000000000000002
QC1RP675 -.680000 .01 -2.64501073822085e-06 6.46228216585581e-05 -1.33656978658955e-07 4.17437088252135e-12 .41275879561224516 0 .0010000000000000002
QC1RP665 -.670000 .01 -2.38620541858246e-06 4.47546959657301e-05 -1.14780150058005e-07 1.45489426136725e-11 .41275879561224516 0 .0010000000000000002
QC1RP655 -.660000 .01 -2.05607331810746e-06 3.17789436836689e-05 -9.97681002455576e-08 1.56102678721186e-11 .41275879561224516 0 .0010000000000000002
QC1RP645 -.650000 .01 -1.71258897982139e-06 2.30864253468581e-05 -8.76120534973898e-08 6.16480165770291e-12 .41275879561224516 0 .0010000000000000002
QC1RP635 -.640000 .01 -1.39117214820249e-06 1.71192123092911e-05 -7.75884940088336e-08 1.56370346239563e-11 .41275879561224516 0 .0010000000000000002
QC1RP625 -.630000 .01 -1.10810174175971e-06 1.29290881519456e-05 -6.91911531666754e-08 1.19686046144458e-11 .41275879561224516 0 .0010000000000000002
QC1RP615 -.620000 .01 -8.67357645401438e-07 9.92550784398804e-06 -6.2063226805248e-08 1.09983759093876e-11 .41275879561224516 0 .0010000000000000002
QC1RP605 -.610000 .01 -6.66564189929038e-07 7.73194233309066e-06 -5.59484298918588e-08 2.10772711403358e-12 .41275879561224516 0 .0010000000000000002
QC1RP595 -.600000 .01 -5.0090726232392e-07 6.10274716993678e-06 -5.06583954636923e-08 -5.49623858564195e-12 .41275879561224516 0 .0010000000000000002
QC1RP585 -.590000 .01 -3.65089649411569e-07 4.87417419951958e-06 -4.60484546003777e-08 4.2603032333384e-12 .41275879561224516 0 .0010000000000000002
QC1RP575 -.580000 .01 -2.47975613020516e-07 3.93493369997307e-06 -2.95796892786374e-08 2.74706338304193e-12 .41275879561224516 0 .0010000000000000002
QC1RP565 -.570000 .01 -1.44283964517544e-07 3.20794233529387e-06 5.30169880395772e-10 7.89683394389403e-13 .41275879561224516 0 .0010000000000000002
QC1RP555 -.560000 .01 -7.18898288140517e-08 2.63888382500698e-06 2.64158405071933e-10 6.49576623280739e-13 .41275879561224516 0 .0010000000000000002
QC1RP545 -.550000 .01 -1.25492112541868e-08 2.18890727387893e-06 4.61119421846894e-11 5.38947013384626e-13 .41275879561224516 0 .0010000000000000002
QC1RP535 -.540000 .01 3.63325834593408e-08 1.82980796688211e-06 -1.33503688307751e-10 4.50687335042716e-13 .41275879561224516 0 .0010000000000000002
QC1RP525 -.530000 .01 7.68018911775759e-08 1.54083744892625e-06 -2.82207725500831e-10 3.79606217165929e-13 .41275879561224516 0 .0010000000000000002
QC1RP515 -.520000 .01 1.10486093343708e-07 1.30654326091134e-06 -4.05979965177752e-10 3.21861236534577e-13 .41275879561224516 0 .0010000000000000002
QC1RP505 -.510000 .01 1.38684209271561e-07 1.11528510218674e-06 -5.09593639780716e-10 2.74573595407305e-13 .41275879561224516 0 .0010000000000000002
QC1RP495 -.500000 .01 1.62418827329404e-07 9.58200998631072e-07 -5.9680623926489e-10 2.35562107397044e-13 .41275879561224516 0 .0010000000000000002
QC1RP485 -.490000 .01 1.82493372060707e-07 8.28477408635043e-07 -6.70569938610038e-10 2.0315689684262e-13 .41275879561224516 0 .0010000000000000002
QC1RP475 -.480000 .01 1.99550478075224e-07 7.20827822529978e-07 -7.33246091800957e-10 1.76067260346055e-13 .41275879561224516 0 .0010000000000000002
QC1RP465 -.470000 .01 2.14114910461663e-07 6.31119596382842e-07 -7.86762942392872e-10 1.53287732248908e-13 .41275879561224516 0 .0010000000000000002
QC1RP455 -.460000 .01 2.26619341999002e-07 5.56146798040198e-07 -8.32710342045799e-10 1.34041835842945e-13 .41275879561224516 0 .0010000000000000002
QC1RP445 -.450000 .01 2.37414357330911e-07 4.94144231748846e-07 -8.72376510080723e-10 1.17922650361954e-13 .41275879561224516 0 .0010000000000000002
QC1RP435 -.440000 .01 2.46779638632773e-07 2.29527666160743e-07 -9.06789135763524e-10 5.4349424935418e-14 .41275879561224516 0 .0010000000000000002
QC1LP435 0.430000 .01 -4.55249441206519e-07 2.2953187997593e-07 -3.16312702595224e-09 4.09885696824355e-13 -.7820873903535738 0 .0015
QC1LP445 0.440000 .01 -4.35368401881968e-07 4.94153307252136e-07 -3.02499121049651e-09 8.8933431827843e-13 -.7820873903535738 0 .0015
QC1LP455 0.450000 .01 -4.12466915122666e-07 5.56157018232856e-07 -2.86586896868537e-09 1.01090000975561e-12 -.7820873903535738 0 .0015
QC1LP465 0.460000 .01 -3.85973752670164e-07 6.31131200824529e-07 -2.68179133868497e-09 1.15604634581616e-12 -.7820873903535738 0 .0015
QC1LP475 0.470000 .01 -3.55179356603973e-07 7.20841082901454e-07 -2.46782822833314e-09 1.32784218912872e-12 -.7820873903535738 0 .0015
QC1LP485 0.480000 .01 -3.19179526080474e-07 8.28492655632745e-07 -2.21769714291297e-09 1.53214347564283e-12 -.7820873903535738 0 .0015
QC1LP495 0.490000 .01 -2.7678340540832e-07 9.58218639430773e-07 -1.92312387611588e-09 1.77653310363118e-12 -.7820873903535738 0 .0015
QC1LP505 0.500000 .01 -2.26447918288874e-07 1.1153056410435e-06 -1.5733869511688e-09 2.07074513829406e-12 -.7820873903535738 0 .0015
QC1LP515 0.510000 .01 -1.66283402724706e-07 1.30656732884123e-06 -1.15535677259774e-09 2.427373247938e-12 -.7820873903535738 0 .0015
QC1LP525 0.520000 .01 -9.40588656631738e-08 1.54086583989681e-06 -6.53532136624982e-10 2.86286723251873e-12 -.7820873903535738 0 .0015
QC1LP535 0.530000 .01 -7.10823157770069e-09 1.82984168955218e-06 -4.93888347248246e-11 3.39893805390176e-12 -.7820873903535738 0 .0015
QC1LP545 0.540000 .01 9.78696462918121e-08 2.18894762148602e-06 6.80009891694093e-10 4.06456402364186e-12 -.7820873903535738 0 .0015
QC1LP555 0.550000 .01 2.24959715826977e-07 2.63893247446469e-06 1.56304674418971e-09 4.89889678919384e-12 -.7820873903535738 0 .0015
QC1LP565 0.560000 .01 3.79087064869629e-07 3.20800148330741e-06 2.63394181638387e-09 5.95553677701823e-12 -.7820873903535738 0 .0015
QC1LP575 0.570000 .01 5.53517169265036e-07 3.93500878941503e-06 -3.66619704454435e-09 -2.96799180572001e-12 -.7820873903535738 0 .0015
QC1LP585 0.580000 .01 7.73061643187824e-07 4.87426267894229e-06 -6.29573009689106e-09 -6.07396961405363e-12 -.7820873903535738 0 .0015
QC1LP595 0.590000 .01 1.04438748403883e-06 6.10285398179515e-06 -5.65725673494228e-09 -1.18956787182819e-11 -.7820873903535738 0 .0015
QC1LP605 0.600000 .01 1.36985762170106e-06 7.73208607546273e-06 -4.83446577539124e-09 -1.00197575008363e-11 -.7820873903535738 0 .0015
QC1LP615 0.610000 .01 1.75562748283575e-06 9.92569127997682e-06 -3.82440917964192e-09 -1.42604978580708e-11 -.7820873903535738 0 .0015
QC1LP625 0.620000 .01 2.20425587896382e-06 1.29293217726706e-05 -2.65917355732228e-09 -1.61868084851776e-11 -.7820873903535738 0 .0015
QC1LP635 0.630000 .01 2.71140573210703e-06 1.71195250785518e-05 -1.43312081594808e-09 -2.27159441380801e-11 -.7820873903535738 0 .0015
QC1LP645 0.640000 .01 3.26018383189479e-06 2.30868490168707e-05 -3.46390062087257e-10 -3.54066607877173e-11 -.7820873903535738 0 .0015
QC1LP655 0.650000 .01 3.81271768129318e-06 3.17795221978517e-05 2.297340868972e-10 -4.32201270723881e-11 -.7820873903535738 0 .0015
QC1LP665 0.660000 .01 4.30364505688654e-06 4.47555109427894e-05 -3.02372705162073e-10 -6.42943795100228e-11 -.7820873903535738 0 .0015
QC1LP675 0.670000 .01 4.6437496633647e-06 6.46240022746899e-05 -2.75497195792018e-09 -8.88404039113619e-11 -.7820873903535738 0 .0015
QC1LP685 0.680000 .01 4.74101231715914e-06 9.5785055544258e-05 -8.03017592682477e-09 -1.16960563527848e-10 -.7820873903535738 0 .0015
QC1LP695 0.690000 .01 4.53645239612873e-06 0.000145449811214191 -1.69010290320738e-08 -1.62626066638403e-10 -.7820873903535738 0 .0015
QC1LP705 0.700000 .01 4.03708793078368e-06 0.000223789542594638 -2.98293993211641e-08 -2.1704714062323e-10 -.7820873903535738 0 .0015
QC1LP715 0.710000 .01 3.32426458725644e-06 0.000335607779761927 -4.69762105585899e-08 -3.0257164803239e-10 -.7820873903535738 0 .0015
QC1LP725 0.720000 .01 2.53183850344659e-06 0.000425847581531195 -6.8450804571827e-08 -5.13596600919371e-10 -.7820873903535738 0 .0015
QC1LP735 0.730000 .01 1.80118677400988e-06 0.000138947107483917 -9.47419066760571e-08 -1.95139043696421e-09 -.7820873903535738 0 .0015
QC1LP745 0.740000 .01 1.2281448734088e-06 -0.00191082516767902 -1.27141605870876e-07 -1.24695793242745e-08 -.7820873903535738 0 .0015
QC1LP755 0.750000 .01 8.33987376713378e-07 -0.00894483355155671 -1.67505883609336e-07 -5.90940738507699e-08 -.7820873903535738 0 .0015
QC1LP765 0.760000 .01 5.81533890124158e-07 -0.0230745870274891 -2.15237975959058e-07 -1.48601727813284e-07 -.7820873903535738 0 .0015
QC1LP775 0.770000 .01 4.31643214179438e-07 -0.0388562731420852 -2.52518673976283e-07 -2.08338051198553e-07 -.7820873903535738 0 .0015
QC1LP785 0.780000 .01 4.69362845496192e-07 -0.0481694709359259 -1.78224276255252e-07 1.02043758833541e-07 -.7820873903535738 0 .0015
QC1LP795 0.790000 .01 1.25903421342729e-06 -0.0510414719952859 4.08023661527314e-07 1.91658243721085e-06 -.7820873903535738 0 .0015
QC1LP805 0.800000 .01 3.79314171898578e-06 -0.0514330405988032 2.0951692516366e-06 2.35485580012644e-06 -.7820873903535738 0 .0015
QC1LP815 0.810000 .01 7.49094755154253e-06 -0.051329903654124 4.28590484394409e-06 -4.17403695385236e-07 -.7820873903535738 0 .0015
QC1LP825 0.820000 .01 1.08642912645683e-05 -0.0512040786914608 5.79047782256205e-06 -8.44551127477886e-07 -.7820873903535738 0 .0015
QC1LP835 0.830000 .01 1.28066174479658e-05 -0.0511182119374273 6.32218835231652e-06 -2.01551802637459e-07 -.7820873903535738 0 .0015
QC1LP845 0.840000 .01 1.33338641351647e-05 -0.0510647890884904 6.37001492797182e-06 1.19920836397654e-09 -.7820873903535738 0 .0015
QC1LP855 0.850000 .01 1.33070862166799e-05 -0.0510317692986731 6.31889667980716e-06 2.79189734229081e-08 -.7820873903535738 0 .0015
QC1LP865 0.860000 .01 1.31549801385589e-05 -0.0510110163333803 6.26588181624928e-06 2.78015861530429e-08 -.7820873903535738 0 .0015
QC1LP875 0.870000 .01 1.29757275916952e-05 -0.050997689880172 6.22486549737358e-06 2.61887949558151e-08 -.7820873903535738 0 .0015
QC1LP885 0.880000 .01 1.27894876234833e-05 -0.0509889766531447 6.19506605554839e-06 2.53957809548436e-08 -.7820873903535738 0 .0015
QC1LP895 0.890000 .01 1.26084161506392e-05 -0.0509832276816751 6.17380743047443e-06 2.52099460768843e-08 -.7820873903535738 0 .0015
QC1LP905 0.900000 .01 1.24477756226788e-05 -0.0509794634046752 6.15892506074337e-06 2.52735069382364e-08 -.7820873903535738 0 .0015
QC1LP915 0.910000 .01 1.23214267126589e-05 -0.0509770981317912 6.14898139384054e-06 2.49451885898049e-08 -.7820873903535738 0 .0015
QC1LP925 0.920000 .01 1.22342817947296e-05 -0.050975792107741 6.14303752645991e-06 2.57099633823867e-08 -.7820873903535738 0 .0015
QC1LP935 0.930000 .01 1.21785079267088e-05 -0.0509753644023258 6.14054504086464e-06 2.57206938810083e-08 -.7820873903535738 0 .0015
QC1LP945 0.940000 .01 1.21368115303465e-05 -0.0509757618164393 6.14112241834155e-06 2.62802670433367e-08 -.7820873903535738 0 .0015
QC1LP955 0.950000 .01 1.20901879768595e-05 -0.0509770341117316 6.14476022140971e-06 2.63138921791342e-08 -.7820873903535738 0 .0015
QC1LP965 0.960000 .01 1.2025250461759e-05 -0.0509793561036486 6.15174049052424e-06 2.69981505309443e-08 -.7820873903535738 0 .0015
QC1LP975 0.970000 .01 1.19377439611868e-05 -0.0509830594480916 6.16280078254768e-06 2.79228562191357e-08 -.7820873903535738 0 .0015
QC1LP985 0.980000 .01 1.18336533799655e-05 -0.0509887216012185 6.17918835065043e-06 3.20328295901512e-08 -.7820873903535738 0 .0015
QC1LP995 0.990000 .01 1.17282450741185e-05 -0.0509973008742989 6.202679492102e-06 3.74021100953235e-08 -.7820873903535738 0 .0015
QC1LP1005 1.000000 .01 1.16410364878008e-05 -0.0510104283874382 6.23515844769019e-06 4.68051075575562e-08 -.7820873903535738 0 .0015
QC1LP1015 1.010000 .01 1.15771495598681e-05 -0.0510308880719799 6.27579147891565e-06 5.30543626862833e-08 -.7820873903535738 0 .0015
QC1LP1025 1.020000 .01 1.14535593023414e-05 -0.0510634900053112 6.30737871111144e-06 -3.75623715478245e-08 -.7820873903535738 0 .0015
QC1LP1035 1.030000 .01 1.08459021788495e-05 -0.0511164408883313 6.23703664958198e-06 -7.90525708080693e-07 -.7820873903535738 0 .0015
QC1LP1045 1.040000 .01 8.86022543473753e-06 -0.0512023737072254 5.73423776547789e-06 -2.38162450326924e-06 -.7820873903535738 0 .0015
QC1LP1055 1.050000 .01 5.43073561750023e-06 -0.0513317066729319 4.31864220014363e-06 -2.83163957466141e-06 -.7820873903535738 0 .0015
QC1LP1065 1.060000 .01 1.66318841326099e-06 -0.0514537112303913 2.18531620788572e-06 -2.80869860820426e-06 -.7820873903535738 0 .0015
QC1LP1075 1.070000 .01 -9.44516725828555e-07 -0.0511327165983132 4.64806961982737e-07 -1.56850120546245e-06 -.7820873903535738 0 .0015
QC1LP1085 1.080000 .01 -1.76457716274696e-06 -0.0484555782370047 -1.67227485263252e-07 -4.08433746262958e-07 -.7820873903535738 0 .0015
QC1LP1095 1.090000 .01 -1.80347119874467e-06 -0.039412511529262 -2.57283634319341e-07 -1.77181747550339e-07 -.7820873903535738 0 .0015
QC1LP1105 1.100000 .01 -1.6789007501211e-06 -0.0235132726160803 -2.24678886079002e-07 -1.00058784892494e-07 -.7820873903535738 0 .0015
QC1LP1115 1.110000 .01 -1.53281136751922e-06 -0.00893342055080329 -1.79317171280328e-07 -3.13593887073987e-08 -.7820873903535738 0 .0015
QC1LP1125 1.120000 .01 -1.38304417614917e-06 -0.00174339143877163 -1.41488815184833e-07 2.12894976875036e-09 -.7820873903535738 0 .0015
QC1LP1135 1.130000 .01 -1.22282398485236e-06 0.000233705536351864 -1.1251718854007e-07 6.00257453001711e-09 -.7820873903535738 0 .0015
QC1LP1145 1.140000 .01 -1.04349755067618e-06 0.000452525754261531 -9.04825092734292e-08 3.97485806699342e-09 -.7820873903535738 0 .0015
QC1LP1155 1.150000 .01 -8.42370706128407e-07 0.000339731576744981 -7.34601917999815e-08 2.383359818082e-09 -.7820873903535738 0 .0015
QC1LP1165 1.160000 .01 -6.28524752392418e-07 0.000223398969680333 -6.00641116022739e-08 1.43282862585063e-09 -.7820873903535738 0 .0015
QC1LP1175 1.170000 .01 -4.2423680755723e-07 0.000144657246516333 -4.94240613496059e-08 9.08366405719113e-10 -.7820873903535738 0 .0015
QC1LP1185 1.180000 .01 -2.58616118423352e-07 9.5241607631633e-05 -4.10252879661707e-08 5.86477701105708e-10 -.7820873903535738 0 .0015
QC1LP1195 1.190000 .01 -1.49501394359167e-07 6.43304786750855e-05 -3.44882027462204e-08 3.96407668401411e-10 -.7820873903535738 0 .0015
QC1LP1205 1.200000 .01 -9.01950728134439e-08 4.46338695699244e-05 -2.94080197028697e-08 2.81938057335291e-10 -.7820873903535738 0 .0015
QC1LP1215 1.210000 .01 -6.12789007246609e-08 3.17670849734444e-05 -2.53918780014948e-08 1.97162898067365e-10 -.7820873903535738 0 .0015
QC1LP1225 1.220000 .01 -4.69568194830883e-08 2.3142289596059e-05 -2.21405960693094e-08 1.45188521407274e-10 -.7820873903535738 0 .0015
QC1LP1235 1.230000 .01 -3.89174235267483e-08 1.72165928104492e-05 -1.94557241325549e-08 1.05488875587154e-10 -.7820873903535738 0 .0015
QC1LP1245 1.240000 .01 -3.36144277996666e-08 1.30512335156864e-05 -1.72067449366056e-08 8.45721473375427e-11 -.7820873903535738 0 .0015
QC1LP1255 1.250000 .01 -2.96436515104153e-08 1.00615308451535e-05 -1.53028645227563e-08 5.99400409778344e-11 -.7820873903535738 0 .0015
QC1LP1265 1.260000 .01 -2.64371965750279e-08 7.87455130021008e-06 -1.36777140657159e-08 4.26605195965284e-11 -.7820873903535738 0 .0015
QC1LP1275 1.270000 .01 -2.37419659489374e-08 6.24696892950558e-06 -1.22803757608829e-08 2.73828789688952e-11 -.7820873903535738 0 .0015
QC1LP1285 1.280000 .01 -2.14266979907113e-08 5.01657039517951e-06 -1.10714095643354e-08 2.80817759079977e-11 -.7820873903535738 0 .0015
QC1LP1295 1.290000 .01 -1.400881883668e-08 4.07303443705152e-06 -7.11737985384261e-09 1.96412670912805e-11 -.7820873903535738 0 .0015
QC1LP1305 1.300000 .01 -6.85236646196418e-10 3.33994788996004e-06 -4.76110536023028e-12 5.95553691388144e-12 -.7820873903535738 0 .0015
QC1LP1315 1.310000 .01 -5.9044418370901e-10 2.76347612156993e-06 -4.10247610594087e-12 4.89889693240098e-12 -.7820873903535738 0 .0015
QC1LP1325 1.320000 .01 -5.01595780541328e-10 2.30509562982977e-06 -3.48514687980365e-12 4.06456417304865e-12 -.7820873903535738 0 .0015
QC1LP1335 1.330000 .01 -4.19342563050976e-10 1.93683920820005e-06 -2.91364178465378e-12 3.39893820681448e-12 -.7820873903535738 0 .0015
QC1LP1345 1.340000 .01 -3.43946328566431e-10 1.63813163408672e-06 -2.38977981934487e-12 2.86286739104779e-12 -.7820873903535738 0 .0015
QC1LP1355 1.350000 .01 -2.75432206657004e-10 1.39364862164418e-06 -1.91373558723189e-12 2.42737341184031e-12 -.7820873903535738 0 .0015
QC1LP1365 1.360000 .01 -2.13900369292402e-10 1.19184595664378e-06 -1.4862050949468e-12 2.07074530703017e-12 -.7820873903535738 0 .0015
QC1LP1375 1.370000 .01 -1.59640743112093e-10 1.02393457085035e-06 -1.10920278699106e-12 1.77653327413445e-12 -.7820873903535738 0 .0015
QC1LP1385 1.380000 .01 -1.13106087531802e-10 8.83156864982105e-07 -7.85874489653015e-13 1.5321436502843e-12 -.7820873903535738 0 .0015
QC1LP1395 1.390000 .01 -7.48523999307271e-11 7.64269780199617e-07 -5.2008333838252e-13 1.32784236794628e-12 -.7820873903535738 0 .0015
QC1LP1405 1.400000 .01 -4.55038121481382e-11 6.63175637274142e-07 -3.16165875147196e-13 1.15604652997148e-12 -.7820873903535738 0 .0015
QC1LP1415 1.410000 .01 -2.57081078685985e-11 5.76707872716645e-07 -1.78622977706222e-13 1.01090020006053e-12 -.7820873903535738 0 .0015
QC2LP1445 1.440000 .01 1.1974225661657e-08 -6.17924636530505e-06 1.1898279688126e-08 5.08179088634442e-09 -.21342677868623164 0 .0015
QC2LP1455 1.450000 .01 1.36444576906326e-08 -7.04391925768126e-06 1.3563216895928e-08 5.792894889062e-09 -.21342677868623164 0 .0015
QC2LP1465 1.460000 .01 1.5734670043239e-08 -8.12690982166521e-06 1.56485239063717e-08 6.68354259149893e-09 -.21342677868623164 0 .0015
QC2LP1475 1.470000 .01 1.8273356965275e-08 -9.44300330680397e-06 1.81826697564625e-08 7.76589333185903e-09 -.21342677868623164 0 .0015
QC2LP1485 1.480000 .01 2.1343462302343e-08 -1.10350698412543e-05 2.12482016070238e-08 9.07520335559427e-09 -.21342677868623164 0 .0015
QC2LP1495 1.490000 .01 2.50676035758801e-08 -1.29664428193127e-05 2.49670691415491e-08 1.06635578276116e-08 -.21342677868623164 0 .0015
QC2LP1505 1.500000 .01 2.96094194839828e-08 -1.53215387469186e-05 2.95018183709074e-08 1.26003805910755e-08 -.21342677868623164 0 .0015
QC2LP1515 1.510000 .01 3.51829968255234e-08 -1.82105546447069e-05 3.50646372059858e-08 1.4976297295468e-08 -.21342677868623164 0 .0015
QC2LP1525 1.520000 .01 4.2067742540684e-08 -2.17770118168147e-05 4.19318816383016e-08 1.79093393660216e-08 -.21342677868623164 0 .0015
QC2LP1535 1.530000 .01 5.06284628059821e-08 -2.62081454688454e-05 5.04640810834676e-08 2.15534883896788e-08 -.21342677868623164 0 .0015
QC2LP1545 1.540000 .01 6.13414460890962e-08 -3.17485169585815e-05 6.1132148519761e-08 2.61098707831025e-08 -.21342677868623164 0 .0015
QC2LP1555 1.550000 .01 7.48271975831211e-08 -3.87170843982912e-05 7.45502496660012e-08 3.18407965971026e-08 -.21342677868623164 0 .0015
QC2LP1565 1.560000 .01 9.18886366485171e-08 -4.75270457587437e-05 9.15140108464361e-08 3.90860784169001e-08 -.21342677868623164 0 .0015
QC2LP1575 1.570000 .01 1.13548311896963e-07 -5.87051015450144e-05 1.13037609498435e-07 4.82788729202336e-08 -.21342677868623164 0 .0015
QC2LP1585 1.580000 .01 1.41065021264147e-07 -7.29000286140084e-05 1.40370283264177e-07 5.99527319553032e-08 -.21342677868623164 0 .0015
QC2LP1595 1.590000 .01 1.75878698841861e-07 -9.08541955594571e-05 1.74941482376282e-07 7.47181768916912e-08 -.21342677868623164 0 .0015
QC2LP1605 1.600000 .01 2.19358395285343e-07 -0.000113273544704693 2.18110516891021e-07 9.31557722599104e-08 -.21342677868623164 0 .0015
QC2LP1615 1.610000 .01 2.72058311034313e-07 -0.000140444046259301 2.70428029046373e-07 1.15500698973444e-07 -.21342677868623164 0 .0015
QC2LP1625 1.620000 .01 3.31807164892978e-07 -0.000171246494498396 3.29738958022961e-07 1.40832526106509e-07 -.21342677868623164 0 .0015
QC2LP1635 1.630000 .01 3.891396584081e-07 -0.000200800468178785 3.86645926391933e-07 1.65137612070961e-07 -.21342677868623164 0 .0015
QC2LP1645 1.640000 .01 4.1697293721885e-07 -0.000215140581216634 4.14258225976181e-07 1.76930871545783e-07 -.21342677868623164 0 .0015
QC2LP1655 1.650000 .01 3.48868472935882e-07 -0.000180005866052849 3.46605493386563e-07 1.48036203044438e-07 -.21342677868623164 0 .0015
QC2LP1665 1.660000 .01 3.83562845101681e-08 -1.98622208527761e-05 3.82449061968708e-08 1.63346218851099e-08 -.21342677868623164 0 .0015
QC2LP1675 1.670000 .01 -8.01034657614752e-07 0.000413024759917874 -7.95289859723842e-07 -3.3967013721448e-07 -.21342677868623164 0 .0015
QC2LP1685 1.680000 .01 -2.63901399048754e-06 0.00136088735558241 -2.6204231646898e-06 -1.11918906483002e-06 -.21342677868623164 0 .0015
QC2LP1695 1.690000 .01 -6.04440282601244e-06 0.00311707038871271 -6.00199785910898e-06 -2.56346793071623e-06 -.21342677868623164 0 .0015
QC2LP1705 1.700000 .01 -1.13472969720655e-05 0.00585180662958814 -1.12678014326981e-05 -4.81250557768023e-06 -.21342677868623164 0 .0015
QC2LP1715 1.710000 .01 -1.81752036600335e-05 0.0093729998471339 -1.80479477474133e-05 -7.70832272820721e-06 -.21342677868623164 0 .0015
QC2LP1725 1.720000 .01 -2.53684283657305e-05 0.013082589339171 -2.51908558400981e-05 -1.07590763247233e-05 -.21342677868623164 0 .0015
QC2LP1735 1.730000 .01 -3.15654515229845e-05 0.0162784320069516 -3.13445314688944e-05 -1.3387326305903e-05 -.21342677868623164 0 .0015
QC2LP1745 1.740000 .01 -3.59671325508916e-05 0.0185484066693299 -3.57154249074925e-05 -1.5254145634596e-05 -.21342677868623164 0 .0015
QC2LP1755 1.750000 .01 -3.8581304781657e-05 0.0198965530569935 -3.83113147590553e-05 -1.63628565713784e-05 -.21342677868623164 0 .0015
QC2LP1765 1.760000 .01 -3.98961002535724e-05 0.0205746036019792 -3.96169181689048e-05 -1.69204829996328e-05 -.21342677868623164 0 .0015
QC2LP1775 1.770000 .01 -4.04509115468063e-05 0.020860726073067 -4.01678541898743e-05 -1.71557891324513e-05 -.21342677868623164 0 .0015
QC2LP1785 1.780000 .01 -4.06279510792986e-05 0.0209520295478613 -4.03436613210406e-05 -1.72308767950352e-05 -.21342677868623164 0 .0015
QC2LP1795 1.790000 .01 -4.0641773000333e-05 0.0209591607975253 -4.03573927102667e-05 -1.72367415101491e-05 -.21342677868623164 0 .0015
QC2LP1805 1.800000 .01 -4.05963555543858e-05 0.0209357419813027 -4.03122991772778e-05 -1.72174819565055e-05 -.21342677868623164 0 .0015
QC2LP1815 1.810000 .01 -4.0536826910336e-05 0.0209050459456547 -4.02531931747733e-05 -1.71922376427202e-05 -.21342677868623164 0 .0015
QC2LP1825 1.820000 .01 -4.04805886294653e-05 0.020876046770506 -4.01973545199399e-05 -1.71683888211536e-05 -.21342677868623164 0 .0015
QC2LP1835 1.830000 .01 -4.04330393616294e-05 0.0208515285677071 -4.01501440903556e-05 -1.71482251357837e-05 -.21342677868623164 0 .0015
QC2LP1845 1.840000 .01 -4.03948041561596e-05 0.0208318136781692 -4.01121825615744e-05 -1.71320116786635e-05 -.21342677868623164 0 .0015
QC2LP1855 1.850000 .01 -4.03648568012082e-05 0.020816372879274 -4.00824509020985e-05 -1.71193132189381e-05 -.21342677868623164 0 .0015
QC2LP1865 1.860000 .01 -4.03417901363391e-05 0.0208044804906855 -4.00595517961419e-05 -1.71095329596033e-05 -.21342677868623164 0 .0015
QC2LP1875 1.870000 .01 -4.03242885842234e-05 0.0207954580619743 -4.00421788702952e-05 -1.71021129453675e-05 -.21342677868623164 0 .0015
QC2LP1885 1.880000 .01 -4.03112720393933e-05 0.0207887485775889 -4.00292595770655e-05 -1.70965950885633e-05 -.21342677868623164 0 .0015
QC2LP1895 1.890000 .01 -4.03019133986912e-05 0.0207839254970005 -4.00199726019047e-05 -1.70926286037317e-05 -.21342677868623164 0 .0015
QC2LP1905 1.900000 .01 -4.02956144538602e-05 0.0207806803217263 -4.00137239232023e-05 -1.70899597827853e-05 -.21342677868623164 0 .0015
QC2LP1915 1.910000 .01 -4.02919742656109e-05 0.0207788062853657 -4.00101154070396e-05 -1.70884185817496e-05 -.21342677868623164 0 .0015
QC2LP1925 1.920000 .01 -4.02907629026419e-05 0.0207781848111832 -4.00089187309219e-05 -1.70879074835266e-05 -.21342677868623164 0 .0015
QC2LP1935 1.930000 .01 -4.02919048951194e-05 0.0207787769793024 -4.00100589536444e-05 -1.70883944805443e-05 -.21342677868623164 0 .0015
QC2LP1945 1.940000 .01 -4.02954736072756e-05 0.0207806206245193 -4.00136089270592e-05 -1.70899106880083e-05 -.21342677868623164 0 .0015
QC2LP1955 1.950000 .01 -4.03016967448701e-05 0.0207838331762173 -4.00197947644042e-05 -1.70925526794382e-05 -.21342677868623164 0 .0015
QC2LP1965 1.960000 .01 -4.03109728012253e-05 0.0207886201395966 -4.00290121711246e-05 -1.70964894616016e-05 -.21342677868623164 0 .0015
QC2LP1975 1.970000 .01 -4.03238972816725e-05 0.0207952886198174 -4.00418524859507e-05 -1.71019735967224e-05 -.21342677868623164 0 .0015
QC2LP1985 1.980000 .01 -4.03412944666292e-05 0.0208042637019041 -4.00591342208192e-05 -1.71093546732576e-05 -.21342677868623164 0 .0015
QC2LP1995 1.990000 .01 -4.03642420811978e-05 0.020816101172458 -4.00819275568537e-05 -1.71190897681902e-05 -.21342677868623164 0 .0015
QC2LP2005 2.000000 .01 -4.03940553371563e-05 0.0208314792895485 -4.01115384970841e-05 -1.71317366786159e-05 -.21342677868623164 0 .0015
QC2LP2015 2.010000 .01 -4.04321469600675e-05 0.0208511265969777 -4.01493698709958e-05 -1.71478945564431e-05 -.21342677868623164 0 .0015
QC2LP2025 2.020000 .01 -4.04795638926114e-05 0.0208755829985093 -4.01964612769382e-05 -1.7168007416664e-05 -.21342677868623164 0 .0015
QC2LP2035 2.030000 .01 -4.05357379556723e-05 0.0209045554638269 -4.02522484777117e-05 -1.71918342721577e-05 -.21342677868623164 0 .0015
QC2LP2045 2.040000 .01 -4.05954091416758e-05 0.0209353313485635 -4.03115082082946e-05 -1.72171442535579e-05 -.21342677868623164 0 .0015
QC2LP2055 2.050000 .01 -4.06414888382557e-05 0.0209590979126039 -4.03572713155545e-05 -1.72366897938067e-05 -.21342677868623164 0 .0015
QC2LP2065 2.060000 .01 -4.0629498409337e-05 0.0209529171955564 -4.03453701786639e-05 -1.72316067934364e-05 -.21342677868623164 0 .0015
QC2LP2075 2.070000 .01 -4.04566377919498e-05 0.0208637744968639 -4.01737236554171e-05 -1.71582961456618e-05 -.21342677868623164 0 .0015
QC2LP2085 2.080000 .01 -3.99099690468816e-05 0.020581856304011 -3.96308830593356e-05 -1.69264475967548e-05 -.21342677868623164 0 .0015
QC2LP2095 2.090000 .01 -3.86080783799537e-05 0.0199104649765567 -3.83381021255132e-05 -1.63742976860174e-05 -.21342677868623164 0 .0015
QC2LP2105 2.100000 .01 -3.60083783727427e-05 0.0185697843797541 -3.57565878337203e-05 -1.52717265898747e-05 -.21342677868623164 0 .0015
QC2LP2115 2.110000 .01 -3.16133829057188e-05 0.0163032567248357 -3.13923316977534e-05 -1.34077420682212e-05 -.21342677868623164 0 .0015
QC2LP2125 2.120000 .01 -2.54060861189169e-05 0.0131021093452595 -2.52284417367431e-05 -1.07751295103673e-05 -.21342677868623164 0 .0015
QC2LP2135 2.130000 .01 -1.81888288638621e-05 0.00938010896765642 -1.80616362341983e-05 -7.71416924439147e-06 -.21342677868623164 0 .0015
QC2LP2145 2.140000 .01 -1.13379664651545e-05 0.00584704102455204 -1.12586249698675e-05 -4.80858636054457e-06 -.21342677868623164 0 .0015
QC2LP2155 2.150000 .01 -6.02447608344003e-06 0.00310677164254786 -5.98216744625856e-06 -2.55499827741107e-06 -.21342677868623164 0 .0015
QC2LP2165 2.160000 .01 -2.62037091527365e-06 0.00135113636619526 -2.60164789219243e-06 -1.11116988480853e-06 -.21342677868623164 0 .0015
QC2LP2175 2.170000 .01 -7.88764759040862e-07 0.000406404997285083 -7.8254441601603e-07 -3.3422606726997e-07 -.21342677868623164 0 .0015
QC2LP2185 2.180000 .01 4.45859511215625e-08 -2.35139416796755e-05 4.52747692239354e-08 1.93377844911205e-08 -.21342677868623164 0 .0015
QC2LP2195 2.190000 .01 3.51272494745747e-07 -0.000181733824840526 3.49930923045102e-07 1.49457270388264e-07 -.21342677868623164 0 .0015
QC2LP2205 2.200000 .01 4.17593708549073e-07 -0.000215838241208116 4.1560019703294e-07 1.77504624715164e-07 -.21342677868623164 0 .0015
QC2LP2215 2.210000 .01 3.89278831973852e-07 -0.000201007800195938 3.87044650000948e-07 1.65308121206368e-07 -.21342677868623164 0 .0015
QC2LP2225 2.220000 .01 3.32060519080316e-07 -0.000171243895630343 3.29734444765248e-07 1.40830388806391e-07 -.21342677868623164 0 .0015
QC2LP2235 2.230000 .01 2.72513766435001e-07 -0.000140365480796059 2.7027790404151e-07 1.15436087007602e-07 -.21342677868623164 0 .0015
QC2LP2245 2.240000 .01 2.19800111183644e-07 -0.000113178757384194 2.17929189950316e-07 9.30778194946414e-08 -.21342677868623164 0 .0015
QC2LP2255 2.250000 .01 1.75940120594485e-07 -9.07673455894469e-05 1.74774687231921e-07 7.46467517760727e-08 -.21342677868623164 0 .0015
QC2LP2265 2.260000 .01 1.40328353008072e-07 -7.28289639758376e-05 1.40232308708808e-07 5.98942886421145e-08 -.21342677868623164 0 .0015
QC2LP2275 2.270000 .01 1.11605383440232e-07 -5.8650627996645e-05 1.12929228578477e-07 4.8234074062042e-08 -.21342677868623164 0 .0015
QC2LP2285 2.280000 .01 8.8374800805592e-08 -4.74872476234965e-05 9.14308491338006e-08 3.90533485678155e-08 -.21342677868623164 0 .0015
QC2LP2295 2.290000 .01 6.94370084041303e-08 -3.86892588687372e-05 7.44865324702191e-08 3.18179129776229e-08 -.21342677868623164 0 .0015
QC2LP2305 2.300000 .01 5.38369775696369e-08 -3.1729983564656e-05 6.10822723619916e-08 2.60946289838966e-08 -.21342677868623164 0 .0015
QC2LP2315 2.310000 .01 4.08621933097786e-08 -2.61965407235217e-05 5.04232234373409e-08 2.15439446871724e-08 -.21342677868623164 0 .0015
QC2LP2325 2.320000 .01 3.00236429262142e-08 -2.17703587343005e-05 4.18962125971428e-08 1.79038678939216e-08 -.21342677868623164 0 .0015
QC2LP2335 2.330000 .01 2.10070750791349e-08 -1.82072417179533e-05 3.50313371133916e-08 1.49735727559387e-08 -.21342677868623164 0 .0015
QC2LP2345 2.340000 .01 1.36105553558301e-08 -1.53202690732942e-05 2.94689816341739e-08 1.25993364158685e-08 -.21342677868623164 0 .0015
QC2LP2355 2.350000 .01 7.68565532122964e-09 -1.2966179761883e-05 2.49335392064687e-08 1.06633414900892e-08 -.21342677868623164 0 .0015
QC2LP2365 2.360000 .01 3.09481194142783e-09 -1.10349908658307e-05 2.12133787801774e-08 9.07513840647845e-09 -.21342677868623164 0 .0015
QC2LP2375 2.370000 .01 -3.0998727476813e-10 -9.4424700016545e-06 1.81463378871524e-08 7.76545474354453e-09 -.21342677868623164 0 .0015
QC2LP2385 2.380000 .01 -2.69243720299918e-09 -8.12546952799545e-06 1.56107457876634e-08 6.68235809895535e-09 -.21342677868623164 0 .0015
QC2LP2395 2.390000 .01 -4.21601561659583e-09 -7.04138281498059e-06 1.35244087143931e-08 5.79080892733819e-09 -.21342677868623164 0 .0015
QC2LP2405 2.400000 .01 -5.0041572166444e-09 -6.17594458868322e-06 1.18596765611776e-08 5.07907551664501e-09 -.21342677868623164 0 .0015
QC2LP2415 2.410000 .01 -5.08071713316916e-09 -5.56457659311439e-06 1.068457896822e-08 4.57628858691058e-09 -.21342677868623164 0 .0015
QC2LP2425 2.420000 .01 -9.46944550338527e-09 -2.65815361748781e-06 5.09055761868103e-09 2.18605636177546e-09 -.21342677868623164 0 .0015
