QC2RE3425 -3.430000 .01 -1.7273382924093807e-09 -2.5347556657687047e-06 2.7869546871286616e-06 -7.5134662886906154e-06 .2927637931686348
QC2RE3415 -3.420000 .01 -3.6136746367951756e-09 -5.3028305457668626e-06 2.417250001904249e-06 -5.590871553245641e-06 .2927637931686348
QC2RE3405 -3.410000 .01 -4.007207825254404e-09 -5.880314692038913e-06 2.0093231793878245e-06 -3.210930218431787e-06 .2927637931686348
QC2RE3395 -3.400000 .01 -4.564724875486125e-09 -6.698434401448209e-06 1.5837860954620624e-06 -7.00036225107345e-07 .2927637931686348
QC2RE3385 -3.390000 .01 -5.2625721345456e-09 -7.722479489498014e-06 1.1726728248637889e-06 1.2783433673142481e-06 .2927637931686348
QC2RE3375 -3.380000 .01 -6.109071033203191e-09 -8.96466111012683e-06 8.104086193376149e-07 1.8898495420237451e-06 .2927637931686348
QC2RE3365 -3.370000 .01 -7.130470783502272e-09 -1.0463498260592629e-05 5.244716678756679e-07 9.698822810939667e-07 .2927637931686348
QC2RE3355 -3.360000 .01 -8.365593041588025e-09 -1.2275959175375565e-05 3.243438995614966e-07 -4.0026415254071723e-07 .2927637931686348
QC2RE3345 -3.350000 .01 -9.865731392397728e-09 -1.447731382655273e-05 1.964301149560108e-07 -8.280410175646961e-07 .2927637931686348
QC2RE3335 -3.340000 .01 -1.1696948025352176e-08 -1.7164504144760007e-05 1.1710472363938755e-07 -5.1591126622822435e-08 .2927637931686348
QC2RE3325 -3.330000 .01 -1.3943755471317369e-08 -2.046154672673609e-05 7.073756648743625e-08 8.278785364581508e-07 .2927637931686348
QC2RE3315 -3.320000 .01 -1.6713845296116124e-08 -2.4526471882944454e-05 4.55470418214829e-08 1.0669346645717492e-06 .2927637931686348
QC2RE3305 -3.310000 .01 -2.0143528348584323e-08 -2.955930684482598e-05 2.941796172246419e-08 9.109950140577239e-07 .2927637931686348
QC2RE3295 -3.300000 .01 -2.4403018954687148e-08 -3.580982997312867e-05 1.5441126433734926e-08 6.899770677844057e-07 .2927637931686348
QC2RE3285 -3.290000 .01 -2.969930422248499e-08 -4.358178127477689e-05 7.942168715771858e-10 5.118538375353071e-07 .2927637931686348
QC2RE3275 -3.280000 .01 -3.62711910623652e-08 -5.3225594229876466e-05 -1.6420358005645282e-08 3.327606812601297e-07 .2927637931686348
QC2RE3265 -3.270000 .01 -4.436425291380763e-08 -6.510163175622943e-05 -3.77954985157782e-08 1.4986601955246519e-07 .2927637931686348
QC2RE3255 -3.260000 .01 -5.415868323313229e-08 -7.947431593395103e-05 -6.486291469059493e-08 -3.800452643437327e-08 .2927637931686348
QC2RE3245 -3.250000 .01 -6.559211656212968e-08 -9.625212954302743e-05 -9.901710895011802e-08 -2.910309177357793e-07 .2927637931686348
QC2RE3235 -3.240000 .01 -7.795615729130609e-08 -.00011439554848290428 -1.4160125218051623e-07 -6.47273964979274e-07 .2927637931686348
QC2RE3225 -3.230000 .01 -8.902210842286478e-08 -.00013063410606661485 -1.9378470590131212e-07 -1.0448587227218471e-06 .2927637931686348
QC2RE3215 -3.220000 .01 -9.323444868525815e-08 -.00013681543915762973 -2.543417862158591e-07 -1.2791881484903721e-06 .2927637931686348
QC2RE3205 -3.210000 .01 -7.820945632670129e-08 -.0001147672482060698 -3.143790818370088e-07 -1.2082674850011376e-06 .2927637931686348
QC2RE3195 -3.200000 .01 -1.8633839177471238e-08 -2.7343936991193614e-05 -3.4464844396323154e-07 -1.0940487962353883e-06 .2927637931686348
QC2RE3185 -3.190000 .01 1.3238965580106913e-07 .00019427313781300514 -2.6686035771517196e-07 -1.107177003815677e-06 .2927637931686348
QC2RE3175 -3.180000 .01 4.504220006539474e-07 .0006609647474160678 9.151303224541757e-08 -9.430270210226001e-07 .2927637931686348
QC2RE3165 -3.170000 .01 1.032654678916945e-06 .0015153530201175742 1.002664565517027e-06 -3.6823304834328043e-07 .2927637931686348
QC2RE3155 -3.160000 .01 1.959137105328578e-06 .0028749052224289954 2.7192151613972597e-06 3.903504403139537e-07 .2927637931686348
QC2RE3145 -3.150000 .01 3.2244866885845194e-06 .004731722754600002 5.254631576759713e-06 9.453830254836871e-07 .2927637931686348
QC2RE3135 -3.140000 .01 4.690393263347601e-06 .0068828445193386545 8.267173912452396e-06 1.0597343802819495e-06 .2927637931686348
QC2RE3125 -3.130000 .01 6.123220516045152e-06 .008985424548278446 1.1207602904026609e-05 7.881309891364641e-07 .2927637931686348
QC2RE3115 -3.120000 .01 7.307058886429553e-06 .010722629721042062 1.3610860834959956e-05 4.4563315725559835e-07 .2927637931686348
QC2RE3105 -3.110000 .01 8.140610884044855e-06 .011945812613445319 1.528434301667483e-05 2.2655726426577664e-07 .2927637931686348
QC2RE3095 -3.100000 .01 8.646869959957117e-06 .01268871460702383 1.6292700064094987e-05 1.2423332084255891e-07 .2927637931686348
QC2RE3085 -3.090000 .01 8.914747388684175e-06 .013081807166357045 1.68240053946255e-05 8.04301716259715e-08 .2927637931686348
QC2RE3075 -3.080000 .01 9.03734589695697e-06 .013261712437272909 1.706702284552284e-05 5.950902856099978e-08 .2927637931686348
QC2RE3065 -3.070000 .01 9.082634321625315e-06 .01332817023047201 1.7157171384419574e-05 4.8119126752587407e-08 .2927637931686348
QC2RE3055 -3.060000 .01 9.09128096747889e-06 .013340858616217614 1.717482174507468e-05 4.117380270240648e-08 .2927637931686348
QC2RE3045 -3.050000 .01 9.084694964248856e-06 .013331194088385713 1.7162146764056335e-05 3.584355632169745e-08 .2927637931686348
QC2RE3035 -3.040000 .01 9.073134800623976e-06 .013314230306378363 1.7139347679833576e-05 3.108442775879454e-08 .2927637931686348
QC2RE3025 -3.030000 .01 9.06109591809316e-06 .013296564035770802 1.7115302027639692e-05 2.6977118875577086e-08 .2927637931686348
QC2RE3015 -3.020000 .01 9.050312846608831e-06 .013280740585518234 1.709346842482975e-05 2.3682905037961092e-08 .2927637931686348
QC2RE3005 -3.010000 .01 9.041280998869767e-06 .013267486941267103 1.707486863143256e-05 2.110251311835452e-08 .2927637931686348
QC2RE2995 -3.000000 .01 9.033983768620663e-06 .013256778734426777 1.7059510953220568e-05 1.9029307630616287e-08 .2927637931686348
QC2RE2985 -2.990000 .01 9.028224106182619e-06 .013248326807515932 1.7047041058007886e-05 1.7318929499067463e-08 .2927637931686348
QC2RE2975 -2.980000 .01 9.023768043712222e-06 .013241787828067902 1.7037024554600523e-05 1.5922553415132204e-08 .2927637931686348
QC2RE2965 -2.970000 .01 9.020401911379466e-06 .01323684824961956 1.702906046515117e-05 1.4801893393135163e-08 .2927637931686348
QC2RE2955 -2.960000 .01 9.017951493035896e-06 .013233252421398094 1.7022819968143525e-05 1.387552412395792e-08 .2927637931686348
QC2RE2945 -2.950000 .01 9.01628547564944e-06 .013230807650140406 1.701805363960923e-05 1.3042205033984826e-08 .2927637931686348
QC2RE2935 -2.940000 .01 9.015313326004312e-06 .01322938108428947 1.7014587686184825e-05 1.2251733162336912e-08 .2927637931686348
QC2RE2925 -2.930000 .01 9.014982065745307e-06 .01322889498158333 1.701231872031531e-05 1.1516258940241454e-08 .2927637931686348
QC2RE2915 -2.920000 .01 9.015273839304977e-06 .013229323140147721 1.7011209706198834e-05 1.083271460506645e-08 .2927637931686348
QC2RE2905 -2.910000 .01 9.016205013688153e-06 .013230689577488889 1.701128799264682e-05 1.0178989944437158e-08 .2927637931686348
QC2RE2895 -2.900000 .01 9.017827003920891e-06 .013233069741785782 1.701264721072731e-05 9.522653426259546e-09 .2927637931686348
QC2RE2885 -2.890000 .01 9.020228645637207e-06 .013236593993505514 1.7015452195309835e-05 8.788408660307684e-09 .2927637931686348
QC2RE2875 -2.880000 .01 9.023539404917703e-06 .013241452315631012 1.701994424520601e-05 7.890024187561445e-09 .2927637931686348
QC2RE2865 -2.870000 .01 9.027931596091222e-06 .013247897568139533 1.7026444768866803e-05 6.7790488037707166e-09 .2927637931686348
QC2RE2855 -2.860000 .01 9.033617282308962e-06 .01325624093979842 1.703535075386203e-05 5.415882374440841e-09 .2927637931686348
QC2RE2845 -2.850000 .01 9.040830044938891e-06 .01326682519594697 1.7047100968337967e-05 3.740583839051427e-09 .2927637931686348
QC2RE2835 -2.840000 .01 9.049769954912576e-06 .013279943927556659 1.7062070674133128e-05 1.6989965699736845e-09 .2927637931686348
QC2RE2825 -2.830000 .01 9.060464947863237e-06 .013295638128337233 1.7080309025546992e-05 -7.89540836399311e-10 .2927637931686348
QC2RE2815 -2.820000 .01 9.072449833198614e-06 .01331322516160161 1.7100933584720062e-05 -3.877190942710157e-09 .2927637931686348
QC2RE2805 -2.810000 .01 9.084061230732183e-06 .013330264126010054 1.712079667201752e-05 -7.941112126392101e-09 .2927637931686348
QC2RE2795 -2.800000 .01 9.090959275799717e-06 .013340386554774875 1.713168796524598e-05 -1.3222095921878464e-08 .2927637931686348
QC2RE2785 -2.790000 .01 9.083203670812907e-06 .013329005713067046 1.711480656917947e-05 -1.93818936270597e-08 .2927637931686348
QC2RE2775 -2.780000 .01 9.039981975258183e-06 .013265580709306692 1.7030784072019426e-05 -2.7078781849793302e-08 .2927637931686348
QC2RE2765 -2.770000 .01 8.921598879309626e-06 .013091861279531136 1.680451338593487e-05 -3.7945529984207855e-08 .2927637931686348
QC2RE2755 -2.760000 .01 8.66130277225374e-06 .0127098938125695 1.6309578810896825e-05 -5.1523461306073975e-08 .2927637931686348
QC2RE2745 -2.750000 .01 8.166698790859986e-06 .011984094905859194 1.5370522347460746e-05 -6.708069466124839e-08 .2927637931686348
QC2RE2735 -2.740000 .01 7.347583446833251e-06 .010782096855845621 1.3814503566348988e-05 -8.865972618445905e-08 .2927637931686348
QC2RE2725 -2.730000 .01 6.176603441963851e-06 .009063760491227403 1.1583959114659691e-05 -1.2492242070021863e-07 .2927637931686348
QC2RE2715 -2.720000 .01 4.749179112166296e-06 .006969108897321248 8.84634159521447e-06 -1.9720785733039207e-07 .2927637931686348
QC2RE2705 -2.710000 .01 3.2780878280957447e-06 .0048103789116856095 5.977881328491629e-06 -3.670652482767195e-07 .2927637931686348
QC2RE2695 -2.700000 .01 1.9995421273692552e-06 .002934196942524114 3.37596838406367e-06 -7.831711789886781e-07 .2927637931686348
QC2RE2685 -2.690000 .01 1.0580471345577805e-06 .001552614783540656 1.2299784179395002e-06 -1.6691841411366294e-06 .2927637931686348
QC2RE2675 -2.680000 .01 4.639224910884508e-07 .0006807758317704714 -5.581106971351158e-07 -3.2590425788707483e-06 .2927637931686348
QC2RE2665 -2.670000 .01 1.3849206832022218e-07 .0002032280279904268 -2.239637655982637e-06 -5.442839655862432e-06 .2927637931686348
QC2RE2655 -2.660000 .01 -1.6402189079361145e-08 -2.4069136823180433e-05 -3.9668958478067345e-06 -7.116730238883711e-06 .2927637931686348
QC2RE2645 -2.650000 .01 -7.774683746410061e-08 -.00011408838536361353 -5.6240057646601334e-06 -6.9201595608462826e-06 .2927637931686348
QC2RE2635 -2.640000 .01 -9.347416348344533e-08 -.00013716720490354278 -6.928168188061528e-06 -5.169377887166122e-06 .2927637931686348
QC2RE2625 -2.630000 .01 -8.947854180883295e-08 -.00013130389212775463 -7.692764630491487e-06 -3.14293913157327e-06 .2927637931686348
QC2RE2615 -2.620000 .01 -7.842941162603438e-08 -.00011509001818323663 -7.944921958019125e-06 -1.3537758011510472e-06 .2927637931686348
QC2RE2605 -2.610000 .01 -6.601141465097337e-08 -9.686742199095901e-05 -7.835796511932278e-06 4.1077002800447224e-07 .2927637931686348
QC2RE2595 -2.600000 .01 -5.450740749511712e-08 -7.998604591917825e-05 -7.520954095409269e-06 2.447386952428754e-06 .2927637931686348
QC2RE2585 -2.590000 .01 -4.464631426956999e-08 -6.551553829830914e-05 -7.114580446216263e-06 4.879211839292449e-06 .2927637931686348
QC2RE2575 -2.580000 .01 -3.649676611324031e-08 -5.355661082388955e-05 -6.693939650113375e-06 7.710113203562707e-06 .2927637931686348
QC2RE2565 -2.570000 .01 -2.9879205750736784e-08 -4.384577496959658e-05 -6.3141735861087295e-06 1.0857860306646226e-05 .2927637931686348
QC2RE2555 -2.560000 .01 -2.454675318727486e-08 -3.602075053340203e-05 -6.018468434018757e-06 1.4207856831436665e-05 .2927637931686348
QC2RE2545 -2.550000 .01 -2.0258846471999813e-08 -2.972852862840927e-05 -5.843645053021965e-06 1.7646298142779586e-05 .2927637931686348
QC2RE2535 -2.540000 .01 -1.680684850732979e-08 -2.4662947996277004e-05 -5.8231386914191035e-06 2.1064454031883698e-05 .2927637931686348
QC2RE2525 -2.530000 .01 -1.4019165062859492e-08 -2.057220535698511e-05 -5.988091158822336e-06 2.4372692083968158e-05 .2927637931686348
QC2RE2515 -2.520000 .01 -1.175838974234222e-08 -1.725466583511299e-05 -6.367633301508194e-06 2.7506441341107768e-05 .2927637931686348
QC2RE2505 -2.510000 .01 -9.915982774314949e-09 -1.4551054434045265e-05 -6.989242710505057e-06 3.0392317536177795e-05 .2927637931686348
QC2RE2495 -2.500000 .01 -8.406782055079243e-09 -1.2336401351510418e-05 -7.878512099626892e-06 3.293754830962228e-05 .2927637931686348
QC2RE2485 -2.490000 .01 -7.164227815450276e-09 -1.0513034491200004e-05 -9.058539198775395e-06 3.508333273092442e-05 .2927637931686348
QC2RE2475 -2.480000 .01 -6.136637995652563e-09 -9.005113819687915e-06 -1.0549798425993758e-05 3.6804525143962375e-05 .2927637931686348
QC2RE2465 -2.470000 .01 -5.284864731625751e-09 -7.755192413771112e-06 -1.237018860585378e-05 3.8058386054795215e-05 .2927637931686348
QC2RE2455 -2.460000 .01 -4.582319470657408e-09 -6.7242533160136396e-06 -1.4534688787361145e-05 3.87811624769433e-05 .2927637931686348
QC2RE2445 -2.450000 .01 -4.0201761874245805e-09 -5.899344913062233e-06 -1.7054498537534642e-05 3.886789824775532e-05 .2927637931686348
QC2RE2435 -2.440000 .01 -3.6212632968128328e-09 -5.313966406680661e-06 -1.9935811673321394e-05 3.815296974983612e-05 .2927637931686348
QC2RE2425 -2.430000 .01 -1.7286828777454844e-09 -2.5367287565719216e-06 -2.3175835250373447e-05 3.643578664786436e-05 .2927637931686348
QC1RE1905 -1.910000 .01 1.0928543276180171e-07 9.56771450050611e-07 -7.431224084939058e-08 3.4291714526787693e-06 -.018293909785968204
QC1RE1895 -1.900000 .01 1.1449221665727607e-07 1.0522894430850326e-06 2.1823391769689977e-08 2.809886901123193e-06 -.018293909785968204
QC1RE1885 -1.890000 .01 1.223863589526279e-07 1.1958339537476134e-06 1.427283149254792e-07 2.2134026044601985e-06 -.018293909785968204
QC1RE1875 -1.880000 .01 1.3192423279194802e-07 1.3739036108499038e-06 3.0138787703908067e-07 1.740565741136029e-06 -.018293909785968204
QC1RE1865 -1.870000 .01 1.4283757348474143e-07 1.588796431914493e-06 5.099316739835678e-07 1.3725729622773814e-06 -.018293909785968204
QC1RE1855 -1.860000 .01 1.5515826856904188e-07 1.848099045487205e-06 7.803883383581285e-07 9.964832654130762e-07 -.018293909785968204
QC1RE1845 -1.850000 .01 1.6904095595121247e-07 2.1625478681388897e-06 1.1265074197401645e-06 6.092909386752864e-07 -.018293909785968204
QC1RE1835 -1.840000 .01 1.8471385884569565e-07 2.5462973034046964e-06 1.5642830631617088e-06 4.596924784580078e-07 -.018293909785968204
QC1RE1825 -1.830000 .01 2.02469458854639e-07 3.0179464308619234e-06 2.110710731340547e-06 7.486863371216609e-07 -.018293909785968204
QC1RE1815 -1.820000 .01 2.226701501593833e-07 3.602125295671385e-06 2.782302336525267e-06 1.10668872576329e-06 -.018293909785968204
QC1RE1805 -1.810000 .01 2.4576215611222804e-07 4.331787732988726e-06 3.594176810642327e-06 5.308116377695366e-07 -.018293909785968204
QC1RE1795 -1.800000 .01 2.7229635563526744e-07 5.251527318895637e-06 4.55980283955773e-06 -2.1728263177118196e-06 -.018293909785968204
QC1RE1785 -1.790000 .01 3.0295677531666545e-07 6.4224267443045415e-06 5.6892865553028926e-06 -8.062631944930796e-06 -.018293909785968204
QC1RE1775 -1.780000 .01 3.3859875043708117e-07 7.929244505040084e-06 6.98185073378513e-06 -1.8187998283882327e-05 -.018293909785968204
QC1RE1765 -1.770000 .01 3.80299844536521e-07 9.891213853120924e-06 8.411961702790192e-06 -3.3826912450639694e-05 -.018293909785968204
QC1RE1755 -1.760000 .01 4.294277616276701e-07 1.2478495135047132e-05 9.913477727177626e-06 -5.622375611327031e-05 -.018293909785968204
QC1RE1745 -1.750000 .01 4.877306350141275e-07 1.5937570466817102e-05 1.1365808397752692e-05 -8.563129355914677e-05 -.018293909785968204
QC1RE1735 -1.740000 .01 5.574557349202961e-07 2.0630876899259254e-05 1.2585003957179959e-05 -.00011985823023421917 -.018293909785968204
QC1RE1725 -1.730000 .01 6.415011919894018e-07 2.7099074909045237e-05 1.332995688575075e-05 -.00015284181860632145 -.018293909785968204
QC1RE1715 -1.720000 .01 7.435971761098771e-07 3.6158623313097095e-05 1.3349200820054986e-05 -.00017486972011879283 -.018293909785968204
QC1RE1705 -1.710000 .01 8.684852893404352e-07 4.9051194124223256e-05 1.2486168069301972e-05 -.00017671739624645317 -.018293909785968204
QC1RE1695 -1.700000 .01 1.0219820333832653e-06 6.765610706189418e-05 1.0796857936705519e-05 -.00015638737671210147 -.018293909785968204
QC1RE1685 -1.690000 .01 1.210572955924185e-06 9.472547214048369e-05 8.571030777804184e-06 -.00012141861068412765 -.018293909785968204
QC1RE1675 -1.680000 .01 1.439495458050696e-06 .00013386132971368635 6.2176689758105584e-06 -8.332606499120765e-05 -.018293909785968204
QC1RE1665 -1.670000 .01 1.706267134659702e-06 .00018798999031636668 4.108650288794099e-06 -5.082649693023731e-05 -.018293909785968204
QC1RE1655 -1.660000 .01 1.980789975954983e-06 .0002514809509902593 2.4741834634262585e-06 -2.764310410198985e-05 -.018293909785968204
QC1RE1645 -1.650000 .01 2.1469334404868613e-06 .00027881781538552396 1.3694781109392856e-06 -1.3573298281457819e-05 -.018293909785968204
QC1RE1635 -1.640000 .01 1.8439317258195925e-06 8.098975263978369e-05 7.095062656457536e-07 -6.252188104874142e-06 -.018293909785968204
QC1RE1625 -1.630000 .01 1.2784707787121185e-07 -.0009222441722227057 3.4841698062904017e-07 -2.87519405500213e-06 -.018293909785968204
QC1RE1615 -1.620000 .01 -4.793496804513619e-06 -.0039024064122316223 1.5108153664803136e-07 -1.4084312343504202e-06 -.018293909785968204
QC1RE1605 -1.610000 .01 -1.4492128586383941e-05 -.009756619727648025 2.682458732930206e-08 -7.706557382080885e-07 -.018293909785968204
QC1RE1595 -1.600000 .01 -2.77990393434429e-05 -.01724499299084402 -6.613855672884792e-08 -4.796528640299056e-07 -.018293909785968204
QC1RE1585 -1.590000 .01 -4.080122632898273e-05 -.023570529893774596 -1.3630672936281733e-07 -3.364229916065003e-07 -.018293909785968204
QC1RE1575 -1.580000 .01 -4.9997722053929515e-05 -.027189143352478216 -1.817854031448874e-07 -2.5753261206502106e-07 -.018293909785968204
QC1RE1565 -1.570000 .01 -5.465924593738273e-05 -.028615783200284087 -2.0487164227957983e-07 -2.0634336484958337e-07 -.018293909785968204
QC1RE1555 -1.560000 .01 -5.630676249000322e-05 -.028986031939859814 -2.1351075319939332e-07 -1.663837068472141e-07 -.018293909785968204
QC1RE1545 -1.550000 .01 -5.660220062635939e-05 -.02900740111039929 -2.1530475549915278e-07 -1.3139145243087344e-07 -.018293909785968204
QC1RE1535 -1.540000 .01 -5.6442248788218325e-05 -.02895162526283227 -2.1463311906228042e-07 -1.0058322463126356e-07 -.018293909785968204
QC1RE1525 -1.530000 .01 -5.6177035738656e-05 -.028895070046240895 -2.1352507711274394e-07 -7.492573578013263e-08 -.018293909785968204
QC1RE1515 -1.520000 .01 -5.59205440296983e-05 -.02885223683775435 -2.128580426389843e-07 -5.507439211402067e-08 -.018293909785968204
QC1RE1505 -1.510000 .01 -5.5702540213605724e-05 -.028822195698636175 -2.1294964370189087e-07 -4.102809926669347e-08 -.018293909785968204
QC1RE1495 -1.500000 .01 -5.552562887658912e-05 -.028801531370169976 -2.1379611424415077e-07 -3.181980448227208e-08 -.018293909785968204
QC1RE1485 -1.490000 .01 -5.538482675910962e-05 -.028787306093717883 -2.1520471131088667e-07 -2.5382381227878466e-08 -.018293909785968204
QC1RE1475 -1.480000 .01 -5.527394863523567e-05 -.02877744101764554 -2.1689904754324418e-07 -1.9032439360115616e-08 -.018293909785968204
QC1RE1465 -1.470000 .01 -5.518750670866553e-05 -.028770549325984895 -2.18607323184066e-07 -9.955959676227829e-09 -.018293909785968204
QC1RE1455 -1.460000 .01 -5.512112188739709e-05 -.028765722794386044 -2.2013132028596753e-07 4.051891141335179e-09 -.018293909785968204
QC1RE1445 -1.450000 .01 -5.507147503488071e-05 -.02876237001452085 -2.2138727165186359e-07 2.373903166036982e-08 -.018293909785968204
QC1RE1435 -1.440000 .01 -5.503149548875339e-05 -.028760077428373623 -2.223593358885843e-07 4.8333532102891326e-08 -.018293909785968204
QC1RE1425 -1.430000 .01 -5.498744679937792e-05 -.028758538822818668 -2.2303582705876772e-07 7.596205453920901e-08 -.018293909785968204
QC1RE1415 -1.420000 .01 -5.4972715055796585e-05 -.028757821453332107 -2.2390488700788956e-07 1.0061398685305499e-07 -.018293909785968204
QC1RE1405 -1.410000 .01 -5.4969066578440835e-05 -.028757740199321678 -2.2488321509054597e-07 1.2058797561025075e-07 -.018293909785968204
QC1RE1395 -1.400000 .01 -5.497589946043345e-05 -.02875829680343422 -2.260059218063323e-07 1.3284923127761136e-07 -.018293909785968204
QC1RE1385 -1.390000 .01 -5.499367991592271e-05 -.02875955339759782 -2.2725181981987734e-07 1.3411157806490378e-07 -.018293909785968204
QC1RE1375 -1.380000 .01 -5.502328837800708e-05 -.028761647922214813 -2.2856792653181579e-07 1.209191074208837e-07 -.018293909785968204
QC1RE1365 -1.370000 .01 -5.506624028726123e-05 -.028764815811502704 -2.2992897063567884e-07 9.156667559839458e-08 -.018293909785968204
QC1RE1355 -1.360000 .01 -5.5124752622291396e-05 -.02876943077968556 -2.3138643958477393e-07 4.7597352651966466e-08 -.018293909785968204
QC1RE1345 -1.350000 .01 -5.5201886847232955e-05 -.0287760715412374 -2.3308489019454303e-07 -7.1492630147797765e-09 -.018293909785968204
QC1RE1335 -1.340000 .01 -5.530170964068906e-05 -.028785627337886536 -2.3527042920476652e-07 -6.792461467065975e-08 -.018293909785968204
QC1RE1325 -1.330000 .01 -5.542930381609199e-05 -.028799457563739604 -2.383214395860685e-07 -1.2897909175373663e-07 -.018293909785968204
QC1RE1315 -1.320000 .01 -5.5590351034060043e-05 -.028819605420990164 -2.427993248604655e-07 -1.8316307665108653e-07 -.018293909785968204
QC1RE1305 -1.310000 .01 -5.578918163292786e-05 -.028848980443264522 -2.495083933107415e-07 -2.2194251059998273e-07 -.018293909785968204
QC1RE1295 -1.300000 .01 -5.602235983790677e-05 -.028891056582680794 -2.5960488091863814e-07 -2.3526370267474304e-07 -.018293909785968204
QC1RE1285 -1.290000 .01 -5.625903480488825e-05 -.02894723266457905 -2.7488881169449176e-07 -2.1460328423589728e-07 -.018293909785968204
QC1RE1275 -1.280000 .01 -5.638381679313506e-05 -.029005045550874364 -2.984022898972799e-07 -1.570299664685386e-07 -.018293909785968204
QC1RE1265 -1.270000 .01 -5.6044722601428245e-05 -.028995161887386118 -3.354594668604808e-07 -6.691412747185258e-08 -.018293909785968204
QC1RE1255 -1.260000 .01 -5.434261704469873e-05 -.028663715888874706 -3.959096697969585e-07 2.2198976401095897e-08 -.018293909785968204
QC1RE1245 -1.250000 .01 -4.9612308907572745e-05 -.027325033771424662 -5.008368870053564e-07 -1.0456821324815053e-08 -.018293909785968204
QC1RE1235 -1.240000 .01 -4.032846863519771e-05 -.023817023180941997 -7.008017651044623e-07 -4.82093568538663e-07 -.018293909785968204
QC1RE1225 -1.230000 .01 -2.7214494697694624e-05 -.01751542031742852 -1.1090032750918658e-06 -2.140742642251508e-06 -.018293909785968204
QC1RE1215 -1.220000 .01 -1.3763405430110056e-05 -.009915172220158641 -1.9369516020284334e-06 -6.484649603926709e-06 -.018293909785968204
QC1RE1205 -1.210000 .01 -3.877430491881735e-06 -.003935029269188091 -3.502547398846498e-06 -1.526244270656113e-05 -.018293909785968204
QC1RE1195 -1.200000 .01 1.2889987210318059e-06 -.0009093982173817624 -6.166925506855214e-06 -2.8125786343434258e-05 -.018293909785968204
QC1RE1185 -1.190000 .01 3.327529463953863e-06 8.688475732128075e-05 -1.020260391502696e-05 -4.0554358694444195e-05 -.018293909785968204
QC1RE1175 -1.180000 .01 4.056386988748331e-06 .0002680090735386081 -1.569341923264541e-05 -4.7488672003639384e-05 -.018293909785968204
QC1RE1165 -1.170000 .01 4.453238738449794e-06 .0002241986606709546 -2.2544482624348045e-05 -5.029908587876172e-05 -.018293909785968204
QC1RE1155 -1.160000 .01 4.920587801720846e-06 .00014070860969432318 -3.052973665762151e-05 -5.718248015580387e-05 -.018293909785968204
QC1RE1145 -1.150000 .01 5.622203194657273e-06 5.821504777279726e-05 -3.926576522485781e-05 -7.748750428045025e-05 -.018293909785968204
QC1RE1135 -1.140000 .01 6.634823602720645e-06 -2.21066681719037e-05 -4.8096588044543155e-05 -.00011547091561601458 -.018293909785968204
QC1RE1125 -1.130000 .01 7.992732835393318e-06 -.00010693063310968116 -5.5986943478364644e-05 -.00016501310845681716 -.018293909785968204
QC1RE1115 -1.120000 .01 9.688003963145119e-06 -.0002014724480198977 -6.159244441230123e-05 -.0002076009360494422 -.018293909785968204
QC1RE1105 -1.110000 .01 1.16600288580219e-05 -.0003061118674187532 -6.363888963833906e-05 -.00021916780874494646 -.018293909785968204
QC1RE1095 -1.100000 .01 1.3797674294465653e-05 -.0004158665777202159 -6.150597526439112e-05 -.00018600705375448984 -.018293909785968204
QC1RE1085 -1.090000 .01 1.596508031513431e-05 -.0005227746685382287 -5.560983609177232e-05 -.00011618706462376088 -.018293909785968204
QC1RE1075 -1.080000 .01 1.8040818041266274e-05 -.0006198103802694167 -4.724654105528089e-05 -3.331809094186231e-05 -.018293909785968204
QC1RE1065 -1.070000 .01 1.9947306334963944e-05 -.0007035719935265528 -3.8039317855693344e-05 3.9916945995243324e-05 -.018293909785968204
QC1RE1055 -1.060000 .01 2.1656864048986793e-05 -.0007743812025469398 -2.942379628305666e-05 9.15670232610449e-05 -.018293909785968204
QC1RE1045 -1.050000 .01 2.317941138666342e-05 -.0008347518863374177 -2.2411154677751523e-05 .00011893686828918766 -.018293909785968204
QC1RE1035 -1.040000 .01 2.4544890337813923e-05 -.0008877960775435824 -1.7561841713266886e-05 .00012264364828168685 -.018293909785968204
QC1RE1025 -1.030000 .01 2.57893799111254e-05 -.0009363021774267514 -1.5001258251079807e-05 .00010308455035005596 -.018293909785968204
QC1RE1015 -1.020000 .01 2.694717497231492e-05 -.0009824321727470691 -1.4381667967153488e-05 6.230634936767816e-05 -.018293909785968204
QC1RE1005 -1.010000 .01 2.804749771781573e-05 -.0010277463517512418 -1.4846865684161365e-05 9.953702816994806e-06 -.018293909785968204
QC1RE995 -1.000000 .01 2.911385659946475e-05 -.0010733383375829048 -1.5192531122642692e-05 -3.462189541840677e-05 -.018293909785968204
QC1RE985 -.990000 .01 3.016459404258791e-05 -.0011199743044306009 -1.4329464717608051e-05 -5.2275682244631534e-05 -.018293909785968204
QC1RE975 -.980000 .01 3.1213809243542214e-05 -.0011682043900425744 -1.1794915286046315e-05 -3.835802456029899e-05 -.018293909785968204
QC1RE965 -.970000 .01 3.227227198091302e-05 -.0012184411205266499 -7.89362553241631e-06 -4.095361467434539e-06 -.018293909785968204
QC1RE955 -.960000 .01 3.3348188092989114e-05 -.00127101320411016 -3.41592633069381e-06 3.466196028050507e-05 -.018293909785968204
QC1RE945 -.950000 .01 3.4447781167865085e-05 -.0013261996647334947 7.476131156736342e-07 6.655947332431915e-05 -.018293909785968204
QC1RE935 -.940000 .01 3.5575725253838977e-05 -.0013842523141708114 3.852819221849191e-06 8.540353333662647e-05 -.018293909785968204
QC1RE925 -.930000 .01 3.673551997336016e-05 -.001445406049059036 5.419376752119509e-06 8.679126330496036e-05 -.018293909785968204
QC1RE915 -.920000 .01 3.7929986405111884e-05 -.0015098761554441207 5.3353108252808416e-06 6.666368327789463e-05 -.018293909785968204
QC1RE905 -.910000 .01 3.905249518805271e-05 -.0015787966563243227 4.0028148990354136e-06 2.505979150514623e-05 -.018293909785968204
QC1RPE895 -.900000 .01 4.031446945541259e-05 -.0016505714944800261 2.4194896999303965e-06 -2.691251948623139e-05 0
QC1RPE885 -.890000 .01 4.160180338834622e-05 -.0017263662501816092 1.9490408789044365e-06 -6.687820296383482e-05 0
QC1RPE875 -.880000 .01 4.2905462258546243e-05 -.0018063419231657623 3.7262108791825176e-06 -7.553992652665788e-05 0
QC1RPE865 -.870000 .01 4.4210003842748336e-05 -.0018905594777437547 8.08874578855207e-06 -5.241581819098705e-05 0
QC1RPE855 -.860000 .01 4.5490019077048446e-05 -.0019788707601662665 1.4532972412585037e-05 -1.3298928207171515e-05 0
QC1RPE845 -.850000 .01 4.6704311308869625e-05 -.0020706952880595922 2.21381520808257e-05 2.4896717354608363e-05 0
QC1RPE835 -.840000 .01 4.778638995727904e-05 -.002164568286548917 3.001256136006003e-05 5.34526582856965e-05 0
QC1RPE825 -.830000 .01 4.862903070304734e-05 -.002257200124260584 3.750138940521639e-05 7.11325272120062e-05 0
QC1RPE815 -.820000 .01 4.9060061551054754e-05 -.002341519519728695 4.419655277500681e-05 7.958349330435045e-05 0
QC1RPE805 -.810000 .01 4.880821136891097e-05 -.002402737896621381 4.988434550731658e-05 7.939269995507589e-05 0
QC1RPE795 -.800000 .01 4.746976328524628e-05 -.002411496438282456 5.4536680628189355e-05 6.815185063328701e-05 0
QC1RPE785 -.790000 .01 4.452735727707828e-05 -.0023169323944043346 5.839746921338537e-05 4.135202639757814e-05 0
QC1RPE775 -.780000 .01 3.954536865853681e-05 -.00205648467860201 6.21348871443213e-05 -2.8264549976192117e-06 0
QC1RPE765 -.770000 .01 3.263365129195255e-05 -.0016117090675846157 6.689789577400529e-05 -5.6428757659491335e-05 0
QC1RPE755 -.760000 .01 2.482699339527506e-05 -.0010785476387747885 7.406706331965247e-05 -.00010167192433564596 0
QC1RPE745 -.750000 .01 1.7636612223984588e-05 -.0006193046827906795 8.479123814744075e-05 -.0001255412311909988 0
QC1RPE735 -.740000 .01 1.2035606074035931e-05 -.000319203731274254 9.978019520796028e-05 -.000126139722814262 0
QC1RPE725 -.730000 .01 8.110368406091426e-06 -.0001553400155129281 .00011939297046989322 -8.643835240815091e-05 0
QC1RPE715 -.720000 .01 5.488360093272963e-06 -7.282132686592438e-05 .00014302540782856342 3.4758481215883596e-05 0
QC1RPE705 -.710000 .01 3.7586288953785536e-06 -3.225346874945657e-05 .00016741425193807262 .00023450948910449344 0
QC1RPE695 -.700000 .01 2.6126140064631906e-06 -1.2452540688831007e-05 .00018627136207586702 .0004105676613892367 0
QC1RPE685 -.690000 .01 1.8447940709488804e-06 -2.9322999401837313e-06 .00019349247313866255 .0004473673538914033 0
QC1RPE675 -.680000 .01 1.3232245704547524e-06 1.4579276237723865e-06 .00018718578798008036 .00033763470727492565 0
QC1RPE665 -.670000 .01 9.63690026606702e-07 3.287230491542465e-06 .00017017770167071614 .0001675624233017653 0
QC1RPE655 -.660000 .01 7.121516432107297e-07 3.854092765259331e-06 .00014732967763034214 1.9483187759238305e-05 0
QC1RPE645 -.650000 .01 5.335769134035953e-07 3.8212892219613594e-06 .00012294042701798904 -7.429426331578948e-05 0
QC1RPE635 -.640000 .01 4.049936357882097e-07 3.5253053331867637e-06 9.976018055647519e-05 -.00011798029718379239 0
QC1RPE625 -.630000 .01 3.1113594415045695e-07 3.135756508318919e-06 7.913471729314901e-05 -.0001282431956288939 0
QC1RPE615 -.620000 .01 2.417355323632629e-07 2.7345150399677193e-06 6.148489921787328e-05 -.00012068421467634849 0
QC1RPE605 -.610000 .01 1.897838974226155e-07 2.3593291904614934e-06 4.672458078376832e-05 -.00010570186620801754 0
QC1RPE595 -.600000 .01 1.5044593597828954e-07 2.024437817816095e-06 3.453669628047119e-05 -8.890500400057045e-05 0
QC1RPE585 -.590000 .01 1.2033116700329622e-07 1.7333583405287248e-06 2.453532082406811e-05 -7.306462394429444e-05 0
QC1RPE575 -.580000 .01 9.704593215571225e-08 1.48377664363037e-06 1.6346662283793134e-05 -5.935479500637379e-05 0
QC1RPE565 -.570000 .01 7.886518087898167e-08 1.2716836701229874e-06 9.640469079226794e-06 -4.794948277531361e-05 0
QC1RPE555 -.560000 .01 6.454854999667765e-08 1.0919887912767e-06 4.137326008759893e-06 -3.858263405199401e-05 0
QC1RPE545 -.550000 .01 5.317479255291217e-08 9.401477995128993e-07 -3.9341990594643254e-07 -3.097624190573516e-05 0
QC1RPE535 -.540000 .01 4.4075874941389046e-08 8.116584545736829e-07 -4.139026268261605e-06 -2.489656746363079e-05 0
QC1RPE525 -.530000 .01 3.673504073078235e-08 7.029583450084108e-07 -7.250208998877602e-06 -2.0066424330772922e-05 0
QC1RPE515 -.520000 .01 3.078326146572799e-08 6.106558146539851e-07 -9.847588504284308e-06 -1.623679591678845e-05 0
QC1RPE505 -.510000 .01 2.5912884186296606e-08 5.322542431349782e-07 -1.2027260181407557e-05 -1.3213030721384143e-05 0
QC1RPE495 -.500000 .01 2.192247627851381e-08 4.6529498587249734e-07 -1.3865683740554255e-05 -1.0832868303333769e-05 0
QC1RPE485 -.490000 .01 1.8608591213907437e-08 4.081512425474067e-07 -1.5424038942855597e-05 -8.95807589812832e-06 0
QC1RPE475 -.480000 .01 1.5882964714626473e-08 3.5896418507450546e-07 -1.6751634981662194e-05 -7.455110212035677e-06 0
QC1RPE465 -.470000 .01 1.3567209883596132e-08 3.168808214354304e-07 -1.788814714841137e-05 -6.213811268246273e-06 0
QC1RPE455 -.460000 .01 1.1737508607442182e-08 2.801293586675589e-07 -1.8865345603264238e-05 -5.180887534743743e-06 0
QC1RPE445 -.450000 .01 1.0103149547411087e-08 2.4903463579500504e-07 -1.9709080980864454e-05 -4.331342927935885e-06 0
QC1RPE435 -.440000 .01 8.074450531739787e-09 1.768936572554662e-07 -2.0440704957935977e-05 -3.639837363524026e-06 0
QC1LPE435 0.430000 .01 -8.048909056174135e-09 1.7633401639420895e-07 -1.8760350563985406e-05 4.36259363885296e-06 0
QC1LPE445 0.440000 .01 -1.00711812716029e-08 2.4824741053428434e-07 -1.78495743143613e-05 5.188558217067475e-06 0
QC1LPE455 0.450000 .01 -1.1700364713800575e-08 2.7924443760134956e-07 -1.6799444181196333e-05 6.198973139245185e-06 0
QC1LPE465 0.460000 .01 -1.3524284445429175e-08 3.1587978851495476e-07 -1.5583616180462878e-05 7.433319541096609e-06 0
QC1LPE475 0.470000 .01 -1.5832712352468843e-08 3.578308344933586e-07 -1.4169971005307155e-05 8.951678811214847e-06 0
QC1LPE485 0.480000 .01 -1.8549724803119492e-08 4.068605698211397e-07 -1.251919858060134e-05 1.0841233730424482e-05 0
QC1LPE495 0.490000 .01 -2.1853129905506747e-08 4.638231731451641e-07 -1.058305870443064e-05 1.3192925814076105e-05 0
QC1LPE505 0.500000 .01 -2.5830915477292105e-08 5.305706396347963e-07 -8.301963306275486e-06 1.6118153548042608e-05 0
QC1LPE515 0.510000 .01 -3.068588638453169e-08 6.087241737915976e-07 -5.602270585623284e-06 1.9758314414563964e-05 0
QC1LPE525 0.520000 .01 -3.661883859712704e-08 7.007347275910452e-07 -2.3931409193795825e-06 2.4289533364376168e-05 0
QC1LPE535 0.530000 .01 -4.393645201967966e-08 8.090909816403348e-07 1.4373482452518241e-06 2.990512907969289e-05 0
QC1LPE545 0.540000 .01 -5.300658743595541e-08 9.371738905777999e-07 6.026450566225947e-06 3.678997574075178e-05 0
QC1LPE555 0.550000 .01 -6.43443669436139e-08 1.088534585304734e-06 1.1541025106313198e-05 4.5107547556217503e-05 0
QC1LPE565 0.560000 .01 -7.861571073623437e-08 1.2676610811089535e-06 1.8181352989518333e-05 5.4993622939648744e-05 0
QC1LPE575 0.570000 .01 -9.673895166455563e-08 1.4790831577321824e-06 2.6184113788543104e-05 6.652217132373116e-05 0
QC1LPE585 0.580000 .01 -1.1995052988246478e-07 1.7278754109584739e-06 3.582148423672596e-05 7.949432080690657e-05 0
QC1LPE595 0.590000 .01 -1.499700381672306e-07 2.0180341249095144e-06 4.739016110690312e-05 9.303077725723241e-05 0
QC1LPE605 0.600000 .01 -1.891835629008483e-07 2.351866041910362e-06 6.118221108648772e-05 .000105055603550531 0
QC1LPE615 0.610000 .01 -2.4097086236339166e-07 2.725865164306783e-06 7.742594526203539e-05 .0001116714369569587 0
QC1LPE625 0.620000 .01 -3.1015174247571866e-07 3.1258374153945082e-06 9.618051492420339e-05 .00010652359902551471 0
QC1LPE635 0.630000 .01 -4.037125385125086e-07 3.5141538798376925e-06 .00011716591332381978 8.05978086417556e-05 0
QC1LPE645 0.640000 .01 -5.318890758329318e-07 3.809201600264774e-06 .00013952270068667044 2.376482778815411e-05 0
QC1LPE655 0.650000 .01 -7.098989295260948e-07 3.841901551092544e-06 .00016154379875194547 -7.011419922883987e-05 0
QC1LPE665 0.660000 .01 -9.606416326501298e-07 3.2768323322856374e-06 .00018052084825278207 -.00019388565913240906 0
QC1LPE675 0.670000 .01 -1.3190388766053283e-06 1.4533167131311902e-06 .00019298464296380478 -.0003182264842428915 0
QC1LPE685 0.680000 .01 -1.8389585125662275e-06 -2.9230229939564252e-06 .00019561254151409302 -.0003956029608475216 0
QC1LPE695 0.690000 .01 -2.604349609371945e-06 -1.2413148963954845e-05 .0001866580855163029 -.0003848341018688065 0
QC1LPE705 0.700000 .01 -3.746739240288736e-06 -3.215143889566844e-05 .00016709797149779703 -.0002791799800482184 0
QC1LPE715 0.710000 .01 -5.470998488199458e-06 -7.259094738665763e-05 .00014063407101964564 -.00011106076039782306 0
QC1LPE725 0.720000 .01 -8.084711626508747e-06 -.00015484850268678227 .00011252307736651316 6.406518693384135e-05 0
QC1LPE735 0.730000 .01 -1.1997530045288936e-05 -.0003181935179968146 8.785312184243252e-05 .0001880076131791936 0
QC1LPE745 0.740000 .01 -1.7580814105537382e-05 -.0006173443442604207 6.988900937607168e-05 .00022441539644930595 0
QC1LPE755 0.750000 .01 -2.4748446999305013e-05 -.0010751338811586428 5.919108921367672e-05 .0001802732222407327 0
QC1LPE765 0.760000 .01 -3.253041300758717e-05 -.001606609185811417 5.409516945104553e-05 9.819855493153358e-05 0
QC1LPE775 0.770000 .01 -3.9420271979073607e-05 -.0020499787655417273 5.212627169803658e-05 2.1891835853417185e-05 0
QC1LPE785 0.780000 .01 -4.4386504087811855e-05 -.0023096030192252693 5.120000558655521e-05 -2.8649410456684893e-05 0
QC1LPE795 0.790000 .01 -4.731960322561013e-05 -.0024038679934939365 5.004649943415025e-05 -5.470445640916054e-05 0
QC1LPE805 0.800000 .01 -4.86538176214287e-05 -.0023951371764550328 4.808309363991635e-05 -6.513723713011345e-05 0
QC1LPE815 0.810000 .01 -4.8904871263130874e-05 -.002334112477740782 4.513014671783307e-05 -6.765200835432317e-05 0
QC1LPE825 0.820000 .01 -4.847520401433038e-05 -.002250059838253852 4.1188538887321356e-05 -6.642729677886391e-05 0
QC1LPE835 0.830000 .01 -4.763522888878846e-05 -.002157721047863237 3.632676236437567e-05 -6.249446162254744e-05 0
QC1LPE845 0.840000 .01 -4.655657324870359e-05 -.0020641450189840564 3.065442737613878e-05 -5.4686221746406486e-05 0
QC1LPE855 0.850000 .01 -4.534612223328032e-05 -.001972610976912704 2.4351518595740652e-05 -4.065769489615629e-05 0
QC1LPE865 0.860000 .01 -4.4070156098230665e-05 -.0018845790637883266 1.7728699667599645e-05 -1.8376487013765787e-05 0
QC1LPE875 0.870000 .01 -4.276974118250323e-05 -.0018006279261128094 1.1286302898556267e-05 1.1362251089627196e-05 0
QC1LPE885 0.880000 .01 -4.147020617672868e-05 -.0017209052495456066 5.7109488785954916e-06 4.1756244596695604e-05 0
QC1LPE895 0.890000 .01 -4.018694445825576e-05 -.00164535026290544 1.719672578226747e-06 5.9141520223360986e-05 0
QC1LE905 0.900000 .01 -3.892896217779131e-05 -.0015738024761207782 -2.882972195305288e-07 4.934617445020744e-05 .06069860145479142
QC1LE915 0.910000 .01 -3.7810388851694536e-05 -.0015050328354704653 -5.938398786966807e-07 1.0007464568871581e-05 .06069860145479142
QC1LE925 0.920000 .01 -3.6619719174965866e-05 -.0014407594754410882 -2.5546997763544244e-07 -4.404569404151347e-05 .06069860145479142
QC1LE935 0.930000 .01 -3.5463620988351584e-05 -.001379788583026955 -6.046369309889313e-07 -9.142816662409898e-05 .06069860145479142
QC1LE945 0.940000 .01 -3.4339278464555686e-05 -.0013219065398110345 -2.7259467985573877e-06 -.00011872456232233763 .06069860145479142
QC1LE955 0.950000 .01 -3.324320210784153e-05 -.0012668790444474625 -7.148643646548457e-06 -.0001234190660380616 .06069860145479142
QC1LE965 0.960000 .01 -3.21707327678698e-05 -.001214454554572352 -1.3866057051324101e-05 -.00010765404418679441 .06069860145479142
QC1LE975 0.970000 .01 -3.111566708811322e-05 -.0011643541795576735 -2.2452915968315652e-05 -7.307696607332782e-05 .06069860145479142
QC1LE985 0.980000 .01 -3.0069825991053668e-05 -.001116249262367492 -3.212454425762991e-05 -2.126241830026727e-05 .06069860145479142
QC1LE995 0.990000 .01 -2.902247479544914e-05 -.0010697272824370936 -4.175160630744246e-05 4.151667087688543e-05 .06069860145479142
QC1LE1005 1.000000 .01 -2.7959560180031252e-05 -.001024238121263429 -4.996656846518887e-05 9.966444924728353e-05 .06069860145479142
QC1LE1015 1.010000 .01 -2.6862799312065027e-05 -.0009790157253313822 -5.550668096495214e-05 .00013075977878264635 .06069860145479142
QC1LE1025 1.020000 .01 -2.5708760042012723e-05 -.000932966814127732 -5.77525633627544e-05 .0001187815295083794 .06069860145479142
QC1LE1035 1.030000 .01 -2.4468315018346868e-05 -.000884531765128806 -5.711158887114143e-05 6.808424741387406e-05 .06069860145479142
QC1LE1045 1.040000 .01 -2.3107280868733915e-05 -.000831549504698536 -5.486843189860623e-05 1.5640950741831807e-06 .06069860145479142
QC1LE1055 1.050000 .01 -2.158969650196118e-05 -.0007712321144146205 -5.257988439189342e-05 -5.550083381119032e-05 .06069860145479142
QC1LE1065 1.060000 .01 -1.9885719449528988e-05 -.0007004655042559122 -5.14768422575158e-05 -8.82887288944797e-05 .06069860145479142
QC1LE1075 1.070000 .01 -1.798546702843928e-05 -.0006167265025166364 -5.218849439963968e-05 -9.326026738098793e-05 .06069860145479142
QC1LE1085 1.080000 .01 -1.5916540720662633e-05 -.0005196690665439587 -5.475218308808922e-05 -7.246563327737495e-05 .06069860145479142
QC1LE1095 1.090000 .01 -1.3756286462365637e-05 -.00041264629882650056 -5.872565026464405e-05 -2.893502879812312e-05 .06069860145479142
QC1LE1105 1.100000 .01 -1.1625762188216888e-05 -.0003026045210189496 -6.32739832412582e-05 3.395495718440926e-05 .06069860145479142
QC1LE1115 1.110000 .01 -9.660414828236556e-06 -.00019739330871013002 -6.721574841881004e-05 .00010902926605802125 .06069860145479142
QC1LE1125 1.120000 .01 -7.971046546715662e-06 -.00010184691241189857 -6.91193418055276e-05 .000179849767925817 .06069860145479142
QC1LE1135 1.130000 .01 -6.618096553038826e-06 -1.5391866593414767e-05 -6.762313557816058e-05 .00022104162843304998 .06069860145479142
QC1LE1145 1.140000 .01 -5.609485100978352e-06 6.742971599883351e-05 -6.203714694768512e-05 .000213828798874839 .06069860145479142
QC1LE1155 1.150000 .01 -4.911028073192623e-06 .00015349477177206979 -5.2840060411985583e-05 .0001653949363722892 .06069860145479142
QC1LE1165 1.160000 .01 -4.446123595583772e-06 .0002412908221502993 -4.15304145682526e-05 .00010417351702288443 .06069860145479142
QC1LE1175 1.170000 .01 -4.0511119633653155e-06 .00028721276774715417 -2.995445233065872e-05 5.498785161753814e-05 .06069860145479142
QC1LE1185 1.180000 .01 -3.3234935545837782e-06 9.348578803896991e-05 -1.97300599470177e-05 2.526381088005309e-05 .06069860145479142
QC1LE1195 1.190000 .01 -1.2853712565549145e-06 -.0009696099676844858 -1.1977423133282662e-05 1.0525554381190827e-05 .06069860145479142
QC1LE1205 1.200000 .01 3.8820364250464e-06 -.004197364369379843 -7.169189606106583e-06 4.1473800464241875e-06 .06069860145479142
QC1LE1215 1.210000 .01 1.3770874890484397e-05 -.010576728093956862 -5.055805012852748e-06 1.6370211700415195e-06 .06069860145479142
QC1LE1225 1.220000 .01 2.722625004746929e-05 -.018684268900945603 -4.786290306555672e-06 7.140415826229873e-07 .06069860145479142
QC1LE1235 1.230000 .01 4.0344503747795944e-05 -.02540646681820834 -5.324919700351605e-06 3.8998643027897256e-07 .06069860145479142
QC1LE1245 1.240000 .01 4.9631344931733735e-05 -.02914861841842483 -5.909091835681694e-06 2.7759649852827883e-07 .06069860145479142
QC1LE1255 1.250000 .01 5.4363096639215525e-05 -.03057665586895091 -6.236291724906419e-06 2.3702768157448242e-07 .06069860145479142
QC1LE1265 1.260000 .01 5.606561661616946e-05 -.030930230126113015 -6.3423359310727045e-06 2.2162465158141962e-07 .06069860145479142
QC1LE1275 1.270000 .01 5.640467799038134e-05 -.03094077737574071 -6.344192438517277e-06 2.1567152004635807e-07 .06069860145479142
QC1LE1285 1.280000 .01 5.627972775122636e-05 -.030879107365231095 -6.3138385831844206e-06 2.1372574391195592e-07 .06069860145479142
QC1LE1295 1.290000 .01 5.604286800206433e-05 -.03081918168275183 -6.27984133711862e-06 2.122292854631247e-07 .06069860145479142
QC1LE1305 1.300000 .01 5.580952464905272e-05 -.030774295949173715 -6.250939380126996e-06 2.078428102551381e-07 .06069860145479142
QC1LE1315 1.310000 .01 5.5610555713937863e-05 -.03074295845193649 -6.228835820307814e-06 2.0046028486627704e-07 .06069860145479142
QC1LE1325 1.320000 .01 5.54493952706873e-05 -.030721463687233903 -6.212999794384118e-06 1.9379902417697494e-07 .06069860145479142
QC1LE1335 1.330000 .01 5.5321709139879035e-05 -.030706708128390613 -6.202280979647532e-06 1.9102919799997754e-07 .06069860145479142
QC1LE1345 1.340000 .01 5.522181186383413e-05 -.030696512319960935 -6.195475117428471e-06 1.9037046669258366e-07 .06069860145479142
QC1LE1355 1.350000 .01 5.514461739235674e-05 -.03068942620844611 -6.1915502163034e-06 1.8657599148298571e-07 .06069860145479142
QC1LE1365 1.360000 .01 5.508605649801224e-05 -.030684501234618196 -6.189744149227985e-06 1.7626857166818012e-07 .06069860145479142
QC1LE1375 1.370000 .01 5.5043065719321466e-05 -.030681120077105127 -6.189610052919632e-06 1.6062526937057355e-07 .06069860145479142
QC1LE1385 1.380000 .01 5.501342657737301e-05 -.030678884080532407 -6.191042420153999e-06 1.4350306942550692e-07 .06069860145479142
QC1LE1395 1.390000 .01 5.49956225325669e-05 -.03067754209030189 -6.194302065992803e-06 1.2856729348104454e-07 .06069860145479142
QC1LE1405 1.400000 .01 5.4988772238591944e-05 -.030676946966948695 -6.2001022797250946e-06 1.1844153988954483e-07 .06069860145479142
QC1LE1415 1.410000 .01 5.499240917494089e-05 -.030677032371844402 -6.209906664050909e-06 1.1460965831449142e-07 .06069860145479142
QC1LE1425 1.420000 .01 5.50071333444215e-05 -.030677796684129958 -6.226670490033874e-06 1.116799818806632e-07 .06069860145479142
QC1LE1435 1.430000 .01 5.505112253016465e-05 -.0306794290926971 -6.25633757219216e-06 8.04511314267965e-08 .06069860145479142
QC1LE1445 1.440000 .01 5.5091099949699794e-05 -.030681872498992225 -6.309290753210366e-06 -6.290663318464593e-08 .06069860145479142
QC1LE1455 1.450000 .01 5.514076449404257e-05 -.030685449031948628 -6.403015906989308e-06 -4.5578344667927275e-07 .06069860145479142
QC1LE1465 1.460000 .01 5.5207172971771335e-05 -.030690597669803123 -6.562006704251785e-06 -1.2166870507799312e-06 .06069860145479142
QC1LE1475 1.470000 .01 5.529364570222185e-05 -.03069794928945887 -6.8147521536305745e-06 -2.286166471254903e-06 .06069860145479142
QC1LE1485 1.480000 .01 5.540456333790219e-05 -.030708472727061984 -7.188147194507503e-06 -3.3398345764863217e-06 .06069860145479142
QC1LE1495 1.490000 .01 5.5545415630709494e-05 -.030723647349948584 -7.703908813563058e-06 -3.970083898418723e-06 .06069860145479142
QC1LE1505 1.500000 .01 5.5722390010702376e-05 -.03074569074522144 -8.381579010550714e-06 -4.066486453652526e-06 .06069860145479142
QC1LE1515 1.510000 .01 5.5940471513221476e-05 -.030777736727510857 -9.241252657931084e-06 -3.904333875955125e-06 .06069860145479142
QC1LE1525 1.520000 .01 5.6197054623900297e-05 -.03082342847825148 -1.0288780945735336e-05 -3.5219793626999162e-06 .06069860145479142
QC1LE1535 1.530000 .01 5.64623621830652e-05 -.0308837579971213 -1.149128200283507e-05 -2.172237505229854e-06 .06069860145479142
QC1LE1545 1.540000 .01 5.662237102060618e-05 -.030943256134537064 -1.2747094550259601e-05 1.0182754913288194e-06 .06069860145479142
QC1LE1555 1.550000 .01 5.6326827603821204e-05 -.030920460858430022 -1.3870526274352613e-05 6.038279306915775e-06 .06069860145479142
QC1LE1565 1.560000 .01 5.467872395284945e-05 -.030525502980657405 -1.4601650239718784e-05 1.194210926675811e-05 .06069860145479142
QC1LE1575 1.570000 .01 5.001553891888236e-05 -.029003654054776777 -1.462825991915136e-05 1.7417499025670747e-05 .06069860145479142
QC1LE1585 1.580000 .01 4.081576599018075e-05 -.02514354667464952 -1.370542915156269e-05 2.128925220153047e-05 .06069860145479142
QC1LE1595 1.590000 .01 2.780894562935826e-05 -.01839586501124037 -1.1877325611641824e-05 2.2742511358788094e-05 .06069860145479142
QC1LE1605 1.600000 .01 1.4497292907626487e-05 -.010407743254586262 -9.54505574984647e-06 2.1416920607208602e-05 .06069860145479142
QC1LE1615 1.610000 .01 4.795204984049584e-06 -.004162839707537223 -7.255164460757953e-06 1.766634746547028e-05 .06069860145479142
QC1LE1625 1.620000 .01 -1.2789263661611445e-07 -.0009837916030894524 -5.355109614692835e-06 1.2823520947106066e-05 .06069860145479142
QC1LE1635 1.630000 .01 -1.8445888173918828e-06 8.639473251812384e-05 -3.881796409352042e-06 8.43311832502524e-06 .06069860145479142
QC1LE1645 1.640000 .01 -2.147698507789445e-06 .00029742516550368165 -2.746596882112961e-06 4.858132853595595e-06 .06069860145479142
QC1LE1655 1.650000 .01 -1.9814958374453725e-06 .0002682639320067161 -1.8767134181103395e-06 1.2440954919003403e-06 .06069860145479142
QC1LE1665 1.660000 .01 -1.7068751689649813e-06 .00020053580114484835 -1.2362565647454617e-06 -2.7552203631586435e-06 .06069860145479142
QC1LE1675 1.670000 .01 -1.4400084273248606e-06 .00014279477833151853 -7.938759080649353e-07 -5.766481545781118e-06 .06069860145479142
QC1LE1685 1.680000 .01 -1.2110043478533488e-06 .0001010471270902981 -5.003347279026145e-07 -6.302635837360453e-06 .06069860145479142
QC1LE1695 1.690000 .01 -1.0223462202689322e-06 7.217124490189432e-05 -3.073351472883743e-07 -4.725533997209201e-06 .06069860145479142
QC1LE1705 1.700000 .01 -8.687947771169227e-07 5.232470352326909e-05 -1.829321579205751e-07 -2.6406315140947113e-06 .06069860145479142
QC1LE1715 1.710000 .01 -7.438621595639185e-07 3.857172650353412e-05 -1.0565598794057845e-07 -1.1196099061827389e-06 .06069860145479142
QC1LE1725 1.720000 .01 -6.417297931776314e-07 2.8907574734739455e-05 -5.984669878663833e-08 -2.941481493044899e-07 .06069860145479142
QC1LE1735 1.730000 .01 -5.576543862119447e-07 2.200771124814965e-05 -3.4202993693114044e-08 6.159576706931897e-08 .06069860145479142
QC1LE1745 1.740000 .01 -4.879044395187372e-07 1.7001189549569253e-05 -2.0462000123890713e-08 1.6689164546377285e-07 .06069860145479142
QC1LE1755 1.750000 .01 -4.295807896968304e-07 1.3311267326585918e-05 -1.314085904291987e-08 1.586097940468842e-07 .06069860145479142
QC1LE1765 1.760000 .01 -3.804353656984206e-07 1.0551319715223547e-05 -9.103935241564482e-09 1.1195182528587945e-07 .06069860145479142
QC1LE1775 1.770000 .01 -3.3871941126558e-07 8.458415223214777e-06 -6.661166019465647e-09 6.379374704451214e-08 .06069860145479142
QC1LE1785 1.780000 .01 -3.0306473500004324e-07 6.85103758314812e-06 -4.940980547010752e-09 2.61378232986187e-08 .06069860145479142
QC1LE1795 1.790000 .01 -2.723933893681513e-07 5.601996322351447e-06 -3.5317227850969044e-09 -9.848895738124157e-10 .06069860145479142
QC1LE1805 1.800000 .01 -2.4584973428827843e-07 4.620876452516725e-06 -2.247614544076798e-09 -2.024973489674033e-08 .06069860145479142
QC1LE1815 1.810000 .01 -2.2274949941654236e-07 3.8425188319797675e-06 -1.012796814523381e-09 -3.401131612016022e-08 .06069860145479142
QC1LE1825 1.820000 .01 -2.0254160952258195e-07 3.219353861106283e-06 1.9607333998186998e-10 -4.376431908315924e-08 .06069860145479142
QC1LE1835 1.830000 .01 -1.8477968224159704e-07 2.716228478671257e-06 1.3830133210746123e-09 -5.056561760911454e-08 .06069860145479142
QC1LE1845 1.840000 .01 -1.6910119425216167e-07 2.3068689144402246e-06 2.549994463346975e-09 -5.513323746166874e-08 .06069860145479142
QC1LE1855 1.850000 .01 -1.5521355972467096e-07 1.971434849379943e-06 3.7007968572774706e-09 -5.796834256689662e-08 .06069860145479142
QC1LE1865 1.860000 .01 -1.4288847411603928e-07 1.694827263055516e-06 4.841231151749704e-09 -5.959339802907724e-08 .06069860145479142
QC1LE1875 1.870000 .01 -1.319712444148816e-07 1.4655932274837036e-06 5.982896272147955e-09 -6.044622394923454e-08 .06069860145479142
QC1LE1885 1.880000 .01 -1.2242997171878826e-07 1.275639807756336e-06 7.148963557554296e-09 -6.080014123934544e-08 .06069860145479142
QC1LE1895 1.890000 .01 -1.1453301631702559e-07 1.1225156254205289e-06 8.39363212447577e-09 -6.066581948274447e-08 .06069860145479142
QC1LE1905 1.900000 .01 -1.0932437696461337e-07 1.0206230865941834e-06 9.859321469453236e-09 -6.009731929179961e-08 .06069860145479142
QC2LE2105 2.100000 .01 3.060199024908251e-09 -4.6442655530018385e-06 3.29058183816522e-08 -6.82940790851308e-08 -.006515814853153852
QC2LE2115 2.110000 .01 3.323316296081759e-09 -5.043581567733136e-06 3.1627404811579456e-08 -9.063439143547309e-08 -.006515814853153852
QC2LE2125 2.120000 .01 3.757151561493898e-09 -5.70198520829093e-06 2.6277753158737147e-08 -1.5374431541013341e-07 -.006515814853153852
QC2LE2135 2.130000 .01 4.323728066537617e-09 -6.561841617660779e-06 1.2485337021704924e-08 -2.970024930484285e-07 -.006515814853153852
QC2LE2145 2.140000 .01 5.019946959343886e-09 -7.618447869375461e-06 -1.690862048323956e-08 -5.85545988425516e-07 -.006515814853153852
QC2LE2155 2.150000 .01 5.864052075579983e-09 -8.899491449397335e-06 -7.020910834941066e-08 -1.1232669486368136e-06 -.006515814853153852
QC2LE2165 2.160000 .01 6.887411061726716e-09 -1.0452577000053196e-05 -1.4743115427558592e-07 -1.9807008869732514e-06 -.006515814853153852
QC2LE2175 2.170000 .01 8.132807828166581e-09 -1.2342634886850264e-05 -2.1380041114444639e-07 -3.1023601300794624e-06 -.006515814853153852
QC2LE2185 2.180000 .01 9.655813801998335e-09 -1.4654002259923296e-05 -1.667228437736962e-07 -4.597663425001549e-06 -.006515814853153852
QC2LE2195 2.190000 .01 1.1527660781655063e-08 -1.749478299913385e-05 1.436074666021363e-07 -7.040475375231883e-06 -.006515814853153852
QC2LE2205 2.200000 .01 1.3839022833787264e-08 -2.1002587253648003e-05 8.080171087760582e-07 -1.0854361892601128e-05 -.006515814853153852
QC2LE2215 2.210000 .01 1.6704215827807448e-08 -2.535090480310186e-05 1.772746183108662e-06 -1.556970402024811e-05 -.006515814853153852
QC2LE2225 2.220000 .01 2.0264778976749206e-08 -3.075454052983821e-05 2.8759621844855643e-06 -2.0068970901894473e-05 -.006515814853153852
QC2LE2235 2.230000 .01 2.4689927771137374e-08 -3.74703018072606e-05 3.94453802681662e-06 -2.3378741701538426e-05 -.006515814853153852
QC2LE2245 2.240000 .01 3.016803837664641e-08 -4.578407492254431e-05 4.853818952238039e-06 -2.5063646548069437e-05 -.006515814853153852
QC2LE2255 2.250000 .01 3.6876092704763144e-08 -5.596445384239953e-05 5.536416920000861e-06 -2.517362688886345e-05 -.006515814853153852
QC2LE2265 2.260000 .01 4.48986069064078e-08 -6.813970324673635e-05 5.968177759623732e-06 -2.4035506613989813e-05 -.006515814853153852
QC2LE2275 2.270000 .01 5.403542487889676e-08 -8.200605920211439e-05 6.151776084623578e-06 -2.2029019789567637e-05 -.006515814853153852
QC2LE2285 2.280000 .01 6.337298475436772e-08 -9.617706812204635e-05 6.105186203630159e-06 -1.9482895267881863e-05 -.006515814853153852
QC2LE2295 2.290000 .01 7.037141806531854e-08 -.00010679813638802424 5.8550554957696e-06 -1.668251490537011e-05 -.006515814853153852
QC2LE2305 2.300000 .01 6.901895438654938e-08 -.00010474558999353538 5.433588176072815e-06 -1.385855838640352e-05 -.006515814853153852
QC2LE2315 2.310000 .01 4.6378769321879505e-08 -7.038604973043583e-05 4.877991989739799e-06 -1.111618090772395e-05 -.006515814853153852
QC2LE2325 2.320000 .01 -2.3042399224014708e-08 3.496995460215737e-05 4.231296841762806e-06 -8.45451539120319e-06 -.006515814853153852
QC2LE2335 2.330000 .01 -1.8414649762342892e-07 .0002794671943417362 3.5431857775642635e-06 -5.921865316303617e-06 -.006515814853153852
QC2LE2345 2.340000 .01 -5.036594184151982e-07 .0007643712282604806 2.8694420097404222e-06 -3.6664111456816475e-06 -.006515814853153852
QC2LE2355 2.350000 .01 -1.055550114726379e-06 .0016019399383469305 2.2669680109351547e-06 -1.915294641312012e-06 -.006515814853153852
QC2LE2365 2.360000 .01 -1.8791169352591208e-06 .002851813879245312 1.7804996256284567e-06 -8.192889092253274e-07 -.006515814853153852
QC2LE2375 2.370000 .01 -2.9268754493627394e-06 .004441929010747819 1.4283151209453465e-06 -2.903596860352996e-07 -.006515814853153852
QC2LE2385 2.380000 .01 -4.053141656992918e-06 .006151190176126981 1.1981655447602436e-06 -8.097586859068917e-08 -.006515814853153852
QC2LE2395 2.390000 .01 -5.0742959685253735e-06 .007700929835132224 1.0573413620369335e-06 -1.1752005670228898e-08 -.006515814853153852
QC2LE2405 2.400000 .01 -5.859220432635672e-06 .008892158778316788 9.707350616770138e-07 1.5368286060810951e-09 -.006515814853153852
QC2LE2415 2.410000 .01 -6.3760918154761565e-06 .009676580947959973 9.134642918180969e-07 2.8585686682197345e-09 -.006515814853153852
QC2LE2425 2.420000 .01 -6.6712687703259315e-06 .01012455186497897 8.724183877559586e-07 1.9142233173141205e-10 -.006515814853153852
QC2LE2435 2.430000 .01 -6.818187124910745e-06 .010347520321523201 8.420041473986975e-07 -3.0673138082813963e-09 -.006515814853153852
QC2LE2445 2.440000 .01 -6.8803182534641555e-06 .010441812705045017 8.197005085356799e-07 -7.2872129763497675e-09 -.006515814853153852
QC2LE2455 2.450000 .01 -6.899594012521316e-06 .010471066274198028 8.036945799544706e-07 -9.753388284540907e-09 -.006515814853153852
QC2LE2465 2.460000 .01 -6.899585645429274e-06 .010471053576005187 7.923829027410967e-07 -7.51119425447579e-09 -.006515814853153852
QC2LE2475 2.470000 .01 -6.892169710376113e-06 .010459798892427305 7.844399644233018e-07 -4.661106996997255e-09 -.006515814853153852
QC2LE2485 2.480000 .01 -6.882823851842028e-06 .010445615289171505 7.788331997986763e-07 -4.219648770409862e-09 -.006515814853153852
QC2LE2495 2.490000 .01 -6.873835115049577e-06 .010431973666417432 7.748152308989467e-07 -4.973828448745439e-09 -.006515814853153852
QC2LE2505 2.500000 .01 -6.86600415243456e-06 .01042008912243067 7.71873640291748e-07 -5.307525605375878e-09 -.006515814853153852
QC2LE2515 2.510000 .01 -6.859484611087361e-06 .01041019483743361 7.696567820476029e-07 -5.189697079525203e-09 -.006515814853153852
QC2LE2525 2.520000 .01 -6.854175728822615e-06 .010402137891193703 7.679290868677908e-07 -4.694935389528705e-09 -.006515814853153852
QC2LE2535 2.530000 .01 -6.849897391640329e-06 .010395644936376682 7.665429042119476e-07 -4.129623433532944e-09 -.006515814853153852
QC2LE2545 2.540000 .01 -6.846463301402684e-06 .010390433240383455 7.654006936673831e-07 -3.6198703627434547e-09 -.006515814853153852
QC2LE2555 2.550000 .01 -6.8437080134005775e-06 .010386251718510979 7.644344553817697e-07 -3.1219464850570067e-09 -.006515814853153852
QC2LE2565 2.560000 .01 -6.841493972781245e-06 .010382891612682039 7.635984666479917e-07 -2.7400276942532423e-09 -.006515814853153852
QC2LE2575 2.570000 .01 -6.839710504402744e-06 .010380184958412912 7.628629637454969e-07 -2.4168987423800505e-09 -.006515814853153852
QC2LE2585 2.580000 .01 -6.838270067073678e-06 .01037799890011599 7.6220808476887e-07 -2.1543573624398232e-09 -.006515814853153852
QC2LE2595 2.590000 .01 -6.837104020402425e-06 .010376229266721425 7.616190087953921e-07 -1.955688207562559e-09 -.006515814853153852
QC2LE2605 2.600000 .01 -6.836158768470966e-06 .010374794719181069 7.610842055061011e-07 -1.7518398604561366e-09 -.006515814853153852
QC2LE2615 2.610000 .01 -6.835392539151971e-06 .010373631862646919 7.605955732579697e-07 -1.5291944938839483e-09 -.006515814853153852
QC2LE2625 2.620000 .01 -6.834772808700121e-06 .01037269133794044 7.601474190355015e-07 -1.3208683728821204e-09 -.006515814853153852
QC2LE2635 2.630000 .01 -6.8342742916971996e-06 .0103719347710226 7.597352125752376e-07 -1.1454524126800646e-09 -.006515814853153852
QC2LE2645 2.640000 .01 -6.83387739547534e-06 .010371332427372301 7.593553038930186e-07 -1.0021041211704052e-09 -.006515814853153852
QC2LE2655 2.650000 .01 -6.8335670445655355e-06 .010370861427928143 7.590047465352e-07 -8.805420338976973e-10 -.006515814853153852
QC2LE2665 2.660000 .01 -6.833331796039424e-06 .01037050440650002 7.586811626615294e-07 -7.738948464227372e-10 -.006515814853153852
QC2LE2675 2.670000 .01 -6.833163183307312e-06 .010370248513893959 7.583826189856696e-07 -6.74925448465054e-10 -.006515814853153852
QC2LE2685 2.680000 .01 -6.8330552409931835e-06 .010370084696845742 7.581075354279452e-07 -5.783193333589012e-10 -.006515814853153852
QC2LE2695 2.690000 .01 -6.833004176344068e-06 .01037000719934021 7.578546312414419e-07 -4.837488582554786e-10 -.006515814853153852
QC2LE2705 2.700000 .01 -6.833008163237444e-06 .010370013249989667 7.576228590532699e-07 -3.9370741552141903e-10 -.006515814853153852
QC2LE2715 2.710000 .01 -6.833067243847519e-06 .010370102912799174 7.57411439991775e-07 -3.13432242118051e-10 -.006515814853153852
QC2LE2725 2.720000 .01 -6.833183330825059e-06 .010370279090474728 7.572198534970937e-07 -2.454753667632766e-10 -.006515814853153852
QC2LE2735 2.730000 .01 -6.833360310163355e-06 .010370547680536272 7.570477791939223e-07 -1.8292046460598022e-10 -.006515814853153852
QC2LE2745 2.740000 .01 -6.833604252174063e-06 .010370917895502043 7.568951988353134e-07 -1.2210819507283615e-10 -.006515814853153852
QC2LE2755 2.750000 .01 -6.8339237458998835e-06 .010371402770405 7.567624991913572e-07 -6.713232277852731e-11 -.006515814853153852
QC2LE2765 2.760000 .01 -6.834330381262354e-06 .010372019894517252 7.566504495632606e-07 -1.8019627619480628e-11 -.006515814853153852
QC2LE2775 2.770000 .01 -6.834839413974329e-06 .010372792420444595 7.56560192395283e-07 2.495529319944206e-11 -.006515814853153852
QC2LE2785 2.780000 .01 -6.83547066108184e-06 .010373750423232317 7.56493372738386e-07 6.567238138033005e-11 -.006515814853153852
QC2LE2795 2.790000 .01 -6.836249690061961e-06 .010374932704981875 7.564523433784342e-07 1.0649699700598518e-10 -.006515814853153852
QC2LE2805 2.800000 .01 -6.837209380874302e-06 .010376389165475135 7.564402977243922e-07 1.445904290164299e-10 -.006515814853153852
QC2LE2815 2.810000 .01 -6.838391955030014e-06 .010378183881560768 7.564614635496004e-07 1.8063014125964033e-10 -.006515814853153852
QC2LE2825 2.820000 .01 -6.8398515705746846e-06 .010380399045391474 7.565214591573418e-07 2.146726142098899e-10 -.006515814853153852
QC2LE2835 2.830000 .01 -6.841657557645615e-06 .010383139874819371 7.566277582090542e-07 2.457402994511865e-10 -.006515814853153852
QC2LE2845 2.840000 .01 -6.8438982739639055e-06 .010386540464626238 7.567901426928483e-07 2.779590782202303e-10 -.006515814853153852
QC2LE2855 2.850000 .01 -6.846685302565334e-06 .010390770157147374 7.570209719261958e-07 3.073752684619704e-10 -.006515814853153852
QC2LE2865 2.860000 .01 -6.850157101247048e-06 .01039603908080012 7.573356540625763e-07 3.359171985513626e-10 -.006515814853153852
QC2LE2875 2.870000 .01 -6.854479818441475e-06 .01040259938828275 7.577528942865741e-07 4.1080017436858804e-10 -.006515814853153852
QC2LE2885 2.880000 .01 -6.859839863253347e-06 .010410733980601649 7.58293564457061e-07 5.731840714467556e-10 -.006515814853153852
QC2LE2895 2.890000 .01 -6.8664159117219565e-06 .010420714022791405 7.589780540278665e-07 7.706583240518501e-10 -.006515814853153852
QC2LE2905 2.900000 .01 -6.874303250906651e-06 .010432684125840965 7.598189021742436e-07 7.348045216350292e-10 -.006515814853153852
QC2LE2915 2.910000 .01 -6.88333278970062e-06 .010446387671146022 7.608013594017688e-07 2.4284094755446885e-10 -.006515814853153852
QC2LE2925 2.920000 .01 -6.8926657220584114e-06 .010460551657182548 7.618404136990073e-07 -2.861304472884847e-10 -.006515814853153852
QC2LE2935 2.930000 .01 -6.899928611372349e-06 .01047157407316969 7.626877908589668e-07 -3.175727437987059e-10 -.006515814853153852
QC2LE2945 2.940000 .01 -6.899461538426728e-06 .01047086522685792 7.627428159778072e-07 1.340382058162023e-10 -.006515814853153852
QC2LE2955 2.950000 .01 -6.879032188789919e-06 .010439860928112577 7.606949659921563e-07 7.032127594098586e-10 -.006515814853153852
QC2LE2965 2.960000 .01 -6.814449855595724e-06 .010341848510310673 7.539315256418748e-07 9.338526891478758e-10 -.006515814853153852
QC2LE2975 2.970000 .01 -6.6628999927098815e-06 .01011185111405179 7.377937244099359e-07 2.2303231751875266e-10 -.006515814853153852
QC2LE2985 2.980000 .01 -6.3601109467225835e-06 .009652327820089804 7.052901050995158e-07 -3.9088380958472995e-09 -.006515814853153852
QC2LE2995 2.990000 .01 -5.832870137451234e-06 .008852168644590049 6.485271418540684e-07 -1.4257495895749685e-08 -.006515814853153852
QC2LE3005 3.000000 .01 -5.037190557078263e-06 .007644617359109871 5.62931502978654e-07 -2.7691705944851822e-08 -.006515814853153852
QC2LE3015 3.010000 .01 -4.009202793298846e-06 .0060845070128975765 4.528680806631739e-07 -4.083172377992548e-08 -.006515814853153852
QC2LE3025 3.020000 .01 -2.8836511399116424e-06 .004376330280141714 3.3362762693044486e-07 -5.818928868310939e-08 -.006515814853153852
QC2LE3035 3.030000 .01 -1.8439770069356566e-06 .00279848428946397 2.258002772561706e-07 -7.985498112247895e-08 -.006515814853153852
QC2LE3045 3.040000 .01 -1.0318387229189476e-06 .0015659546970967194 1.4519813019897457e-07 -9.43278034480079e-08 -.006515814853153852
QC2LE3055 3.050000 .01 -4.902027314339382e-07 .0007439488873290871 9.6432712399666e-08 -9.297377143472318e-08 -.006515814853153852
QC2LE3065 3.060000 .01 -1.7764627128280025e-07 .000269602222477234 7.446197720985255e-08 -7.964988377261985e-08 -.006515814853153852
QC2LE3075 3.070000 .01 -2.0418079080784692e-08 3.0987194153556344e-05 7.05011509831476e-08 -6.416184740071954e-08 -.006515814853153852
QC2LE3085 3.080000 .01 4.713759627338078e-08 -7.153767217161103e-05 7.65730431412789e-08 -5.050903034642625e-08 -.006515814853153852
QC2LE3095 3.090000 .01 6.899055318416449e-08 -.00010470248733098748 8.705388705718607e-08 -3.7525239574197964e-08 -.006515814853153852
QC2LE3105 3.100000 .01 7.006676053752582e-08 -.00010633577742042967 9.85790251938176e-08 -2.3141464239972515e-08 -.006515814853153852
QC2LE3115 3.110000 .01 6.301145073920843e-08 -9.562839139900442e-05 1.0941596382313613e-07 -7.705847540201091e-09 -.006515814853153852
QC2LE3125 3.120000 .01 5.370050632426649e-08 -8.149777503704208e-05 1.1880970359235334e-07 7.507080731845788e-09 -.006515814853153852
QC2LE3135 3.130000 .01 4.461502443576713e-08 -6.770932852629766e-05 1.265040285490882e-07 2.2467591826308455e-08 -.006515814853153852
QC2LE3145 3.140000 .01 3.6645220069462306e-08 -5.561407341990705e-05 1.3248320606907288e-07 3.6455829486263345e-08 -.006515814853153852
QC2LE3155 3.150000 .01 2.998327339258795e-08 -4.550366909145972e-05 1.368591119374945e-07 4.766811716635422e-08 -.006515814853153852
QC2LE3165 3.160000 .01 2.4542959811374167e-08 -3.7247258068154876e-05 1.3982896537348754e-07 5.515884443321563e-08 -.006515814853153852
QC2LE3175 3.170000 .01 2.0147901281803803e-08 -3.0577162833769745e-05 1.4162458935484298e-07 5.899939401835321e-08 -.006515814853153852
QC2LE3185 3.180000 .01 1.6610997001277572e-08 -2.520943263693877e-05 1.4245457989994137e-07 5.910172788296123e-08 -.006515814853153852
QC2LE3195 3.190000 .01 1.3764343483117046e-08 -2.0889251247389832e-05 1.4250097286232805e-07 5.7732603235841244e-08 -.006515814853153852
QC2LE3205 3.200000 .01 1.1467537829445971e-08 -1.7403538294584663e-05 1.4192458945095233e-07 5.7238035863191114e-08 -.006515814853153852
QC2LE3215 3.210000 .01 9.607181412056948e-09 -1.4580196036365105e-05 1.408557146023599e-07 5.57456458294116e-08 -.006515814853153852
QC2LE3225 3.220000 .01 8.093316530142169e-09 -1.228270150553576e-05 1.3937653793483718e-07 5.3377062327167384e-08 -.006515814853153852
QC2LE3235 3.230000 .01 6.855263136154831e-09 -1.0403788178764539e-05 1.3755971873120988e-07 5.211771995833334e-08 -.006515814853153852
QC2LE3245 3.240000 .01 5.8378757737242555e-09 -8.859765374059091e-06 1.3549973149917858e-07 5.1504285494855114e-08 -.006515814853153852
QC2LE3255 3.250000 .01 4.998710750354046e-09 -7.586219052528878e-06 1.3327349517920223e-07 5.0160709710737046e-08 -.006515814853153852
QC2LE3265 3.260000 .01 4.306707907202389e-09 -6.5360112258908925e-06 1.3091323639051494e-07 4.824211634629279e-08 -.006515814853153852
QC2LE3275 3.270000 .01 3.743998628530253e-09 -5.682023855128344e-06 1.2843092448238165e-07 4.669103209307615e-08 -.006515814853153852
QC2LE3285 3.280000 .01 3.3143007159323273e-09 -5.029899206557432e-06 1.258458719077593e-07 4.591833287936743e-08 -.006515814853153852
QC2LE3295 3.290000 .01 3.0563895201369633e-09 -4.638484114723059e-06 1.231775653575403e-07 4.5970168458751795e-08 -.006515814853153852
QC2LE3305 3.300000 .01 1.332423627947678e-22 -2.0221329093027427e-19 1.2077832668809938e-07 4.607262714888625e-08 -.006515814853153852
