1
-90  90  0
4
0  60  55
60  80  70
80  100  90
100  180  115
1  8
0   55    0  0.0   0    -0.07761251    0.006868774  -2.062918e-05   3.370561e-09   6.749311e-10  -2.772571e-12       91.89266   0.0005712076
0   55    0  0.0   1     -0.3280306     0.03035643  -0.0004414165   3.632709e-06  -1.443415e-08     2.1593e-11            109   0.0005167394
1   55    0  0.0   0    -0.08307274    0.007817129   -3.02993e-05  -1.350416e-10   1.077729e-09  -3.961345e-12       92.87774   0.0005959456
1   55    0  0.0   1    -0.07611105    0.007388859  -2.624774e-05   3.758889e-09   8.868597e-10  -3.346598e-12       94.03181   0.0005800027
2   55    0  0.0   0    -0.09137644    0.008113886   -3.18788e-05  -3.959451e-09   1.065275e-09  -3.603132e-12       98.37427   0.0005676079
2   55    0  0.0   1      -0.096488    0.008544547  -3.473208e-05  -1.130477e-08   1.180307e-09  -3.846244e-12       98.91784      0.0005724
3   55    0  0.0   0    -0.08695869    0.007822067  -2.863385e-05  -3.940634e-09   8.631672e-10  -2.757349e-12       104.4787   0.0005569222
3   55    0  0.0   1     -0.1605058     0.01403468  -0.0001258693   7.272712e-07  -1.790196e-09   9.826242e-13         105.34   0.0005578035
4   55    0  0.0   0     -0.0829704       0.007621  -2.613042e-05  -3.879888e-09   6.977458e-10  -2.078043e-12       103.5039   0.0005639144
4   55    0  0.0   1     -0.0245221    0.002414452   6.424059e-05  -7.451063e-07   3.594073e-09  -6.429787e-12       108.8864   0.0005540914
5   55    0  0.0   0    -0.07269529    0.007116585  -2.153309e-05  -5.173358e-09   5.308686e-10  -1.513602e-12       107.0373   0.0005757307
5   55    0  0.0   1    -0.08505077    0.008039291  -2.926164e-05  -2.163479e-09   7.265796e-10  -2.080726e-12       110.7136   0.0005504356
6   55    0  0.0   0    -0.08399303    0.007290405  -2.140335e-05  -8.492574e-09   4.795625e-10  -1.242534e-12       114.0584   0.0005301286
6   55    0  0.0   1    -0.07234376    0.006826817  -1.725715e-05  -1.108549e-08   3.702985e-10  -9.128736e-13       113.7954   0.0005555731
7   55    0  0.0   0    -0.07367753    0.006578689  -1.530403e-05  -9.391783e-09   2.949258e-10   -6.95749e-13       119.7591   0.0005693385
7   55    0  0.0   1    -0.04269341    0.004265766   2.699501e-05  -3.647478e-07   1.688935e-09    -2.7622e-12       127.3636   0.0005312302
8   55    0  0.0   0    -0.08319929    0.007571881  -2.324469e-05   3.746829e-09   4.012382e-10  -1.023938e-12       124.4792   0.0004871888
8   55    0  0.0   1     -0.0931071    0.007740528  -2.460342e-05   5.961004e-09   4.144174e-10  -1.057698e-12       123.3849   0.0005000971
9   55    0  0.0   0    -0.07625217    0.007170951  -1.960253e-05   6.413694e-09   2.449205e-10  -5.659762e-13       134.1125   0.0004736416
9   55    0  0.0   1    -0.08486188    0.007207127  -1.995274e-05   5.635085e-09   2.608098e-10  -6.022151e-13       133.3422   0.0005032376
10   55    0  0.0   0    -0.07724621    0.007344447  -2.398522e-05   5.206493e-08   2.480419e-11  -1.804331e-13       144.2794    0.000439845
10   55    0  0.0   1    -0.08009816    0.006768631  -1.579121e-05   2.967311e-11   1.797408e-10  -3.568013e-13       142.2285    0.000504268
11   55    0  0.0   0    -0.07174006    0.006567505  -1.369041e-05  -2.199038e-09   1.341483e-10  -2.325401e-13       156.4336   0.0004165838
11   55    0  0.0   1    -0.08467521    0.006784018  -1.507447e-05   -1.17597e-09    1.50228e-10  -2.684729e-13       155.9491   0.0003880544
12   55    0  0.0   0    -0.08177253    0.006580985  -1.330713e-05  -1.760814e-09      1.104e-10  -1.742447e-13       170.3782   0.0003275513
12   55    0  0.0   1    -0.08436729    0.006720843  -1.432703e-05   6.451689e-10   1.136956e-10  -1.875639e-13       168.9821   0.0003378866
13   55    0  0.0   0    -0.07843168    0.007242482  -2.407582e-05   7.092258e-08  -1.112393e-10   7.427362e-14        179.838   0.0003424634
13   55    0  0.0   1    -0.08666407    0.007532248  -2.743494e-05   8.856951e-08  -1.537362e-10   1.136021e-13       176.7602   0.0002984014
14   55    0  0.0   0    -0.07026294    0.006756844  -1.578845e-05   1.515177e-09   1.639487e-10  -3.149798e-13       152.7137   0.0004112489
14   55    0  0.0   1    -0.07151572    0.006784831  -1.599625e-05   2.080962e-09   1.615142e-10  -3.089998e-13       152.0513   0.0004241908
15   55    0  0.0   0    -0.06585431    0.006858624  -1.950373e-05   4.039296e-08  -7.758095e-12  -5.515563e-14       161.8312   0.0004581635
15   55    0  0.0   1    -0.06374502    0.006392808  -1.310792e-05  -4.579065e-10   1.131574e-10  -1.883953e-13       161.9462   0.0004490167
16   55    0  0.0   0     -0.1147019    0.008892342  -4.062858e-05   1.491619e-07  -2.833357e-10   2.163786e-13       176.3716    0.000349551
16   55    0  0.0   1     -0.0853326    0.006636213  -1.351668e-05  -1.357026e-10   9.825361e-11  -1.499015e-13       176.1039   0.0003812801
17   55    0  0.0   0     -0.1015972    0.007981245  -2.986675e-05   9.270259e-08  -1.524051e-10   1.062642e-13       186.0393   0.0003647175
17   55    0  0.0   1    -0.09666086    0.007542322   -2.60825e-05   7.821685e-08  -1.267934e-10   8.889737e-14       186.1672   0.0003470366
18   55    0  0.0   0    -0.09626786     0.00782669  -2.895175e-05   9.267224e-08  -1.654096e-10   1.285287e-13       197.6103   0.0003142236
18   55    0  0.0   1     -0.1025052    0.007901736  -3.007254e-05   9.881035e-08  -1.788127e-10   1.384067e-13       197.1446    0.000277139
19   55    0  0.0   0     -0.0728283    0.006954279  -2.026968e-05   5.019334e-08  -6.762558e-11   4.234096e-14       208.1468   0.0002144066
19   55    0  0.0   1    -0.08169585    0.007322857    -2.5045e-05   7.700277e-08  -1.354333e-10   1.053473e-13       207.6871   0.0002446734
20   55    0  0.0   0    -0.04976259    0.006052806  -1.079418e-05  -2.441804e-09   8.245473e-11  -1.191848e-13       174.2074   0.0003620518
20   55    0  0.0   1    -0.06717674    0.007063036  -2.436311e-05   8.039358e-08   -1.49334e-10   1.215053e-13       174.9838   0.0003299662
21   55    0  0.0   0    -0.07480604    0.007397343  -2.639706e-05   8.393916e-08  -1.457318e-10   1.093204e-13       183.3917   0.0003229117
21   55    0  0.0   1    -0.05842484    0.006169056  -1.140534e-05  -7.412094e-10   7.535474e-11  -1.064368e-13       183.7207   0.0003590786
22   55    0  0.0   0    -0.03458955    0.005219931   -6.68086e-07  -5.927186e-08   2.247329e-10  -2.516356e-13       194.2423   0.0004739493
22   55    0  0.0   1    -0.06374523    0.007010989  -2.199881e-05   5.799736e-08  -7.617178e-11   3.997642e-14        192.675    0.000286861
23   55    0  0.0   0    -0.04015325     0.00572484  -8.620211e-06  -4.043541e-09   5.294815e-11  -5.909929e-14       202.2594   0.0002592041
23   55    0  0.0   1    -0.06016964    0.006949922  -2.236517e-05   6.528025e-08  -1.088879e-10   8.304542e-14       200.2862   0.0002899561
24   55    0  0.0   0     -0.0497851    0.006283656  -1.514368e-05   3.022843e-08  -3.016487e-11    1.46869e-14       212.9216   0.0002469492
24   55    0  0.0   1    -0.05770925    0.006610905  -1.823332e-05     4.4286e-08  -6.079285e-11    4.03773e-14         212.93   0.0002445957
25   55    0  0.0   0    -0.05795376     0.00677699      -2.11e-05   6.284296e-08  -1.118761e-10   8.951348e-14       221.1589   0.0002184036
25   55    0  0.0   1    -0.03789953    0.005516247  -7.628591e-06  -2.433755e-09   3.442877e-11  -3.371272e-14        224.186   0.0002686649
26   55    0  0.0   0    -0.06228197    0.006590853  -1.842135e-05   4.849954e-08  -7.463863e-11   5.735822e-14       194.0141   0.0002799468
26   55    0  0.0   1    -0.06718362     0.00663876  -1.783908e-05   3.885256e-08  -3.461437e-11   5.609203e-15       196.2966   0.0002868189
27   55    0  0.0   0    -0.08165777    0.007295262  -2.378983e-05    6.74821e-08   -1.07743e-10   7.855735e-14       203.6082   0.0002797741
27   55    0  0.0   1    -0.08123974    0.007164146  -2.304105e-05   6.602508e-08  -1.072518e-10   7.921525e-14       204.2415   0.0002570792
28   55    0  0.0   0    -0.06791352    0.006936458  -2.172741e-05   6.301536e-08  -1.064747e-10   8.153934e-14       212.8269   0.0002115527
28   55    0  0.0   1    -0.03812143    0.005005246  -3.052504e-06  -9.687961e-09  -7.199303e-12   7.529097e-14       181.8445    0.001332315
29   55    0  0.0   0    -0.05382478    0.006464472   -1.69952e-05   3.933778e-08  -5.150491e-11   3.303894e-14       221.1054    0.000201623
29   55    0  0.0   1     -0.0555707    0.006409371  -1.661815e-05    3.90871e-08  -5.484749e-11   3.877117e-14       221.6046   0.0001996288
30   55    0  0.0   0    -0.03689403    0.006335163  -1.710528e-05   4.285194e-08  -6.340586e-11   4.487208e-14       229.0054   0.0001319516
30   55    0  0.0   1    -0.02991965    0.005832507  -1.213843e-05   2.027256e-08  -1.649889e-11   8.957245e-15       228.7453   0.0001578577
31   55    0  0.0   0    -0.03382424     0.00627627  -1.692406e-05   4.290669e-08   -6.49684e-11   4.586285e-14       239.1684   0.0001429977
31   55    0  0.0   1      -0.035278     0.00617164  -1.540595e-05    3.44827e-08  -4.515384e-11   2.930718e-14       239.0413   0.0001375822
32   55    0  0.0   0    -0.04161943    0.006182413  -1.550134e-05   3.687141e-08    -5.2717e-11   3.915886e-14       207.2939    0.000233122
32   55    0  0.0   1    -0.04788088    0.006277191  -1.449524e-05   2.383432e-08  -8.971779e-12  -7.518299e-15       209.7281   0.0001932954
33   55    0  0.0   0    -0.04723929    0.006400188  -1.749531e-05   4.479793e-08  -6.752406e-11   4.896024e-14       214.6527   0.0002564548
33   55    0  0.0   1    -0.04628379    0.006242606  -1.498195e-05   3.001527e-08   -3.03158e-11   1.512236e-14       216.9678   0.0001631193
34   55    0  0.0   0    -0.03779732    0.006013341  -1.303031e-05   2.223434e-08  -1.751416e-11   7.817164e-15       223.8924   0.0001841999
34   55    0  0.0   1    -0.03339084    0.005903705  -1.190691e-05   1.716733e-08  -7.812662e-12   1.256707e-15       224.8624   0.0001546839
35   55    0  0.0   0    -0.01000459    0.004774813  -3.073421e-06  -7.432789e-09  -3.446691e-12    4.91616e-14       197.2304    0.001126648
35   55    0  0.0   1   -0.006935208    0.004720482  -2.898556e-06  -7.025542e-09  -3.754068e-12   4.579811e-14       197.2238    0.001279585
36   55    0  0.0   0    -0.03429099    0.006111355  -1.515196e-05   3.491419e-08   -4.86546e-11   3.357675e-14       239.5287    0.000168596
36   55    0  0.0   1    -0.03677226    0.006189299  -1.536929e-05   3.403234e-08  -4.419451e-11   2.848918e-14       242.2267   8.218899e-05
37   55    0  0.0   0    -0.02641317    0.005928581  -1.341689e-05   2.690474e-08  -3.179678e-11   1.986469e-14       250.5255   0.0001006364
37   55    0  0.0   1    -0.02973234    0.006063126  -1.469346e-05   3.262075e-08  -4.410888e-11   3.009775e-14       249.4005    5.36627e-05
38   55    0  0.0   0     -0.0355196    0.005958241  -1.324883e-05   2.519782e-08  -2.468117e-11   1.312461e-14       220.4278   0.0001864959
38   55    0  0.0   1    -0.03639685    0.006110047  -1.479333e-05    3.32343e-08  -4.480966e-11   3.206731e-14       218.5061   0.0002683876
39   55    0  0.0   0    -0.02808924    0.005628299  -9.755782e-06    8.60157e-09    9.82275e-12  -1.346374e-14       228.8397   0.0001779117
39   55    0  0.0   1    -0.02430065    0.005512014  -8.235987e-06  -3.210887e-10   3.270352e-11  -3.433509e-14       228.1872   0.0001670978
40   55    0  0.0   0    -0.03049718    0.005931551  -1.277446e-05   2.150269e-08  -1.601142e-11   5.637988e-15       234.8787   0.0002153479
40   55    0  0.0   1    -0.02679829    0.005822754  -1.233119e-05   2.199584e-08  -2.107196e-11   1.190399e-14        234.879   0.0002836297
41   55    0  0.0   0    -0.03399829     0.00614201  -1.447043e-05   2.793874e-08  -2.848894e-11   1.471641e-14        243.607   0.0001267009
41   55    0  0.0   1    -0.02596924    0.005922746  -1.331649e-05   2.594821e-08   -2.86385e-11   1.696055e-14       242.4215   0.0002068922
42   55    0  0.0   0    -0.02511629    0.005862312  -1.293974e-05   2.531597e-08   -3.01155e-11     1.9821e-14       253.6462    4.17323e-05
42   55    0  0.0   1    -0.01904706    0.005668289  -1.121163e-05   1.757281e-08  -1.313854e-11   5.692262e-15       255.3651   5.818235e-14
43   55    0  0.0   0    -0.02335496    0.005779694  -1.207306e-05   2.129733e-08  -2.199742e-11   1.322979e-14       260.2079   0.0001938788
43   55    0  0.0   1    -0.02686718    0.006013741  -1.403628e-05   2.831985e-08  -3.289926e-11   1.918092e-14       261.9726   8.115403e-05
44   55    0  0.0   0     -0.0314294    0.005977079  -1.376205e-05   2.878777e-08  -3.628146e-11   2.499556e-14       230.6421   0.0001654349
44   55    0  0.0   1    -0.03940659    0.006447015  -1.800806e-05    4.69849e-08  -7.363859e-11   5.443495e-14       229.7165   0.0001654543
45   55    0  0.0   0    -0.03801757    0.006213463  -1.586736e-05    3.80754e-08   -5.60489e-11   4.036405e-14       237.3554      0.0001542
45   55    0  0.0   1    -0.03580681    0.006187599  -1.554532e-05    3.64791e-08  -5.321887e-11   3.894636e-14       236.1379   0.0001427444
46   55    0  0.0   0    -0.01808445    0.005740525  -1.240346e-05   2.487307e-08  -3.204893e-11   2.351975e-14       245.5846   5.165376e-05
46   55    0  0.0   1     -0.0289884    0.006066889  -1.409012e-05   2.788577e-08  -3.164477e-11   1.962053e-14       243.2246   0.0001157853
47   55    0  0.0   0    -0.02235804    0.005959409  -1.388003e-05    2.94282e-08   -3.80631e-11   2.542082e-14       252.8242    2.66057e-05
47   55    0  0.0   1    -0.02043587    0.005780567  -1.224236e-05   2.244588e-08  -2.450857e-11   1.556484e-14       251.5639    4.60866e-05
48   55    0  0.0   0    -0.02205287    0.005718874  -1.172733e-05   2.089298e-08  -2.275198e-11   1.468219e-14       259.8354   7.576225e-05
48   55    0  0.0   1    -0.03091392    0.006160865  -1.593711e-05   3.917618e-08  -5.830795e-11   3.992393e-14       259.7939   3.380829e-05
49   55    0  0.0   0     0.00718032    0.004521703  -2.708706e-06  -4.990872e-09  -1.685411e-12   2.396803e-14       230.8074    0.001287645
49   55    0  0.0   1      0.0128117    0.004322871   8.625063e-07  -3.143495e-08   7.703611e-11  -5.605516e-14       261.1982   0.0006656338
50   55    0  0.0   0     -0.0195113    0.005749642  -1.232404e-05    2.39896e-08  -2.792873e-11   1.846164e-14        240.942   0.0001269985
50   55    0  0.0   1    -0.02169753    0.005855896    -1.3405e-05   2.897786e-08  -3.845875e-11   2.679925e-14       239.6785   0.0001351938
51   55    0  0.0   0    -0.02109914    0.005680823  -1.120325e-05   1.766884e-08  -1.333543e-11   5.991063e-15       249.4941   9.561618e-05
51   55    0  0.0   1    -0.02361014    0.005831806  -1.274976e-05   2.484408e-08  -2.853379e-11   1.794972e-14       249.0739   0.0001136547
52   55    0  0.0   0    -0.01924012    0.005686126  -1.172395e-05   2.145302e-08  -2.353418e-11    1.47549e-14        256.907   6.574237e-05
52   55    0  0.0   1    -0.01844477    0.005676082  -1.167962e-05   2.152511e-08  -2.431005e-11   1.575514e-14       256.9112   2.794212e-05
53   55    0  0.0   0    -0.02389892    0.006043005  -1.507612e-05   3.472261e-08  -4.712954e-11    2.98724e-14       260.9826   9.913201e-05
53   55    0  0.0   1    -0.01367536     0.00547797  -1.001357e-05   1.499982e-08  -1.244106e-11   7.254213e-15       261.7831   4.351812e-05
54   55    0  0.0   0    -0.01794681    0.005754958  -1.224239e-05   2.221346e-08  -2.267732e-11   1.172244e-14       273.0787   4.061276e-05
54   55    0  0.0   1   -0.003229392    0.005061902  -6.027771e-06    -1.1865e-09   1.565399e-11   -1.04917e-14       265.0328   0.0002937341
55   55    0  0.0   0    0.001244323    0.005453487  -1.071276e-05   1.639338e-08  -1.322942e-11    4.70068e-15       318.2531   8.876522e-05
55   55    0  0.0   1    0.006578053    0.005294934  -9.853694e-06   1.503741e-08  -1.384444e-11   6.654058e-15       315.7782   7.047123e-05
0   70    0  0.0   0    -0.06384185    0.005750573  -9.727155e-06   6.467799e-09    2.27136e-10  -1.357162e-12       92.65786   0.0005911998
0   70    0  0.0   1     -0.3221629     0.02959903  -0.0004303043   3.575099e-06  -1.437345e-08   2.175611e-11       107.7836   0.0005454896
1   70    0  0.0   0    -0.08992769    0.008032286   -3.14962e-05    8.17578e-10   1.096231e-09  -4.044369e-12       92.26683   0.0005973689
1   70    0  0.0   1     -0.1048742    0.008910453  -3.834786e-05  -2.507065e-09   1.312211e-09  -4.615751e-12       92.79119   0.0005916927
2   70    0  0.0   0     -0.1026298    0.008662732  -3.619072e-05   2.974252e-10   1.159727e-09   -3.93857e-12       97.20552   0.0005798759
2   70    0  0.0   1     -0.0859809    0.007828717   -2.91426e-05  -4.253531e-09   9.726678e-10  -3.320852e-12       98.51778   0.0005848328
3   70    0  0.0   0     -0.1019468     0.00849376  -3.325702e-05  -3.835512e-09   9.705915e-10  -3.059306e-12       103.5936   0.0005617193
3   70    0  0.0   1     -0.1000611    0.008544045    -3.3736e-05  -4.648995e-09   9.925141e-10  -3.112622e-12        103.776   0.0005550511
4   70    0  0.0   0    -0.09295657    0.008103781  -3.022047e-05   3.215092e-10   8.035003e-10  -2.460668e-12       108.7464   0.0005404148
4   70    0  0.0   1    -0.09225311    0.008121908  -2.964844e-05  -3.521825e-09   7.824151e-10  -2.326448e-12       104.1744   0.0005639869
5   70    0  0.0   0    -0.04270927    0.003664447   4.502795e-05  -5.885685e-07   2.929652e-09  -5.284951e-12       111.5382   0.0005379029
5   70    0  0.0   1     -0.0837961     0.00783893  -2.739006e-05  -1.518963e-09   6.740732e-10  -1.964339e-12       110.4133   0.0005340647
6   70    0  0.0   0    -0.04006658    0.003295833   4.502147e-05  -5.312243e-07   2.455274e-09  -4.139036e-12       118.6797   0.0005273164
6   70    0  0.0   1    -0.08475801    0.007378883  -2.130442e-05  -1.061616e-08    4.74639e-10  -1.214963e-12       114.4823    0.000515741
7   70    0  0.0   0    -0.09321422    0.007401036  -2.079525e-05   -7.52061e-09     3.9527e-10  -9.582692e-13       120.1572   0.0005223737
7   70    0  0.0   1    -0.07999115    0.007214503  -1.959299e-05  -8.912943e-09   3.836764e-10  -9.286779e-13       120.5907   0.0005394599
8   70    0  0.0   0    -0.09033963    0.007622092  -2.246269e-05   1.294606e-09     3.7766e-10  -9.399848e-13       121.5996   0.0004894935
8   70    0  0.0   1      -0.109228    0.008261623  -2.713417e-05   3.507323e-09   4.632765e-10  -1.159786e-12       123.8487   0.0004511235
9   70    0  0.0   0    -0.09336382    0.007799639   -2.34642e-05   7.080972e-09   3.075963e-10  -7.105902e-13       133.6112    0.000448164
9   70    0  0.0   1    -0.09308957    0.007389619  -2.033955e-05   3.235316e-09   2.699288e-10  -6.077103e-13       131.5339   0.0004598591
10   70    0  0.0   0    -0.09799093    0.008197393  -3.143353e-05   8.215466e-08  -2.483641e-11  -1.665974e-13       144.2843   0.0004226156
10   70    0  0.0   1     -0.1089623    0.008400907  -3.506393e-05    1.11467e-07  -1.298136e-10  -3.077144e-14       143.2127   0.0004207218
11   70    0  0.0   0     -0.1059177    0.008292259  -3.192067e-05   9.224096e-08  -1.033882e-10  -1.819918e-15       155.2103   0.0003661579
11   70    0  0.0   1     -0.1076736    0.008150657  -3.239689e-05   1.054766e-07  -1.628439e-10   8.033594e-14         154.08    0.000372499
12   70    0  0.0   0    -0.09214928    0.006790845  -1.409361e-05  -1.918102e-09   1.179252e-10  -1.883519e-13       169.1761   0.0003236354
12   70    0  0.0   1     -0.1072603    0.007931402  -2.770743e-05    7.44485e-08  -8.392404e-11   1.544535e-14       166.5577   0.0003218107
13   70    0  0.0   0     -0.1113628    0.008956478  -4.282662e-05   1.707657e-07  -3.678369e-10   3.280805e-13       176.7056    0.000288996
13   70    0  0.0   1    -0.09168691    0.007393174  -2.324318e-05   5.799761e-08  -6.257107e-11   1.487471e-14       175.9754    0.000270643
14   70    0  0.0   0    -0.08569179    0.007243545  -1.833374e-05   3.070264e-09   1.852604e-10  -3.609092e-13       151.8258   0.0004092013
14   70    0  0.0   1    -0.08371983    0.007076779  -1.623214e-05  -1.050551e-08   2.295581e-10  -4.178308e-13       152.2082   0.0003990957
15   70    0  0.0   0    -0.08693913     0.00780729  -2.780262e-05   7.219131e-08  -5.599353e-11  -4.242367e-14       161.8048   0.0004062512
15   70    0  0.0   1    -0.09018156    0.007766173   -2.85919e-05   8.670948e-08  -1.253862e-10   6.023779e-14       161.1901   0.0004072767
16   70    0  0.0   0      -0.114809      0.0084607  -3.332199e-05   1.034469e-07  -1.597895e-10   9.345874e-14       174.4731   0.0003754549
16   70    0  0.0   1     -0.1141452    0.008011057  -2.757076e-05   6.997074e-08   -6.87227e-11  -2.236696e-16       175.3937   0.0003567867
17   70    0  0.0   0     -0.1191178    0.008628681  -3.506873e-05   1.141062e-07  -1.961395e-10   1.398871e-13       185.4996   0.0003390135
17   70    0  0.0   1     -0.1124637    0.007981141  -2.794074e-05   7.664883e-08  -1.019099e-10   4.912859e-14       185.7873   0.0003407545
18   70    0  0.0   0     -0.1060174     0.00807908  -3.008239e-05   9.359718e-08  -1.596668e-10   1.172051e-13       196.3828   0.0002715176
18   70    0  0.0   1     -0.1130146    0.008096156  -3.009899e-05   9.186258e-08  -1.497709e-10    1.02544e-13       196.4968   0.0002873277
19   70    0  0.0   0    -0.09900198    0.008153348  -3.136638e-05   9.972603e-08   -1.73418e-10   1.281838e-13       206.8312   0.0002131819
19   70    0  0.0   1    -0.09565333    0.007747402  -2.783841e-05   8.577692e-08   -1.48202e-10   1.113618e-13       207.1067   0.0002313891
20   70    0  0.0   0    -0.08501493     0.00791223  -3.112097e-05   1.052181e-07  -1.913574e-10   1.467563e-13       172.7051   0.0003607663
20   70    0  0.0   1        -0.0854    0.007743812  -2.918896e-05   9.425086e-08  -1.604261e-10   1.129216e-13       172.7168   0.0003520842
21   70    0  0.0   0    -0.07887959    0.007225724  -2.230991e-05   5.560835e-08  -6.556763e-11   2.782504e-14        182.001   0.0003026947
21   70    0  0.0   1    -0.09076491     0.00788891  -3.032589e-05    9.95276e-08  -1.766028e-10   1.328554e-13       182.0328   0.0003203497
22   70    0  0.0   0    -0.03457331     0.00510969  -3.052711e-06  -1.224914e-08  -1.240198e-11    1.19091e-13       163.8874    0.001061357
22   70    0  0.0   1    -0.07782838    0.007580542   -2.75331e-05   8.626154e-08  -1.484377e-10   1.110812e-13       190.3082    0.000260229
23   70    0  0.0   0    -0.07365016    0.007393527  -2.547736e-05   7.637511e-08  -1.274332e-10   9.327692e-14       199.8611   0.0002409632
23   70    0  0.0   1    -0.05161629    0.005965345  -9.599085e-06  -4.367814e-09   6.329303e-11  -7.614273e-14       200.1639   0.0002837652
24   70    0  0.0   0    -0.06615538    0.006896144  -2.013716e-05   5.029185e-08  -6.916154e-11   4.364103e-14       210.6215   0.0002245035
24   70    0  0.0   1    -0.06509787     0.00677633  -1.911887e-05   4.664481e-08  -6.344176e-11   4.065743e-14       210.3662   0.0002439564
25   70    0  0.0   0    -0.06250293    0.006701622  -1.885826e-05   4.777118e-08  -7.111108e-11   5.016759e-14       220.8131   0.0001990478
25   70    0  0.0   1    -0.05821853    0.006372494  -1.545636e-05   3.174941e-08  -3.640258e-11   2.213577e-14       218.6395   0.0003230735
26   70    0  0.0   0    -0.08230896    0.007374572  -2.492598e-05   7.438129e-08  -1.233038e-10   9.063134e-14       193.2195   0.0002890447
26   70    0  0.0   1    -0.08315114    0.007312733  -2.438752e-05   7.204293e-08  -1.175379e-10   8.424892e-14       193.8261    0.000267932
27   70    0  0.0   0    -0.06990392     0.00617189  -1.002994e-05  -5.240787e-09   6.735917e-11  -7.957109e-14       202.8361   0.0003583092
27   70    0  0.0   1    -0.09861764    0.007896483  -2.969051e-05   9.600512e-08  -1.726879e-10   1.332716e-13       202.6982   0.0002465532
28   70    0  0.0   0    -0.08074967    0.007243612  -2.267262e-05   6.009787e-08  -8.769139e-11   5.710238e-14       212.1356    0.000237906
28   70    0  0.0   1     -0.0430617    0.005056256  -2.967982e-06  -1.018285e-08  -8.516066e-12   7.992844e-14       179.7507    0.001244337
29   70    0  0.0   0    -0.07467899    0.007273944  -2.373694e-05   6.696444e-08  -1.065661e-10   7.510247e-14       218.7418   0.0002224622
29   70    0  0.0   1    -0.07367888    0.007071697  -2.169742e-05   5.778653e-08  -8.755935e-11   6.026395e-14        220.308   0.0001758957
30   70    0  0.0   0     -0.0440175    0.006450556  -1.715299e-05   3.989959e-08   -5.25445e-11   3.326176e-14       227.5858   0.0001640019
30   70    0  0.0   1    -0.04205001    0.006226444  -1.523426e-05   3.302566e-08  -4.234055e-11   2.851287e-14       227.6632   0.0001494013
31   70    0  0.0   0    -0.04383287    0.006485627  -1.738372e-05   4.083994e-08  -5.571471e-11   3.610016e-14       237.6473   0.0001362989
31   70    0  0.0   1    -0.04026001    0.006215317  -1.499713e-05   3.071179e-08  -3.497402e-11   1.979102e-14       238.0412   0.0001716685
32   70    0  0.0   0    -0.05797886    0.006704918  -1.881298e-05   4.602554e-08  -6.273537e-11   4.080175e-14       206.0007   0.0002354583
32   70    0  0.0   1    -0.06201595    0.006915636  -2.108044e-05   5.668642e-08  -8.570568e-11   5.936284e-14       207.1713   0.0002239252
33   70    0  0.0   0     -0.0601001    0.006803271  -2.030554e-05   5.465695e-08  -8.487081e-11   6.076682e-14       213.6749   0.0002212788
33   70    0  0.0   1    -0.06278092     0.00695865  -2.145619e-05   5.859309e-08  -9.084975e-11   6.390584e-14       213.8336   0.0002123612
34   70    0  0.0   0    -0.05240596    0.006543212  -1.722864e-05   3.818808e-08  -4.587733e-11   2.621813e-14        223.561   0.0001615187
34   70    0  0.0   1    -0.04346361     0.00620716  -1.421403e-05   2.578462e-08   -2.27178e-11   1.036342e-14       224.1186   0.0001528369
35   70    0  0.0   0    -0.01382444    0.004791903  -2.985271e-06  -7.553072e-09  -4.138194e-12   4.890974e-14       204.2364    0.001071964
35   70    0  0.0   1    -0.01305285    0.004799788  -2.974392e-06   -7.48317e-09  -4.030879e-12    4.81557e-14       197.4299    0.001142418
36   70    0  0.0   0    -0.04205966    0.006278773  -1.590088e-05    3.60199e-08  -4.761688e-11   3.041623e-14       238.8414   0.0001201879
36   70    0  0.0   1    -0.04353308    0.006288656  -1.566263e-05   3.426382e-08  -4.366925e-11   2.745936e-14       238.9072   0.0001361986
37   70    0  0.0   0    -0.03647296    0.006167826  -1.478695e-05   3.051835e-08  -3.572081e-11   2.069885e-14       248.9388    8.76746e-05
37   70    0  0.0   1    -0.03384479    0.005985546  -1.311602e-05     2.4178e-08  -2.522797e-11   1.457592e-14       248.0253   0.0001367942
38   70    0  0.0   0    -0.05788756    0.006831463  -2.033735e-05   5.324787e-08  -7.837367e-11   5.249846e-14        218.714   0.0001875995
38   70    0  0.0   1      -0.054786    0.006784624  -2.005868e-05   5.285756e-08  -7.973391e-11   5.548633e-14       217.5721   0.0002258238
39   70    0  0.0   0    -0.04959038    0.006529072  -1.745267e-05   4.029034e-08  -5.253179e-11   3.299553e-14       227.8986   0.0001476058
39   70    0  0.0   1    -0.04603591    0.006418831  -1.648736e-05   3.627918e-08  -4.465761e-11   2.712984e-14       227.2298   0.0001883294
40   70    0  0.0   0    -0.04477646    0.006442585  -1.688741e-05   3.753073e-08  -4.552092e-11   2.569247e-14        234.416   0.0002014767
40   70    0  0.0   1    -0.04414801    0.006397004  -1.621375e-05   3.457997e-08  -4.066202e-11   2.333749e-14       234.3505   0.0002245387
41   70    0  0.0   0    -0.04447183    0.006513257  -1.776621e-05   4.252011e-08  -5.877758e-11   3.788257e-14       242.8764   0.0001231641
41   70    0  0.0   1    -0.03690713    0.006240101  -1.546055e-05   3.321508e-08  -4.089254e-11   2.483859e-14        242.079   0.0001652113
42   70    0  0.0   0    -0.03838311    0.006259588  -1.545664e-05    3.28141e-08  -4.016859e-11   2.418545e-14       253.1838   8.565747e-05
42   70    0  0.0   1     -0.0379072    0.006362667  -1.656003e-05   3.745023e-08  -4.863344e-11   2.983769e-14       253.0329   4.209108e-05
43   70    0  0.0   0    -0.03032918     0.00593822  -1.274413e-05   2.182805e-08  -1.934914e-11   8.704956e-15       262.1481   0.0001076844
43   70    0  0.0   1    -0.03480508    0.006146323  -1.425233e-05    2.70052e-08   -2.77765e-11   1.396192e-14       262.3001   6.118913e-05
44   70    0  0.0   0    -0.04462599    0.006445262  -1.748562e-05   4.307708e-08  -6.244828e-11   4.323674e-14       228.1444    0.000177115
44   70    0  0.0   1    -0.04444335    0.006276031  -1.475766e-05   2.848173e-08  -2.919854e-11   1.537891e-14       227.6978   0.0002661948
45   70    0  0.0   0    -0.04765875    0.006385248  -1.608539e-05   3.510401e-08  -4.415405e-11   2.770287e-14       235.7384   0.0001142553
45   70    0  0.0   1      -0.051399    0.006622881  -1.792137e-05     4.1394e-08  -5.398781e-11   3.311557e-14       236.0501   0.0001164114
46   70    0  0.0   0    -0.03402128    0.006193822  -1.496979e-05   3.121039e-08  -3.762987e-11   2.319873e-14       243.3881   0.0001063681
46   70    0  0.0   1    -0.03970425    0.006329138  -1.596783e-05   3.552144e-08  -4.684327e-11   3.062546e-14       242.1965   0.0001214557
47   70    0  0.0   0    -0.03317146     0.00621059  -1.510204e-05   3.146271e-08   -3.69867e-11   2.115298e-14       251.7974   3.716271e-05
47   70    0  0.0   1    -0.03123542    0.006098774  -1.450502e-05   3.040511e-08  -3.765398e-11   2.356484e-14       249.5549   7.410521e-05
48   70    0  0.0   0    -0.03590398    0.006068009  -1.370056e-05   2.616122e-08  -2.879741e-11   1.650372e-14       259.3026   2.503859e-05
48   70    0  0.0   1    -0.04188692    0.006399571  -1.658401e-05   3.720568e-08  -4.755487e-11   2.809617e-14       258.6094   2.357814e-05
49   70    0  0.0   0    -0.02017769    0.005559119  -9.390477e-06   8.722951e-09   4.747731e-12  -8.383292e-15       262.4379   0.0003704927
49   70    0  0.0   1    -0.01709335    0.005608842  -1.047837e-05   1.484297e-08  -9.635208e-12   3.979115e-15       259.9208   0.0004039463
50   70    0  0.0   0     -0.0273032    0.005862534  -1.224211e-05   2.042585e-08  -1.614844e-11   6.648198e-15       238.7919   9.375924e-05
50   70    0  0.0   1    -0.03145153    0.006097605  -1.460893e-05   3.126815e-08  -3.901267e-11    2.46229e-14       238.5951   9.494474e-05
51   70    0  0.0   0    -0.03452333    0.006088777  -1.399925e-05   2.710721e-08  -2.914449e-11    1.62305e-14       248.2336    3.93861e-05
51   70    0  0.0   1    -0.03073244    0.006023576  -1.397656e-05   2.858335e-08  -3.407708e-11   2.085868e-14       248.7174   4.226795e-05
52   70    0  0.0   0    -0.02690424    0.005834465  -1.209675e-05   2.022479e-08   -1.72482e-11   7.764638e-15        256.656    8.27629e-05
52   70    0  0.0   1    -0.02763243    0.005906766  -1.262972e-05    2.20429e-08   -2.03896e-11   1.003591e-14       256.4678   5.961745e-05
53   70    0  0.0   0    -0.02521868    0.005780145   -1.15443e-05   1.763833e-08  -1.197382e-11   3.510736e-15       262.0706   3.972092e-05
53   70    0  0.0   1     -0.0238449    0.005775801  -1.186408e-05   2.033086e-08  -1.928906e-11   9.959081e-15       262.0263   9.581225e-16
54   70    0  0.0   0    -0.02566882    0.005978735  -1.384982e-05    2.78224e-08  -3.205194e-11   1.758893e-14       270.5929   3.640404e-05
54   70    0  0.0   1    -0.05039159    0.004741971  -1.110814e-06  -2.713337e-09  -5.353723e-12  -1.898608e-15       237.2686    0.002734204
55   70    0  0.0   0   -0.007795196    0.005662029  -1.196005e-05   2.057933e-08  -2.064995e-11   9.784947e-15       313.0593   6.112031e-05
55   70    0  0.0   1     0.02864304    0.004254028  -2.787879e-06  -3.039334e-09   5.362147e-13   8.971618e-15       270.4981   0.0009710845
0   90    0  0.0   0    -0.05841595    0.005384839  -6.295674e-06    5.99704e-09   1.202451e-10  -1.053025e-12        92.2892   0.0005873764
0   90    0  0.0   1    -0.07424463    0.006364188  -1.393597e-05   1.603407e-09   3.621399e-10  -1.692521e-12       92.73679    0.000588276
1   90    0  0.0   0    -0.07881854    0.007337629  -2.540332e-05    5.56625e-09   8.450881e-10  -3.306546e-12       92.22974   0.0006102615
1   90    0  0.0   1      -0.360926     0.03307051  -0.0004766349   3.827257e-06  -1.483337e-08   2.170648e-11       104.4414   0.0005659614
2   90    0  0.0   0     -0.2360928     0.02055518  -0.0002400696   1.687735e-06  -5.592532e-09   6.526727e-12       98.51921    0.000584926
2   90    0  0.0   1      -0.244325     0.02151005  -0.0002568886   1.833219e-06  -6.225279e-09   7.639905e-12       100.4949   0.0005719203
3   90    0  0.0   0     -0.1005222     0.00848733  -3.359425e-05  -1.912235e-09   9.831807e-10  -3.135694e-12       102.9277   0.0005654606
3   90    0  0.0   1    -0.09150013    0.008075613  -3.003277e-05  -3.166649e-09   8.818429e-10  -2.824194e-12       103.6706   0.0005573757
4   90    0  0.0   0     -0.0936208    0.008119695  -2.994163e-05  -5.749343e-10   7.904081e-10  -2.417353e-12       108.5551   0.0005378965
4   90    0  0.0   1    -0.09789056    0.008499389  -3.318423e-05  -6.948935e-10   8.842664e-10  -2.669756e-12       108.5226   0.0005381039
5   90    0  0.0   0    -0.03811489    0.003490247   4.566803e-05  -5.803133e-07    2.86148e-09   -5.15127e-12       111.4472   0.0005316405
5   90    0  0.0   1    -0.08561757    0.007906035  -2.772732e-05  -8.216039e-11   6.721451e-10  -1.980667e-12       113.2041   0.0005189943
6   90    0  0.0   0     -0.0362814    0.002900371   5.214826e-05   -5.84133e-07   2.627244e-09  -4.341651e-12        114.086    0.000523292
6   90    0  0.0   1    -0.09938473    0.008127981  -2.667772e-05  -1.138789e-08   6.114453e-10  -1.580284e-12       114.5057    0.000515376
7   90    0  0.0   0    -0.07198359    0.005674427   6.482053e-06  -2.131828e-07   1.137118e-09  -1.986148e-12       119.9003   0.0005238099
7   90    0  0.0   1    -0.04623813    0.004458826   2.362599e-05  -3.298631e-07   1.520531e-09   -2.47476e-12        119.998   0.0005267273
8   90    0  0.0   0    -0.09660084    0.007873039  -2.380872e-05   3.951806e-10   4.041185e-10   -9.98082e-13       121.0203   0.0004735383
8   90    0  0.0   1     -0.1047794    0.008022896  -2.546525e-05   3.662649e-09   4.345433e-10  -1.104798e-12       122.9596    0.000463362
9   90    0  0.0   0    -0.09696306    0.008295803  -3.359708e-05   9.442096e-08  -2.842433e-11  -2.347615e-13       131.3251   0.0004424754
9   90    0  0.0   1    -0.09726513    0.007642049   -2.24172e-05    5.88121e-09   3.026821e-10  -7.062324e-13       133.3585    0.000426603
10   90    0  0.0   0     -0.1171246    0.009589773  -5.116332e-05   2.174156e-07  -4.703498e-10   3.963446e-13       141.2432   0.0004345635
10   90    0  0.0   1     -0.1035437       0.007927  -2.734005e-05   5.595237e-08   5.438613e-11  -2.624786e-13       143.1966   0.0004068926
11   90    0  0.0   0      -0.105079    0.008322531  -3.377208e-05   1.117712e-07  -1.798682e-10   1.000872e-13       154.3696   0.0003516499
11   90    0  0.0   1      -0.112304    0.008432055  -3.525404e-05   1.182792e-07  -1.854324e-10   8.781253e-14       153.8979   0.0003767817
12   90    0  0.0   0    -0.09375496    0.006799818  -1.394364e-05  -2.671573e-09   1.180446e-10   -1.86485e-13       168.0391   0.0003334703
12   90    0  0.0   1     -0.1019034    0.007604356   -2.34729e-05    4.93023e-08   -1.24029e-11  -6.394631e-14       166.2171   0.0003293201
13   90    0  0.0   0    -0.09791287    0.007860829  -2.793328e-05   8.022149e-08  -1.140515e-10   6.099718e-14       178.5109   0.0002584123
13   90    0  0.0   1     -0.1034301    0.008112185  -3.079184e-05    9.45235e-08  -1.439108e-10   8.165088e-14       175.0047   0.0002849298
14   90    0  0.0   0     -0.1103562     0.00909074  -4.371289e-05   1.649528e-07   -2.96531e-10   1.784041e-13       151.1221   0.0003950866
14   90    0  0.0   1    -0.08790538    0.007346911  -1.924191e-05   5.623886e-09   1.878008e-10  -3.759732e-13       150.8807   0.0004026187
15   90    0  0.0   0    -0.09789079    0.008437653   -3.51909e-05   1.154526e-07  -1.764934e-10   8.201661e-14       161.6048   0.0004242468
15   90    0  0.0   1    -0.09818558    0.008117379  -3.083699e-05   8.875277e-08  -1.012531e-10   2.980785e-15       161.5897   0.0004050687
16   90    0  0.0   0     -0.1081405     0.00795263  -2.657983e-05   6.366659e-08    -5.0869e-11  -1.983382e-14       175.0685   0.0003493248
16   90    0  0.0   1      -0.115106     0.00813602  -2.962001e-05   8.449904e-08  -1.148186e-10   5.311506e-14       172.9792   0.0003834452
17   90    0  0.0   0     -0.1140262    0.008326721  -3.164898e-05   9.667479e-08  -1.542761e-10   1.009519e-13       185.0243   0.0003192548
17   90    0  0.0   1     -0.1088041    0.007688388  -2.444394e-05   5.867979e-08  -5.938578e-11   1.049166e-14       185.3916    0.000308022
18   90    0  0.0   0     -0.1145733    0.008502699  -3.355513e-05    1.06158e-07  -1.787586e-10   1.253793e-13       195.8795   0.0002705832
18   90    0  0.0   1     -0.1218819    0.008585368  -3.528057e-05   1.185243e-07  -2.158096e-10    1.65078e-13       194.1701   0.0003086462
19   90    0  0.0   0     -0.1042573    0.008350271  -3.231754e-05   9.999441e-08  -1.659432e-10   1.157833e-13       206.3882   0.0002123496
19   90    0  0.0   1    -0.09904283    0.007752113  -2.669104e-05   7.631153e-08  -1.200786e-10    8.23362e-14       207.6742   0.0001732837
20   90    0  0.0   0     -0.0843534    0.007749113  -2.838273e-05   8.664381e-08  -1.342092e-10   8.066388e-14       173.0863   0.0003386078
20   90    0  0.0   1    -0.07895169    0.007281204  -2.348957e-05   6.272487e-08  -7.837812e-11   3.042605e-14       172.8799   0.0003307102
21   90    0  0.0   0     -0.0853291    0.007625888  -2.682394e-05   7.994653e-08  -1.276276e-10   8.745425e-14       180.5225   0.0003128592
21   90    0  0.0   1     -0.0910835     0.00778647  -2.832287e-05    8.66403e-08  -1.407199e-10   9.541367e-14       181.7754    0.000316222
22   90    0  0.0   0    -0.08233082    0.007904168  -3.114261e-05   1.052212e-07  -1.941218e-10    1.51325e-13       190.2683   0.0002401091
22   90    0  0.0   1    -0.06580805     0.00672926  -1.730608e-05    3.10769e-08  -9.883514e-12   -2.07702e-14       189.9132   0.0002879593
23   90    0  0.0   0    -0.07273718    0.007224943  -2.284856e-05   6.077952e-08  -8.680944e-11   5.393784e-14       199.4353   0.0002533411
23   90    0  0.0   1     -0.0325851    0.005004393  -2.910288e-06  -1.011453e-08  -8.866794e-12   8.253713e-14       176.0187   0.0008735692
24   90    0  0.0   0    -0.07629645    0.007419284  -2.509101e-05   7.234222e-08  -1.152253e-10   7.977965e-14       210.4834    0.000181872
24   90    0  0.0   1    -0.06838682    0.006849543    -1.8884e-05   4.191303e-08  -4.656718e-11   2.181584e-14       210.6355   0.0002137835
25   90    0  0.0   0     -0.0476969    0.005770651  -8.607648e-06  -2.477764e-09   4.167623e-11  -4.435301e-14       221.1396   0.0002347669
25   90    0  0.0   1    -0.06580565    0.006720441  -1.857949e-05   4.520236e-08   -6.39292e-11   4.319637e-14       220.2693   0.0002071236
26   90    0  0.0   0    -0.09246357    0.007912635  -3.008899e-05   9.725887e-08  -1.699467e-10   1.254124e-13       192.7451   0.0002733855
26   90    0  0.0   1    -0.08362388    0.007242019  -2.233795e-05   5.615601e-08   -6.85173e-11    3.08055e-14       194.4921    0.000247674
27   90    0  0.0   0    -0.09568631      0.0076427  -2.526432e-05    6.75703e-08  -9.464043e-11   5.571831e-14       203.1247   0.0002656146
27   90    0  0.0   1     -0.0965495    0.007659971  -2.623349e-05   7.554674e-08  -1.191934e-10   8.185952e-14       202.3978   0.0002577974
28   90    0  0.0   0    -0.08420744    0.007323282  -2.277258e-05   5.854832e-08   -8.13934e-11   5.014057e-14       210.6075   0.0002578566
28   90    0  0.0   1    -0.04468095    0.005082019  -2.978617e-06  -1.029551e-08  -8.629178e-12   8.002881e-14       179.5577    0.001209331
29   90    0  0.0   0    -0.08426329    0.007715496  -2.768445e-05   8.415725e-08  -1.422597e-10   1.030317e-13       217.4996   0.0002648216
29   90    0  0.0   1    -0.07909464    0.007332507  -2.411313e-05   6.880938e-08  -1.116738e-10   8.014341e-14       218.6412   0.0001937652
30   90    0  0.0   0    -0.04978434    0.006685914  -1.887069e-05   4.582643e-08  -6.194124e-11   3.833088e-14       228.0826    0.000130266
30   90    0  0.0   1    -0.04479528    0.006276786  -1.507878e-05   3.051236e-08  -3.466303e-11   2.107645e-14       226.8406   0.0001686934
31   90    0  0.0   0    -0.04295772    0.006424843  -1.673955e-05   3.811172e-08   -5.03918e-11     3.1943e-14       237.3319   0.0001239795
31   90    0  0.0   1    -0.05195674    0.006782146    -1.9882e-05   5.021167e-08  -7.157431e-11    4.57135e-14       238.0466   0.0001302667
32   90    0  0.0   0    -0.04785868    0.005952543  -9.726737e-06  -1.854293e-09   5.183705e-11  -6.154932e-14        207.505   0.0002041467
32   90    0  0.0   1    -0.06832348     0.00721305  -2.390831e-05    7.01038e-08  -1.164262e-10   8.585638e-14       206.7946   0.0001965559
33   90    0  0.0   0    -0.06557291     0.00698401  -2.122331e-05   5.583344e-08  -8.175572e-11   5.379169e-14       214.0833   0.0001938957
33   90    0  0.0   1    -0.07277962    0.007431699  -2.539464e-05   7.386616e-08  -1.187987e-10   8.326925e-14       212.9823   0.0001852418
34   90    0  0.0   0    -0.05914673    0.006890259   -2.04976e-05   5.260442e-08   -7.58703e-11   4.973848e-14       221.7653   0.0001950996
34   90    0  0.0   1      -0.036517    0.005715366  -8.684635e-06  -1.367986e-09    3.83241e-11  -4.108604e-14       223.2858   0.0001834969
35   90    0  0.0   0    -0.03435379    0.005703761  -8.675344e-06  -2.237396e-09   4.199342e-11   -4.56239e-14       226.5149   0.0004814641
35   90    0  0.0   1    -0.01314596    0.004794415  -2.938247e-06  -7.450584e-09  -4.143368e-12    4.77044e-14       197.2885    0.001099845
36   90    0  0.0   0     -0.0459098    0.006311025  -1.498842e-05   2.860202e-08  -2.817945e-11   1.324307e-14       239.1047   9.892445e-05
36   90    0  0.0   1    -0.05487714    0.006787771  -1.948893e-05   4.763627e-08  -6.527633e-11   4.040945e-14       238.4876   0.0001214571
37   90    0  0.0   0    -0.04020413    0.006272651  -1.537143e-05   3.212354e-08  -3.821959e-11   2.251038e-14       246.7362   0.0001352004
37   90    0  0.0   1    -0.04284832    0.006436657  -1.686311e-05    3.81006e-08  -4.875754e-11   2.912367e-14       247.1556    0.000102927
38   90    0  0.0   0    -0.05880519    0.006838827  -1.991413e-05   5.006407e-08  -6.980626e-11   4.406159e-14       218.4235   0.0001565299
38   90    0  0.0   1    -0.06256594    0.007115859  -2.279426e-05   6.399419e-08  -1.019243e-10   7.239569e-14       217.0109    0.000180097
39   90    0  0.0   0    -0.05594617    0.006772417  -1.915247e-05   4.577928e-08  -6.037887e-11    3.64758e-14       227.2692   0.0001591244
39   90    0  0.0   1    -0.05233422    0.006585863   -1.70114e-05   3.499401e-08  -3.577677e-11   1.575777e-14       226.9806   0.0001794286
40   90    0  0.0   0    -0.05042153    0.006659807  -1.839112e-05   4.264606e-08  -5.413249e-11   3.118629e-14       235.0952    0.000141364
40   90    0  0.0   1     -0.0523941    0.006766199  -1.917696e-05   4.575059e-08  -6.060466e-11   3.666611e-14       232.7709   0.0002586334
41   90    0  0.0   0    -0.04601476    0.006541408  -1.759453e-05   4.027286e-08  -5.179516e-11   3.099443e-14       242.1287   0.0001203032
41   90    0  0.0   1    -0.04676931    0.006627709  -1.839965e-05    4.41161e-08  -6.043274e-11   3.813419e-14       242.2149   7.920153e-05
42   90    0  0.0   0    -0.04248952    0.006427147  -1.631787e-05   3.364657e-08  -3.666144e-11   1.802082e-14       255.1715   1.225605e-11
42   90    0  0.0   1    -0.04107272    0.006375102  -1.574448e-05   3.114004e-08  -3.190824e-11   1.476009e-14       254.1846   3.821414e-05
43   90    0  0.0   0    -0.03153273     0.00593271  -1.229967e-05   1.901814e-08  -1.257333e-11   2.874573e-15       262.3174   4.991483e-05
43   90    0  0.0   1    -0.04097143    0.006418173  -1.648906e-05   3.568986e-08  -4.369506e-11   2.490097e-14       262.5833   3.228388e-05
44   90    0  0.0   0    -0.05383837    0.006709409  -1.875632e-05   4.525991e-08  -6.170875e-11   3.897443e-14       227.2044   0.0002188677
44   90    0  0.0   1    -0.04813502     0.00651689  -1.733016e-05   3.956845e-08  -4.964835e-11   2.844401e-14       228.1767    0.000258435
45   90    0  0.0   0    -0.05404018    0.006671935  -1.844101e-05    4.44754e-08  -6.172943e-11   3.979084e-14       234.5894   0.0001074842
45   90    0  0.0   1    -0.05272929    0.006574551  -1.672552e-05   3.353348e-08  -3.318629e-11    1.38026e-14       235.7732   0.0001168375
46   90    0  0.0   0    -0.04441796    0.006581977  -1.798901e-05   4.304786e-08  -5.997244e-11   3.911151e-14       241.5395   9.748929e-05
46   90    0  0.0   1    -0.04036491     0.00631657  -1.553221e-05   3.229897e-08  -3.756203e-11   2.131307e-14        242.068   8.543705e-05
47   90    0  0.0   0    -0.03265887    0.006088141   -1.36147e-05   2.471649e-08  -2.374583e-11   1.148305e-14       249.3571   6.822072e-05
47   90    0  0.0   1    -0.03750789    0.006285874  -1.526503e-05   3.068236e-08  -3.364241e-11   1.771691e-14       249.0796   7.466104e-05
48   90    0  0.0   0    -0.03855402    0.006068122  -1.313855e-05   2.260974e-08  -2.038826e-11   9.439815e-15       258.3495   1.165734e-17
48   90    0  0.0   1     -0.0386914     0.00618717  -1.427099e-05   2.673234e-08  -2.629324e-11   1.197526e-14       258.5972   1.003242e-05
49   90    0  0.0   0    -0.01899384    0.005429391  -7.649086e-06  -7.399443e-10   2.699632e-11  -2.713415e-14       256.7458   0.0006216798
49   90    0  0.0   1    -0.02266581    0.005742833  -1.102122e-05   1.539335e-08  -8.086602e-12   1.086823e-15       256.6338   0.0004936368
50   90    0  0.0   0    -0.03492256    0.006201207  -1.492837e-05   3.013916e-08  -3.225969e-11   1.634052e-14       238.2393   7.460079e-05
50   90    0  0.0   1    -0.03738995    0.006331825  -1.610966e-05   3.528531e-08  -4.285746e-11   2.452661e-14       239.0395   7.045683e-05
51   90    0  0.0   0    -0.03614966    0.006071676  -1.322312e-05   2.201816e-08  -1.636974e-11   4.908224e-15       248.4018   5.446345e-05
51   90    0  0.0   1    -0.03756856    0.006246524  -1.518098e-05   3.139857e-08  -3.677628e-11   2.139396e-14       246.7483   8.934332e-05
52   90    0  0.0   0    -0.03788354    0.006362324  -1.666694e-05    3.82945e-08  -5.041396e-11   3.054016e-14       255.4197    2.85097e-05
52   90    0  0.0   1    -0.03174901    0.006071684  -1.376351e-05   2.570729e-08  -2.583245e-11   1.281897e-14       256.0391   5.190762e-05
53   90    0  0.0   0    -0.03325461    0.006110202  -1.417178e-05   2.737119e-08  -2.883463e-11   1.439402e-14        261.375   4.008836e-05
53   90    0  0.0   1    -0.03394917    0.006212324  -1.515137e-05   3.187197e-08  -3.846804e-11   2.202677e-14       260.6574   4.578813e-05
54   90    0  0.0   0     -0.0273958    0.005960519  -1.311451e-05   2.351311e-08  -2.257834e-11   1.031037e-14       270.4548   1.843525e-15
54   90    0  0.0   1    -0.02402334    0.005885622   -1.20971e-05   1.825266e-08   -1.11089e-11   1.450808e-15       270.7297   3.740413e-06
55   90    0  0.0   0    -0.01156339    0.005783416  -1.275738e-05   2.309002e-08  -2.435042e-11   1.175722e-14       312.6524   9.223976e-05
55   90    0  0.0   1  -7.487114e-05    0.005390604  -9.666437e-06   1.218481e-08  -6.830178e-12   1.317285e-15       313.1365   7.423649e-05
0  115    0  0.0   0     -0.0825305    0.006949614  -2.020228e-05   -1.06881e-09   6.735173e-10  -2.742174e-12       91.46942   0.0005887681
0  115    0  0.0   1    -0.05785479    0.005539369  -8.577603e-06   1.087664e-08   1.735552e-10  -1.223433e-12         93.273   0.0005737435
1  115    0  0.0   0     -0.3376161     0.03086796  -0.0004379084   3.496597e-06  -1.346015e-08   1.948363e-11       97.47908   0.0005947543
1  115    0  0.0   1     -0.3458578     0.03178019  -0.0004546476   3.638546e-06  -1.403275e-08   2.039192e-11         107.75   0.0005687915
2  115    0  0.0   0    -0.09649131    0.008293217  -3.266648e-05  -5.912553e-09   1.083838e-09  -3.642182e-12       97.93189   0.0005911599
2  115    0  0.0   1     -0.1848631     0.01644325  -0.0001734633   1.164251e-06  -3.619614e-09   3.709961e-12       100.1963   0.0005832358
3  115    0  0.0   0     -0.1013329    0.008524553   -3.39955e-05  -2.551377e-09   9.974042e-10  -3.152779e-12       103.4874   0.0005695808
3  115    0  0.0   1    -0.09072585    0.008083283  -3.062992e-05  -2.194491e-09   9.026524e-10  -2.882432e-12       104.0195   0.0005675852
4  115    0  0.0   0    -0.09139963    0.007974578  -2.855443e-05  -2.513454e-09   7.407264e-10  -2.205164e-12       103.5923   0.0005655785
4  115    0  0.0   1    -0.06023497    0.005436529   1.368836e-05   -3.41577e-07   2.059491e-09  -4.201711e-12       109.2589   0.0005442739
5  115    0  0.0   0    -0.05971571    0.005315501   1.469584e-05  -3.269451e-07   1.862794e-09  -3.628556e-12       113.0194    0.000537097
5  115    0  0.0   1    -0.05936931    0.005658303    8.50827e-06  -2.783878e-07   1.685151e-09  -3.374002e-12       113.5087   0.0005358778
6  115    0  0.0   0    -0.08807816     0.00738677  -2.181206e-05  -8.389621e-09   4.903802e-10  -1.291141e-12       114.1699   0.0005384727
6  115    0  0.0   1    -0.05143484    0.004565308   2.348238e-05  -3.487387e-07    1.68833e-09  -2.877404e-12       114.6512   0.0005225648
7  115    0  0.0   0    -0.06481033     0.00510075   1.468475e-05  -2.717633e-07   1.341276e-09  -2.259657e-12       120.7713   0.0005485161
7  115    0  0.0   1    -0.05253241    0.005004729   1.486843e-05   -2.65643e-07   1.298572e-09  -2.177873e-12       121.3139   0.0005395174
8  115    0  0.0   0     -0.1002126    0.008133331  -2.639347e-05   4.674598e-09   4.438746e-10  -1.121601e-12       123.7197   0.0004641892
8  115    0  0.0   1     -0.1021664     0.00789021  -2.448755e-05   3.115005e-09   4.127321e-10  -1.041401e-12        123.778   0.0004487595
9  115    0  0.0   0     -0.0983362    0.008255999  -3.111364e-05   6.499636e-08   1.049634e-10  -4.454399e-13       134.2328   0.0004506979
9  115    0  0.0   1    -0.09220129    0.007384169  -2.055774e-05   5.341864e-09   2.672179e-10  -6.190661e-13       134.1861   0.0004378461
10  115    0  0.0   0    -0.08223436    0.006999453  -1.550531e-05  -1.482826e-08   2.513321e-10  -4.654479e-13       144.4788   0.0004182436
10  115    0  0.0   1    -0.09821107    0.007582454  -2.300216e-05   3.019346e-08   1.258184e-10   -3.36232e-13       144.0309   0.0004336628
11  115    0  0.0   0     -0.1071719    0.008475092  -3.549036e-05   1.183162e-07  -1.850081e-10   9.013565e-14       155.7938   0.0003843537
11  115    0  0.0   1     -0.1104189    0.008219934  -3.110599e-05   8.456379e-08  -6.716313e-11  -6.091725e-14       155.5981    0.000382076
12  115    0  0.0   0     -0.1074273    0.007630007  -2.411069e-05    5.51058e-08  -3.697778e-11  -2.748493e-14       169.2625   0.0003283587
12  115    0  0.0   1     -0.1037645    0.007757101  -2.499828e-05   5.612519e-08   -2.61681e-11  -5.442125e-14       168.0964   0.0003319178
13  115    0  0.0   0    -0.09461146    0.007725449  -2.696206e-05   7.624487e-08  -1.053216e-10   5.338206e-14       180.0244   0.0002394838
13  115    0  0.0   1     -0.1019359    0.008124034  -3.161274e-05    1.02471e-07  -1.734299e-10   1.193692e-13       175.5262   0.0003132395
14  115    0  0.0   0    -0.09639757    0.008095214  -2.982425e-05   7.337843e-08  -1.337913e-11  -1.506705e-13       152.5374   0.0003988266
14  115    0  0.0   1     -0.0977818    0.008104822  -2.953565e-05   7.043044e-08  -4.407426e-12  -1.586296e-13       152.1066   0.0003965359
15  115    0  0.0   0    -0.09927653    0.008560435  -3.649847e-05   1.218436e-07  -1.931291e-10   1.019256e-13       161.6867   0.0004166339
15  115    0  0.0   1    -0.08029292    0.006846803  -1.434546e-05  -9.869032e-09   1.715179e-10  -2.788052e-13       162.3421    0.000408728
16  115    0  0.0   0     -0.1097323    0.008079861  -2.807708e-05   7.167945e-08  -7.122435e-11   3.936585e-16       176.3324   0.0003432766
16  115    0  0.0   1      -0.111603    0.007953673  -2.764844e-05   7.362635e-08  -8.528245e-11   2.187765e-14       175.2389   0.0003720799
17  115    0  0.0   0     -0.1136824    0.008440274  -3.359265e-05    1.08733e-07  -1.859658e-10   1.310626e-13       185.9526   0.0003259762
17  115    0  0.0   1      -0.113442    0.008048138  -2.880105e-05   8.143414e-08   -1.14153e-10   6.065612e-14       186.0647   0.0003274815
18  115    0  0.0   0         -0.115    0.008632835  -3.542531e-05   1.168516e-07  -2.058154e-10   1.508633e-13       196.7167   0.0002695531
18  115    0  0.0   1     -0.1096905    0.007823887  -2.686917e-05   7.443941e-08  -1.061049e-10   6.141633e-14       197.2558   0.0002664252
19  115    0  0.0   0     -0.1002886    0.008226198  -3.184047e-05   1.009486e-07  -1.740119e-10   1.268166e-13        206.607   0.0002328945
19  115    0  0.0   1    -0.09933132    0.007780824  -2.715297e-05   7.827998e-08  -1.230058e-10   8.343041e-14       207.8697   0.0002314569
20  115    0  0.0   0    -0.08267977    0.007608404  -2.668467e-05   7.631364e-08  -1.035485e-10     4.6082e-14         174.55   0.0003225398
20  115    0  0.0   1    -0.08215049    0.007469179  -2.499285e-05   6.648307e-08  -7.712437e-11    1.95619e-14       174.6221   0.0003413757
21  115    0  0.0   0    -0.08805619    0.007810391  -2.899759e-05   9.104754e-08  -1.531107e-10   1.085946e-13       182.6111   0.0003179193
21  115    0  0.0   1    -0.08857297    0.007652375  -2.659796e-05   7.541312e-08  -1.073054e-10   5.940873e-14       183.3887   0.0003126998
22  115    0  0.0   0    -0.07162226    0.007146039  -2.183245e-05   5.386936e-08  -6.381091e-11   2.750708e-14       192.1266    0.000273687
22  115    0  0.0   1    -0.07498001    0.007330564  -2.394544e-05   6.380706e-08  -8.448155e-11   4.328591e-14        192.309   0.0002630997
23  115    0  0.0   0    -0.03195443    0.005022828  -2.994075e-06  -1.020928e-08  -8.436604e-12   8.304142e-14       176.1719   0.0009184868
23  115    0  0.0   1    -0.07288813    0.007155443      -2.17e-05   5.257358e-08  -6.182389e-11   2.702721e-14       201.0781   0.0002649722
24  115    0  0.0   0    -0.07124882    0.007135488  -2.220507e-05   5.884317e-08  -8.576086e-11   5.545188e-14        211.593   0.0002221248
24  115    0  0.0   1    -0.07172158    0.007065464  -2.138379e-05   5.490367e-08  -7.806045e-11   5.066052e-14       210.8537   0.0002169558
25  115    0  0.0   0    -0.02319709    0.004782563  -2.820695e-06  -6.815817e-09  -3.302929e-12   4.079553e-14       204.1616   0.0006493055
25  115    0  0.0   1    -0.06951321    0.006890278  -1.965758e-05   4.649424e-08  -5.839076e-11   3.207238e-14       223.9214   0.0001658057
26  115    0  0.0   0     -0.0819425    0.007397724  -2.533597e-05   7.640534e-08  -1.262057e-10   9.021505e-14       193.6329    0.000293282
26  115    0  0.0   1    -0.08549708    0.007467007  -2.530637e-05   7.189129e-08  -1.049979e-10   6.180822e-14       195.4229   0.0002643902
27  115    0  0.0   0    -0.09426066    0.007645632  -2.598944e-05   7.382525e-08  -1.143532e-10   7.707229e-14       203.3753   0.0002767025
27  115    0  0.0   1    -0.09932613    0.007852127  -2.808016e-05   8.276312e-08  -1.307931e-10   8.739877e-14        203.513     0.00028676
28  115    0  0.0   0    -0.07511142    0.006826474  -1.791655e-05   3.721502e-08  -3.957376e-11    2.08238e-14       210.5878   0.0002450993
28  115    0  0.0   1    -0.06606552    0.006115073  -9.820207e-06  -4.846082e-09   6.210243e-11  -7.175465e-14       213.8886   0.0002334183
29  115    0  0.0   0    -0.08213923    0.007626519  -2.672664e-05   7.836196e-08  -1.259472e-10   8.632601e-14         220.48   0.0001782966
29  115    0  0.0   1    -0.08608333     0.00771872  -2.767415e-05   8.295036e-08  -1.363884e-10   9.527546e-14       220.0453   0.0002000206
30  115    0  0.0   0    -0.04229565    0.006319501  -1.558188e-05   3.215821e-08  -3.552799e-11    1.91661e-14       227.8166   0.0001728609
30  115    0  0.0   1    -0.05204684    0.006694218  -1.918432e-05   4.802943e-08  -6.821351e-11   4.460539e-14       227.2986   0.0002059649
31  115    0  0.0   0    -0.04571107    0.006572783  -1.811116e-05   4.325496e-08  -5.837017e-11    3.59248e-14       237.7225   0.0001500092
31  115    0  0.0   1    -0.04472669    0.006392864  -1.642121e-05   3.611328e-08   -4.46563e-11   2.615605e-14       238.0227    0.000163777
32  115    0  0.0   0    -0.06509465    0.007024305  -2.162176e-05   5.724665e-08  -8.305685e-11   5.352974e-14       207.5196   0.0002289067
32  115    0  0.0   1    -0.07107756    0.007289221  -2.427985e-05   7.031681e-08  -1.142003e-10   8.216388e-14       206.1078   0.0002448348
33  115    0  0.0   0    -0.06432921    0.006905352  -2.048812e-05   5.277002e-08  -7.628201e-11   5.050846e-14       214.7216    0.000215888
33  115    0  0.0   1    -0.06376087     0.00697735  -2.138346e-05   5.740849e-08  -8.670449e-11   5.894238e-14       214.1029   0.0002133354
34  115    0  0.0   0     -0.0583948    0.006864232  -2.031486e-05   5.174286e-08  -7.352563e-11    4.70116e-14       223.8288   0.0001865964
34  115    0  0.0   1    -0.05535286    0.006735183  -1.886936e-05   4.505327e-08   -5.97821e-11   3.675739e-14       223.8331   0.0001467773
35  115    0  0.0   0    -0.01504407    0.004807487  -2.988393e-06  -7.457399e-09  -3.892029e-12   4.769641e-14       197.2799    0.001197055
35  115    0  0.0   1    -0.02891997    0.005360181  -4.538016e-06  -2.384127e-08   9.265768e-11  -8.954895e-14       225.5461   0.0005966033
36  115    0  0.0   0    -0.04594857    0.006329295  -1.533521e-05    3.07385e-08  -3.388011e-11   1.860366e-14       239.7586   0.0001080216
36  115    0  0.0   1    -0.05321486    0.006715305  -1.910237e-05    4.73866e-08  -6.738267e-11   4.364844e-14       238.6812   0.0001462248
37  115    0  0.0   0     -0.0415241    0.006365939  -1.652352e-05   3.798586e-08  -5.118717e-11   3.268006e-14       249.1671   0.0001154031
37  115    0  0.0   1    -0.03046485    0.005846032  -1.131893e-05   1.421617e-08  -1.198775e-12  -6.361628e-15       248.9722   0.0001226823
38  115    0  0.0   0    -0.06147819    0.007112856  -2.300863e-05   6.433357e-08  -9.900649e-11   6.603497e-14       218.6133   0.0002456019
38  115    0  0.0   1    -0.05801728     0.00687482  -2.053094e-05   5.391493e-08  -8.059424e-11   5.520272e-14       217.5849   0.0002311745
39  115    0  0.0   0     -0.0581661    0.006919143  -2.076956e-05   5.349478e-08  -7.697529e-11   4.963587e-14       226.7673   0.0002244565
39  115    0  0.0   1    -0.05711435    0.006922912  -2.069281e-05   5.218532e-08  -7.210473e-11   4.419924e-14       227.4376   0.0001829699
40  115    0  0.0   0     -0.0432836     0.00620499  -1.375898e-05   2.186092e-08   -1.16042e-11  -1.251291e-15       234.8907   0.0002104846
40  115    0  0.0   1     -0.0475044    0.006476415  -1.637405e-05   3.329163e-08  -3.464707e-11   1.608511e-14       235.2295   0.0001762367
41  115    0  0.0   0    -0.04490755    0.006447001  -1.640673e-05   3.374527e-08  -3.565491e-11   1.639049e-14       244.9238   9.172321e-05
41  115    0  0.0   1    -0.04779315    0.006668972  -1.858514e-05   4.330323e-08   -5.48148e-11    3.05894e-14       244.6817   9.154111e-05
42  115    0  0.0   0    -0.04511332    0.006543133  -1.726898e-05   3.756928e-08   -4.48666e-11   2.475534e-14       252.9172   9.605546e-05
42  115    0  0.0   1    -0.04139432    0.006372243  -1.580104e-05   3.162199e-08  -3.321526e-11   1.590061e-14       253.8719   7.050969e-05
43  115    0  0.0   0    -0.04011098    0.006333014  -1.564151e-05    3.15617e-08  -3.438428e-11   1.720841e-14       262.4131    5.27919e-05
43  115    0  0.0   1     -0.0366359    0.006131878  -1.363675e-05   2.281455e-08   -1.71985e-11   4.806069e-15       263.3932   7.281637e-05
44  115    0  0.0   0    -0.01706144    0.004829175  -2.947024e-06  -7.512265e-09    -4.2711e-12   4.789493e-14       199.3554    0.001019784
44  115    0  0.0   1    -0.03155333     0.00541195  -5.175122e-06  -2.021293e-08   8.436696e-11  -8.295669e-14       222.4218   0.0006841385
45  115    0  0.0   0    -0.05355149    0.006637841  -1.806158e-05   4.256425e-08  -5.739944e-11   3.592721e-14       236.1553   0.0001198286
45  115    0  0.0   1    -0.04863721    0.006306954  -1.444383e-05   2.500418e-08  -1.857908e-11   4.232936e-15       238.0198   0.0001174959
46  115    0  0.0   0    -0.04588755    0.006615202  -1.788776e-05   4.079007e-08   -5.22517e-11   3.127704e-14       241.8305   0.0001070514
46  115    0  0.0   1    -0.04162963     0.00643246  -1.685867e-05   3.813091e-08  -4.901001e-11   2.962237e-14       242.5723   0.0001277195
47  115    0  0.0   0    -0.03818824    0.006334252  -1.579733e-05   3.360001e-08   -4.10066e-11    2.43219e-14       249.3789     6.0641e-05
47  115    0  0.0   1    -0.03978328    0.006370599  -1.595862e-05   3.342075e-08  -3.883523e-11   2.142915e-14       249.6674   8.451846e-05
48  115    0  0.0   0    -0.04925511    0.006601649  -1.802359e-05   4.222581e-08  -5.592223e-11   3.316296e-14       258.7573   3.434475e-15
48  115    0  0.0   1    -0.04090547    0.006293047  -1.510326e-05   2.993441e-08  -3.266445e-11   1.695744e-14       258.8284   3.846923e-16
49  115    0  0.0   0    0.006700623    0.004472282  -2.634398e-06  -4.610482e-09   -1.36334e-12   2.171444e-14       228.3243     0.00113695
49  115    0  0.0   1     0.00393113    0.004546242  -2.694641e-06  -4.946807e-09  -1.630126e-12   2.314037e-14       228.1241    0.001218207
50  115    0  0.0   0    -0.03453012    0.006203579  -1.507427e-05   3.146863e-08  -3.647042e-11   2.061478e-14       239.1594   5.456181e-05
50  115    0  0.0   1     -0.0350683    0.006234763  -1.530378e-05   3.221617e-08  -3.750459e-11   2.100493e-14       240.3329   3.023369e-05
51  115    0  0.0   0     -0.0402039    0.006311352  -1.561869e-05   3.223728e-08  -3.573545e-11   1.832344e-14       248.6965   1.582764e-05
51  115    0  0.0   1    -0.04112966    0.006390625  -1.636232e-05   3.575771e-08  -4.394695e-11   2.554107e-14       246.9262   0.0001160683
52  115    0  0.0   0    -0.03567099    0.006165519  -1.444391e-05   2.765533e-08  -2.777579e-11   1.296266e-14        256.475   9.351364e-13
52  115    0  0.0   1    -0.03061851    0.005985111  -1.272872e-05   2.023167e-08  -1.275749e-11   1.413261e-15       259.3625   8.778118e-12
53  115    0  0.0   0    -0.03544289    0.006131514  -1.395056e-05   2.532215e-08  -2.354588e-11   9.998143e-15       262.4496   7.139858e-06
53  115    0  0.0   1    -0.03506994    0.006272105  -1.561317e-05   3.349306e-08  -4.117062e-11   2.375996e-14       259.7602   5.501714e-05
54  115    0  0.0   0    -0.03387884    0.006235567  -1.535483e-05   3.181975e-08  -3.679605e-11   1.946133e-14       270.9303   4.017398e-14
54  115    0  0.0   1     0.01271308     0.00434734  -2.315066e-06  -3.748038e-09  -2.555763e-12   1.687493e-14       259.1108   0.0002044062
55  115    0  0.0   0    -0.01141751    0.005773606  -1.274028e-05   2.310639e-08  -2.447884e-11   1.192763e-14       312.3407   8.096727e-05
55  115    0  0.0   1   -0.003315676    0.005577114  -1.132256e-05   1.842506e-08  -1.732848e-11   7.833567e-15       311.5483   0.0001069167
