Classifier coefficients:
Layer: 0
Weights:
-0.616494846038 -0.412479062582 0.683943368614 -0.218636927711 -0.445941212237 -0.274102069487 1.30431413589
-1.13234217237 -1.07794781017 -0.977506994265 0.124555224187 -0.0219699845389 0.15475050748 1.30142447014
-0.640935231455 -0.872105080211 -1.27880037297 1.68682014143 0.600503494073 -0.212346920111 -1.05922188248
0.859542627234 0.498583178743 1.4824515392 0.4108155974 -0.757314670871 -0.543025222161 0.885769334333
-1.6418004212 1.27874107222 -0.346618735969 -1.49801104682 0.65046522617 0.92554383835 0.00331064607752
0.785862984768 0.981205187653 1.20914213329 -1.07734835223 -1.18933134779 -0.779551569532 0.951781128255
-0.443663684419 -0.435262990946 0.408880656892 -0.585136809655 -1.63682078733 -1.48308563082 -0.645853733641
1.1750166324 -0.920303931308 -1.0267900319 0.153610717237 -0.00263285447383 -0.191085691602 0.928441093859
0.366952404744 -0.796935137081 -2.29043813885 -0.676376923468 0.833023513168 0.967501727022 -1.22131867939
0.960189947 1.09525417251 0.3169750813 0.651685882272 -1.26568177461 -1.53204497594 0.816740461692
-0.753369519063 -0.755419636654 0.43795261236 -0.552907888597 0.150023174326 0.617874666744 0.899409545807
-0.935546298055 1.58338485192 0.779108511065 0.0284985921529 -0.558599220912 -0.506446048198 -0.667984639684
0.548300237797 -0.453580132393 -1.32571923781 0.731581855813 0.0723713494021 -0.00663922062278 0.624248562116
0.506857789531 1.56959160843 -0.0247590713168 -1.30622582349 -0.669826592233 0.406098682881 1.38247202276
-0.09539226383 2.49849451664 -0.0948329903708 1.05701320171 -0.0670454399867 -0.769707112863 0.480708424778
0.592696410497 1.11848800962 0.154981064779 -1.59898682523 -0.105324822179 0.825726666789 0.0581520473615
-0.43412095155 1.56508265854 1.63430402367 -0.227170741316 -0.266225822708 -0.117364855865 -1.46039680791
1.36465009557 0.143220225693 -0.884565700624 -0.862316524095 0.129678326748 0.269634257543 1.19609871122
-1.23896980445 -1.64623342792 0.10078975436 0.757201338443 0.929411266014 0.617297449548 -1.11056186588
-1.69216780599 -0.30288323146 -1.88646208187 -0.940770459439 0.186980913792 1.09887772672 0.307999808002
-0.410324808282 -2.18971135016 0.731569114072 1.17818142757 -0.342888855445 -0.231837835026 0.741235921242
0.492641513461 -1.16507977605 0.560759231744 0.643284189743 0.801944760317 -0.171568817273 1.02151474471
-0.614233711479 -0.2216463695 0.966926691738 0.388243956737 -0.643287571922 -0.188534880033 1.39032595375
-0.205858365762 -2.33304807689 1.56614693346 0.240359862714 -0.414252241637 -0.122903286205 -0.434206063907
Intercepts:
2.4119542587 1.14829735219 -0.219114947781 1.81351553797 0.862300674362 -2.22824201735 0.49684203959 1.17388078828 1.07259068491 0.113901949561 2.5231902602 2.39333801628 2.30991190154 1.33336307107 1.28823270312 1.44225814125 0.679002030977 1.1985065857 0.808657584071 -0.731094572251 1.88769156704 1.02707375172 0.240446659811 0.830070553515
Layer: 1
Weights:
-0.17476119414 0.797796037863 -0.0996121170199 -0.199276607215 -0.340500762431 -0.184003792666 -0.946480841862 0.353397956876 -1.09781759363 -1.83208951505 0.431356312186 1.27149242993 1.64227795476 -1.40281926944 -0.791548128174 -0.93517245014 1.15084728638 0.336225134426 0.574125052175 -0.659783465221 1.27123714796 -0.282941228301 -0.672470482645 1.03484411817
0.522362304339 -0.146245087418 -0.486942250172 -0.346586133419 -0.0152870390914 0.340891052345 -0.561675922852 0.19564729285 0.42609747773 -0.339976900129 0.411176269196 0.0989131379589 -0.352215370266 -0.68148728396 0.248568784513 0.539581307308 0.214961652524 0.430103687962 -0.616139273471 0.291347953044 -0.0023502474762 0.161334523959 0.367043507759 -0.201857133315
-0.995237613787 1.46356159791 0.434728015279 -1.9309588385 0.0790152064236 0.405147286697 -0.903764870989 1.30095903724 -0.153522887653 -0.462476403908 -0.249463633484 -0.342277157961 0.932993110906 -0.58354786067 -2.1908721974 -1.34528854929 0.472494897041 0.505749286926 1.59854682392 0.00251116026402 1.42180468118 0.0512678980808 -1.2189614184 2.43682933369
-0.80635026027 0.327403433575 -0.450102703486 -0.0247758820887 -0.518532319116 0.194946837976 0.149744080946 0.464903332133 -0.129443817173 0.00574908956278 -0.276212322151 -0.0861491759215 0.861577212867 -0.279646679256 -0.10516101307 -0.833635336491 0.59099436448 0.392769987161 -0.0890057590045 -0.151290186855 0.313994803495 0.247710814295 -0.25336316712 0.4510160216
0.385938879813 0.762346711802 0.191203207472 -0.0368237377919 -0.774595654338 -0.846710613478 -0.119169810106 0.0744104159091 -0.0830767668162 0.478007425394 -0.0093400766952 1.13215672855 0.467247707594 -0.569839265826 0.0763287442167 -0.368953130153 0.161360461704 -1.30052153846 -0.427230020341 -0.722604930637 1.20444191608 0.643005394076 0.126047379398 -0.0968863128161
1.33168934481 -0.878380236659 -1.421421272 1.4569097685 -1.0640843778 -0.776867977286 0.798968399194 -0.955472775715 -1.16070356863 -0.522989405412 1.18861887908 0.924825825267 -1.18039646145 -0.409391300101 0.621206335606 0.0205801247842 -0.215542243588 -0.85698297855 -0.271111715244 -0.668418499727 0.473198864597 0.724096638958 0.507163674692 0.0216876497508
1.19888302445 -0.102892539034 -0.719276903702 0.536976752007 -0.131719228541 -1.57222247901 -0.15762287378 -1.57157776676 -1.45658452637 -0.0550091514533 1.4528107896 1.3131501714 -0.234050340758 -1.1128220334 0.28159282733 0.698958984755 0.563061514308 -0.948009116334 -0.222003312018 -1.14229678693 0.981408412552 0.506898582015 -0.113569352807 -0.336573840319
-0.422357226241 0.213795242828 -0.0751687190689 -0.225996901288 -0.314160594978 -0.598933716168 -0.124624270157 0.29680831594 -0.582455487282 -0.492848275705 0.60067721183 0.809818910711 0.750458357771 -0.978950426876 -0.796134949937 -1.37131800698 0.542841619057 -0.245072262741 0.207858607747 -0.0943650551284 1.30988778653 0.676708197332 -0.0369006800767 0.0231785289078
-0.0581057946802 -1.03139168064 -1.34053192015 0.630861042058 -0.0108652490726 -0.403047397941 1.00653416289 -0.455243919968 -0.169616294058 0.268118352231 -0.0281086532487 -0.507501383433 -0.365856775461 0.685293169572 0.642397322552 0.708126124946 -1.11370611503 0.00879908492946 0.24829793502 -0.917024977496 0.0381600027412 0.558717063343 0.471317474796 0.258571291064
1.10447324737 -1.14528774497 -0.744495345339 1.35593978903 -0.426459632724 -0.981439415489 1.31496956536 -0.518547037417 0.246014635394 1.42037888659 -0.190238828895 0.378704084317 -1.20141595668 0.560500960425 1.61769569224 -0.208833574251 -0.720010413143 -0.925671908806 -0.907101299551 -0.959834272308 -0.502479877545 0.42130197948 1.1378360346 -1.50619202886
0.941203479379 -0.361513484041 -1.39146961708 0.202677440506 -1.12628879252 -0.776660847909 1.18747170386 -0.946442148777 -1.19581695856 0.790822441903 0.385823655673 0.0226613417186 -0.329478161256 -0.532580223114 -0.636822117684 -0.145503755274 0.152180972383 -0.203503659295 0.0478471978787 -0.904244900453 0.655457310894 1.01343995244 -0.0797165199185 0.711117312531
0.83160447489 0.251230262825 -0.769921955133 0.0970680676446 0.326760001129 -0.555353342474 0.069750658485 -0.752981106771 -1.20604502566 -0.180520708213 1.64626380301 0.606683269102 -0.656241913253 -0.674978678893 -0.417585783191 -0.213588310356 0.591647445431 -1.18656081054 0.0481021618569 -1.56803936754 1.28762781075 0.681548288838 -0.305448386037 1.03380993406
-0.635002687401 -0.0409480972596 -0.569631294348 0.18088035345 0.107881990778 0.10737547676 0.262971811078 -0.322160069866 -0.0649718124887 1.02537956577 -0.743247188952 -0.564974598175 -0.0729477471807 0.675149426708 -0.284999073186 0.0664508303228 -0.149242468493 1.16520250427 1.38530779873 0.0235181365067 -0.299947423817 0.299428721561 -0.817773206867 0.712135116987
-1.40316827951 -0.279955692216 0.407469263284 0.0317367453942 0.211440392203 1.07597366446 -0.424693998812 0.852148740182 1.64779384314 0.36918550748 -0.9944818334 -1.29845720521 0.579839817042 0.96901541841 0.403428050398 0.1965108983 -0.570377322214 1.24826836576 0.639240329973 1.14996259701 -1.12845603149 -0.560329980186 -0.0963776286843 0.301285283176
0.9868697604 0.14837731447 -0.0249638924892 0.135224014379 -0.0855467008616 -0.748889668767 -0.532058021351 0.16223354373 -0.215263889318 -0.863790637774 0.591916424945 0.959176345212 -0.241435330458 -0.458606089662 0.259924062634 -0.268597300292 1.21785403209 -0.600214691689 -1.05465736947 -0.431805189149 1.1341572001 -0.00160874830852 -0.593123785415 -0.382774810168
-0.613029948517 0.50529584727 -0.0897894538377 -0.0665676196133 -0.421593888131 0.0483450203457 0.391757148035 0.206696586752 -0.0489497581625 0.311538645275 -0.242615085969 0.182930209101 0.500117664035 -0.18339959265 0.664045288313 -1.36166247669 0.198647083095 0.309492598272 0.146494571775 0.5117677978 0.0784273495639 0.0972969681364 -0.371260804566 -0.0494738881582
-0.756347274162 -1.51842406423 0.897472993634 1.32130879263 -2.29920230525 0.0887378439458 0.546025594239 -0.154483766173 0.832981634164 0.984655859288 -1.54045529738 -1.04033176308 -0.592626570016 2.31103387225 0.654410990312 1.49497924251 -0.856587364924 0.919503846613 0.687577005476 -1.17810826268 -1.0663640641 0.311842955583 0.246390043003 0.205530465922
0.974378359421 -0.0264391372988 -0.082732974534 0.139017358826 -0.12543606035 -1.42639125706 -0.891706768475 -0.563526078719 -0.754798670816 -0.482155602823 0.623979903929 1.6145988844 0.570005229229 -0.576775003373 0.101059151975 0.689058129494 0.989716624164 -0.717825636533 -1.26742909091 -0.380187367202 0.75619110271 0.184989666823 -0.345144878302 -0.754331666852
1.48666123312 -0.771270995165 -0.655185013176 0.616189670332 -1.19396021071 -1.86581161737 -0.484703981961 -1.1387191791 -0.510300050977 -0.475152840048 1.11100662358 1.31566569884 -0.725873646556 -0.885724926674 1.0740791811 0.40995485719 0.877634777114 -0.344264797216 -1.02308110558 -0.82108966001 0.658539915714 0.417923224596 0.30872672825 -0.807262409771
0.582662791003 -0.512583891207 0.100815484384 0.0163773454364 0.74680438355 0.199445061621 0.282546822882 -0.46449651501 0.230647270271 -0.614800001738 0.818268203788 -0.512043715965 -0.885231403311 0.275413255171 0.392875271805 1.01847224278 -0.189252760356 -0.260840904823 0.17967338631 0.0654955665997 -0.299654371757 -0.453900351414 0.0327436837843 0.112476579872
0.234602918919 -0.0119838650141 1.05894485947 -0.589167786266 1.12980597776 0.291794042856 -1.10634270083 0.577754745774 1.66759409852 -0.0643251021326 0.168760714737 -0.0499480508519 0.0230311608027 0.505967333801 0.253927971921 0.725561345044 -0.191390806748 0.402612203438 0.764349581261 0.518870425405 -1.17874700226 -0.714942170358 -0.730287289846 -1.28198511729
0.172895125154 0.554278608459 0.049590802271 -0.475596020451 0.07531738177 -0.64895817347 -0.324176214391 -0.0854214959604 -0.983869542565 -0.500870465567 0.576689271127 1.03949689137 0.462582248124 -0.747514078009 -0.379664020912 -1.30044788981 0.913347548858 -0.298692763307 0.0286695236571 -1.147038051 1.3662081496 0.331666797222 -0.15172800736 1.12702077267
-0.723654709757 0.90595497356 0.353983228428 -0.49174880737 -0.780554103692 -0.522081143435 -1.0347094615 0.240696789631 -1.28535129132 -1.3539463032 0.109831479047 1.3562546247 1.51386294084 -0.757024581578 -1.19845080134 -0.842892413853 0.93577182672 0.0161770463631 0.517468152687 -0.298151783778 1.49130996486 0.523646838068 -1.00536309864 1.52895590394
1.56335163808 -1.00049211484 0.233799002846 0.263950750144 1.77194515413 -2.10134248267 -1.29951752758 -0.639812003911 0.624656444756 -0.347153870434 1.39020973562 1.14435061879 -1.18254436358 0.0096961947965 0.133839039937 1.27041876618 0.0799303436111 -0.422225615699 0.313422127928 -0.230361393073 -0.593090447748 -1.32649149737 0.473472219911 -1.45165977448
0.10796842118 0.515351352358 -0.947809958077 -0.228468534105 0.242542765499 -0.391662374839 -0.482167689692 0.321559812853 -0.722920926139 -1.47771147813 0.940283454327 0.878198288073 0.837965269276 -1.79715913826 -0.315995598896 -0.480018405653 0.596904166758 0.0472003697045 -0.349978551195 0.910001378091 0.950366202219 0.120074477376 -0.494718892332 0.872207168275
0.535075188836 0.0998344024879 -0.586419879789 -0.247608137939 0.171279806588 -1.24380060217 -0.404813396925 0.307476245437 -1.08203167464 -0.0484718183661 1.0154262206 0.9472401336 -0.347273841828 -0.293454936341 0.0634388500634 -0.158101949033 1.08233518914 -1.75537747831 0.48864081745 -1.20696503987 1.47895482895 0.52176631468 -0.394849017171 0.433620188174
Intercepts:
0.96022437122 -0.0668306382255 0.341867610023 0.213277311032 1.01193060689 0.264737170231 1.03709722911 1.15351765757 0.0698739758458 -0.210185014595 -0.226391733227 -0.209590061803 -0.66019927546 -0.554295517703 0.322340364822 -0.870446776924 0.779268953976 1.56474406367 0.874785627721 -0.202227685105 0.26087559313 0.0475470843851 0.66877545325 0.608922453111 0.571474764507 0.807048450838
Layer: 2
Weights:
-0.022923986372 -1.05635357949 -0.713861742559 -0.121008667139 -0.870035177731 -0.30469244237 -1.46930027066 -0.566377695864 0.79757376758 0.60487946711 0.623961194492 -0.347518950733 0.502052167961 0.911447362225 -0.0538758566786 0.0502139738877 0.968189271525 -3.48403940546 -2.5220662981 0.110974684297 -0.426509970586 -0.257241945678 7.72637351781e-05 -0.961369937789 -0.418099361123 -0.078595229244
-0.0134700765841 -0.797394263377 -0.669361052483 0.0774627932926 -1.17279818048 0.049980482874 -1.83555143271 -0.511098523482 0.671867157325 0.596092465545 0.495577884272 -0.435386819629 0.454760274222 0.458830884611 -0.58284495217 0.0918248121999 0.79840338401 -1.46223248251 -1.16346303519 0.101377970292 -0.256174129225 -0.207677013466 -2.45215980455e-05 -1.20365817624 -0.554558905708 -0.0591345980163
-0.0109275115435 -0.514056969435 -0.406500366294 0.122312740789 -1.21660171476 0.232195596389 -1.06607826404 -0.11215656005 0.491928618837 0.569432608457 0.499575650005 -0.253170751296 0.264534287139 -0.0662482195148 -2.32914346808 0.0916264386935 0.596957203187 -0.0337944032298 -0.244898113137 0.0440450338676 0.115597573198 -0.0476905775285 -0.000322292557945 -1.25883584838 -0.846779582137 -0.141547556787
-0.0485109661296 -0.358318411101 0.27344281744 0.161423107279 -0.812133478895 0.30978159856 -0.348364981176 -0.217692134478 0.345187225539 0.487165906674 0.364286352507 -0.346430205659 0.0936126225966 -0.69241617691 -1.38480116938 0.0430789756296 0.327721614821 0.627400964371 0.376200876563 0.140099076353 0.409990146177 -0.0968370459878 -0.000551741246604 -0.934080390697 -1.4513487708 -2.78101156816
-0.130545204322 -0.255242825497 0.296347654355 0.0381741719213 -0.324819764545 0.371056915057 0.470364354181 0.0194624013404 0.0833201582434 0.449310739295 0.401392244039 -0.597609652439 -0.186590202027 -1.14234959609 -0.527837409723 -0.310192109231 -0.0677214780271 0.710440362332 0.537327182483 0.265076645826 0.654901636354 -0.110654731815 -0.00115644329515 -0.473853156471 -1.85454524952 -1.95161722205
-0.0775139114077 -0.178992717554 0.507942300929 0.0218875421074 0.18582167832 0.440982589563 0.888936316598 0.202570837973 -0.134938534998 0.440056030287 0.320972939161 -0.926225617161 -0.668853882195 -1.31892552133 0.116431515045 -0.598315782936 -0.656927740686 0.65257166086 0.252429750969 0.288378215714 0.464772989351 -1.30939080468 -0.00341605423851 0.128092044438 -2.04907626049 -0.575757217317
-1.20693687836 -0.256197687324 0.634675212735 0.0544797012213 0.588522607406 0.237399479138 0.713796714476 -0.389514977338 -0.424601803479 0.396640545777 0.195804186693 -0.29387130745 -1.33848899101 -0.664582113232 0.355089725047 -0.625774859009 -1.49691827929 0.59546986361 0.334748924162 0.296425133218 0.18044264848 -2.01949622524 -0.00907693224812 0.573030842766 -2.17226941264 0.549946349633
-3.6853817447 -0.140740763347 0.0554136147914 -0.0683658353241 0.55875964601 0.0703378639886 0.657403518959 -1.07350355366 -0.871556669556 0.298883014552 0.154378132688 0.126819512551 -1.15576578572 -0.629244743146 0.72588511493 0.0741764521545 -2.51118200281 0.577691604198 0.780027215206 0.487172694758 0.0659207488061 -0.479835864019 -0.274386573986 0.666400625682 -2.00600811458 0.171104115308
-2.76480763849 0.00444606300849 -0.883505160295 -0.757478197594 0.316127672097 0.381351668927 0.523098855061 -0.705205005375 -1.21070984243 0.18168066494 0.0399288081974 0.10482830189 -0.320402557466 -0.497633525672 0.648419983146 -0.0481940545127 -3.80695273715 0.505915053199 0.83993302343 0.161267373614 -0.119662117966 0.0382391482579 -2.76716870671 0.705943950787 -0.829473710436 0.193939271304
-1.29520723478 0.21581057999 -1.7233397967 -0.856931543697 0.348380473341 0.396213576464 0.555159470376 -0.202464981127 -1.04903183534 -0.268250214208 0.0263157713829 0.239408033819 -0.243868736869 -0.418964013674 0.484555935923 -0.0431865688412 -1.13766136289 0.291507174967 0.711344556198 -0.0244577303477 -0.321418276702 0.125798302598 -1.9981291572 0.774731275108 -0.170015616679 0.0750050997789
-0.250433660024 0.0869185581295 -2.64947457483 -0.109489277003 0.220671432893 0.188712146852 0.551116156163 0.224985151002 -0.526723909711 -0.926638534583 0.089922560643 0.338717354928 -0.240202212297 -0.341200929446 0.393767457392 0.195201597028 -0.0243726806699 0.220015570109 0.466232905563 -0.0995885719418 -0.377145069144 0.160709964572 -1.20376515074 0.633796798036 0.274345446862 0.0790892186633
0.483972253487 -0.350673230871 -3.58403585559 0.419971733056 0.175656664558 -0.0262310409339 0.446195563339 0.470974323925 -0.0371917235839 -1.95982217142 0.167072392793 0.344992458247 -0.493403076191 0.0726054651492 0.351267063086 0.617211929031 -0.00113378926419 -0.102615454874 0.208087519329 -0.153180169527 -0.581789913567 0.383541041854 -0.715966465027 0.278055066528 0.73489450032 0.232076912388
0.348202640303 -0.571862779687 -2.93807323167 0.378053330836 0.303571352927 0.356466473459 0.235540856564 0.578004003231 -0.120493215484 -2.93507022465 0.168312805881 0.0145899795099 -0.792859402431 -0.299580874688 0.287159079598 0.805888094423 -8.96855872988e-05 0.126517509813 -0.32008851684 0.238434354899 -0.853011861304 0.3158723366 0.231778612312 -0.408630811062 0.306237762015 0.540559720713
0.283364805853 -0.495519054711 -1.29077050023 0.303310080271 0.202506448109 0.137442668379 0.347390204954 0.226710931701 -0.535971076793 -2.26439296103 0.0518437586266 -0.0292261977771 -0.0370657399948 -0.583317889564 0.391599597314 0.34083976778 -0.000204045041894 0.18681894702 -0.613611488131 0.34833720387 -0.98442453252 0.138508095869 0.612193285411 -1.12714233892 0.041224687404 0.37273207768
0.293336371566 -0.231705047765 -0.221209893493 0.326376730557 0.316977798636 -0.923607257175 0.234539744701 -0.0915570612363 -1.18659434425 -1.08528495699 -0.00156339587414 0.274460883965 -0.152414660645 -0.549915781097 -0.0371709818345 -0.192805752059 -0.000224072431273 0.168485587747 -0.873698229488 0.201279981373 -1.24240134374 0.373888759039 0.497643469196 -1.93265328675 0.117533648805 0.135264295045
0.300284036221 -0.351216156686 0.158860087734 0.394439389026 0.307036248332 -2.24993767302 0.0252821173365 0.350697199398 -0.279325917178 -0.707192740948 -0.580895704682 0.197281999554 -0.22684745228 -0.601654521404 -0.0234638646334 -0.155781175735 -0.000107231791333 -0.0205088583646 -1.91316439517 -0.236512036198 -1.53584359941 0.450543803508 0.420782695619 -0.65295533719 0.303712702559 0.234752677462
0.482223354038 -0.392335251234 0.384160448201 0.45947898587 0.446694191444 -3.57256006082 -0.724192663822 0.444083419423 -0.0723789834273 -0.00732636423221 -1.36523515285 0.260823919547 0.112471845012 -0.812619866254 0.118014721356 0.0544567869938 -0.294229657658 -0.249438917133 -3.12151499325 -0.27960474743 -1.83248726607 0.347879769507 0.244285389089 -0.180182825702 0.335104818862 0.495217411963
0.381094917986 -0.213106583849 0.602594923568 0.548430057237 0.482336182951 -2.76329673488 -2.4473916424 0.583553304115 0.169357400899 0.573241643687 -2.20683492992 -0.327970484571 0.374097768244 -1.74308749165 0.0791494711754 0.276776332715 -1.08236390372 -0.61205815667 -0.578850761412 -0.646517738627 -1.21590990933 0.516373067136 0.531704735537 -0.292347981057 0.40249785265 0.515289244652
0.653244095292 -0.137042944208 0.74521967122 0.412246901491 0.292092936997 -0.988485219691 -3.54503911479 0.643576764682 0.240548472041 0.267143154185 -2.20363431243 -2.16551754295 0.449713988463 -1.30824008343 -0.383735246314 0.193050808373 -0.895398350324 -0.445611008122 9.45308232789e-06 -0.807786547721 -0.815869932565 0.761317752415 0.727425266517 -1.17972371245 0.391745028923 0.254551534568
0.901672352988 -0.0832208165894 0.671946080713 0.218645985903 0.0766629109867 -0.104475985773 -0.118032409724 0.69840971102 -0.042009371469 -0.00905145117182 -1.89770978442 -3.51959975754 0.163667460252 -0.407101739491 -0.316621745957 0.0706117049086 0.0996424797091 -0.646433971592 -5.62119055587e-06 -0.9252073661 -0.486938540305 0.567272980371 0.893325426795 -1.88638472249 0.309889249847 -0.840361213912
0.832395476674 0.00897063251647 0.597668239381 0.135268634655 -0.208011350124 -0.247085915568 -0.00334977418541 0.364998616641 0.0410213553731 -0.209060794777 -1.49720000533 -0.780802516505 -0.548823876859 -0.0183699389296 -0.385855864078 0.0763843203865 0.671724947109 -0.58552443501 -2.55474630859e-05 -1.16552010765 0.153836011116 -0.502769543415 1.14101681764 -1.98881351839 0.180818021557 -2.65943609232
0.572141618394 0.164740981469 0.562514607551 -0.0959225719187 -0.856082158003 -0.174176290428 -0.000388863833166 0.16358446932 -0.0544421996973 -0.353082831961 -0.772170174199 -0.153200216846 -0.242194949603 0.22584648337 -0.70043179946 0.0509012583153 0.740717034375 -0.340808769359 -0.000788161968867 -1.0222470682 0.527141531432 -1.94239329977 0.675758572843 -1.34898063611 0.27512339827 -0.133218571909
-0.0532512486871 0.334417675132 0.484038698162 -0.315258730594 -1.59330654526 -0.0982325519824 -0.00135689576423 -0.193140357391 -0.28874687661 -0.43522117818 -0.120201844608 -0.0613370268524 0.211132629706 0.601718829124 -0.561928540612 0.00440720439929 0.530041724338 -0.335092853299 -0.0017832344112 -0.763532403896 0.765042921617 -1.23054829918 -0.441534578106 -0.173359658678 0.351942192868 -0.00838450616176
-0.984053165156 0.665315778692 0.40746336277 -0.360570419085 -1.76200688624 -0.0559335011762 -0.00205412723369 -1.20358900238 -0.477600470642 -0.631670392955 0.244738637364 -0.00522092772974 0.529350499108 0.597435401688 -0.31212319894 -0.18200347835 0.040853238235 -0.547965336731 8.44098388744e-07 -0.152480391348 0.967356562948 -0.0224831071937 -1.35221782666 0.969693032642 0.272887209637 -0.00444755671658
-1.91533011422 0.879179784723 -0.199357540699 0.0903144163868 -1.85162328109 -0.0867159308965 -0.0200324294541 -2.51006147154 -1.03457888725 -1.1376474803 0.259100942819 -0.0234289520133 0.372780284739 0.736920167582 0.117549766104 -0.54477716265 -0.00457139052489 -0.688297714797 -1.3586451177e-06 0.540946335727 0.929622464628 0.0110117578588 -1.83831540446 2.15663908892 0.19861427467 -0.00650481654199
Intercepts:
-1.82457468066 -0.378962539667 0.609138659671 0.93205811506 0.504556254634 0.0992349474159 0.274481060388 0.42847776016 0.207653411099 -0.223513232262 -0.171201772198 0.13328102116 0.719398844433 0.60581750943 -0.3080851105 0.00692336158097 0.541380303734 0.464627322378 0.227690028695 -0.136993298636 -0.355123707511 -0.42102702054 -0.198981581983 -0.627230088969 0.527622771153
