Classifier coefficients:
Layer: 0
Weights:
0.21013263281 0.0680277516106 -0.398725139799 -0.144789746761
0.0496314692611 -0.437381977376 0.500364355824 0.138318387482
-0.931012963356 -0.0158118228785 0.425111853369 0.0484762172123
-3.35229170243e-13 1.01996514484e-61 4.31430601095e-37 -2.77285997033e-23
0.498455794955 -0.200920004302 0.295682055678 -0.0536820755772
-0.878994895855 -0.565649904383 0.53706395322 -0.048638574493
0.0308716398897 0.259389231089 0.38019461994 0.187336320331
0.272515256578 -0.464376159916 0.147430873467 0.135887292298
-0.602563799546 -0.0859927681622 0.381253122709 -0.3656234557
-0.0931670673001 -0.473045261848 0.370719481382 0.35541385822
0.598435014862 -0.132522307742 -0.243458303188 0.0776621300878
0.310123300839 -0.260254866296 0.16886600425 0.377363122322
-1.99104375372e-65 -8.4221813899e-38 -5.04009347997e-15 3.53918567031e-39
0.510914904322 0.183037027319 0.174274183338 0.0553076096662
0.322674274841 -0.216060615644 0.528217541219 0.236586569902
-0.302795140219 -0.273734163423 0.226810277458 0.288542865364
0.32790106901 0.470326907497 -0.329463100613 0.126443044613
0.322773917495 0.449308425756 0.176094791096 0.0932109545519
-0.286381677099 0.278944270083 0.414808596017 0.246271103473
-0.564200007698 0.611542095915 -0.0577877689519 0.179493215406
-0.549452033937 0.436242238076 0.279672556313 -0.0568766293466
-0.0869854493043 -0.409815117804 -0.135997654259 0.115973111691
0.000453347746815 -0.00611085913332 -0.0130688879431 -0.0158823816787
0.560049650444 -0.136278525367 0.0529745294225 0.191784131033
Intercepts:
-0.367428244144 -0.137338045135 0.238617562683 -0.182118058841 -0.794595623949 1.55360471707 0.313832656858 0.308917401126 1.27821804243 0.0187275662802 -1.210614713 -0.573441852664 -0.141720994969 -0.359841762342 0.164970637415 0.54709811444 -0.543946315865 -0.559723471606 0.341723956118 -0.240936548417 0.757103056287 -0.327141655528 0.117217271319 -0.769645779188
Layer: 1
Weights:
0.000204310653545 0.0425316697935 -0.0393620053407 -2.04635424669e-26 0.23319248127 -0.28505301822 0.227506103486 -0.325270202375 -0.393037954308 -0.173761896098 0.999072994556 0.398817803344 -1.16563150344e-65 0.183404298587 0.034445326983 -0.278000044722 0.676765350679 -0.151650860599 -0.202692607234 -0.0489803928637 0.00987597041912 -0.229159250921 0.00206602245746 0.631457662319
-1.84694457935e-50 -0.0219330830985 -0.0122493855388 -8.41240335187e-53 -0.0386936015633 -0.00938695602728 -0.0106674687104 -0.00969326647728 -0.0033942889704 -0.0222408506499 -0.0281057981046 -0.0115951581553 -1.21333335782e-25 -0.0105686599823 -0.0119226415778 -0.0178756234966 -0.00665187520376 -0.0103974525648 -0.0110007838449 -0.0057369434509 -0.0257603153128 -0.0002675123366 9.531878145e-23 -0.0105042613737
0.00761868324732 8.42497307732e-57 2.51739436846e-39 1.87432054974e-34 -0.082851351412 -8.3568224392e-22 -0.0507501534966 0.282031292833 -3.24123176057e-51 -0.00107471697994 1.01456537766e-26 -0.292235301566 -2.11046940772e-49 0.276779805621 0.0102222072387 -1.72784029093e-39 0.240174949121 -0.342928382593 -0.0868403951037 -2.11301728937e-27 -0.171794696799 -3.51208074343e-56 -3.04098879684e-61 0.104901777414
5.52902533873e-07 0.232290380312 -0.164658971926 -3.6063016225e-63 -0.312739017797 0.0852304336778 0.0908671189365 0.102226769842 0.196357195106 0.189614493755 0.104973417319 0.0504899201 8.29021254609e-57 0.275224537252 0.0241661494646 -0.0720000709486 0.268669264641 -0.0939262763322 -0.407331853262 -0.0566383831003 0.14522920692 0.165309122736 -0.000203050150506 0.0521825221871
7.43909650412e-36 0.229323903204 0.285571893064 -1.28819035109e-62 -0.00324760676254 1.13754500513 0.0340481154794 0.318647773046 1.02916955398 0.122182252199 -0.146995873619 -0.0459855655994 2.06078920562e-50 -0.114622507885 0.0789903066779 0.0890087078625 -0.547417168618 -0.122277039759 0.0364940804759 -0.243419893282 0.140881456274 0.270346556282 -4.76070318081e-07 -0.293521209647
-1.63402708503e-49 0.350444552438 0.0217396123169 1.99783739384e-26 0.110519839819 0.86206104064 -0.127104816081 0.279422003692 0.7862580709 0.117739359055 -0.0115424859748 0.182368153804 1.60342602716e-27 0.14459066993 -0.17336419873 0.448252779372 -0.285761960606 -0.225894242749 -0.0543161997493 -0.531426463776 0.089083019117 -0.183418794433 -1.12699307327e-06 -0.325675726671
-0.000131754409322 -0.101517095882 -0.188719533872 -3.35491893158e-42 -0.160541276546 -0.00506959498406 0.16463304297 -0.302087449909 -0.106040869431 0.283684392533 -0.0768587903635 -0.321893462328 2.34109984678e-65 0.242339086343 0.304821662478 -0.284777436147 0.322298948269 0.316836471831 -0.194606114785 0.0609257769018 -0.110278225579 0.252901421903 -0.0139336239228 0.0761886779601
2.12648065185e-63 -0.00475386909917 0.000159092621865 -7.48072226745e-61 -0.00136262974828 -1.50162424307e-59 -0.0442582524036 -0.00199646522733 -1.0886641972e-56 -0.029290017661 -5.53166370446e-06 -0.0119474827819 2.43683930891e-63 -0.0205707863579 -0.114337628577 -0.0095031399969 0.0299184044225 -0.0536847665359 0.10933418024 -0.0208748299849 -1.40319709642e-05 -0.000280347101957 6.25013566137e-59 0.0790755676385
0.00997505937678 -0.313222181035 0.284950352359 -4.83232039931e-37 0.026469344029 -0.362079214253 -0.289294061625 -0.137820950198 0.0482295087279 0.240796677042 0.373137945482 -0.05545781194 -9.86141384403e-61 0.195956721927 0.117665533553 -0.240677672531 -0.332025620172 -0.238966147391 0.137019407729 -0.292157906831 -0.105274435326 0.0719736565795 -7.7379207044e-56 0.118414061107
-4.640694911e-14 -0.246093597203 -0.371411294419 -4.38436369724e-35 0.0112508024124 0.129191157876 0.126690672377 -0.332339119714 0.115984131513 0.241469945707 0.317716588494 -0.086765769395 6.59507340401e-63 0.269349069498 -0.124299788994 -0.188093855055 0.00329895900219 0.1281742603 0.291871465392 0.111487791238 -0.382421282767 0.101315539325 4.19980269877e-11 0.0460195706829
6.86039480325e-28 -0.137017230984 0.0249432210643 3.24797306367e-59 -0.0546930294287 -0.0476267663991 -0.211525178184 -0.129768936377 -0.00282993062482 0.111563178899 -1.36870270149e-27 -0.0380707116838 -3.82883497578e-47 -0.0384836900797 0.154582724266 -0.0261583939282 -0.00143822034474 -0.0898821289263 -0.0376585554963 -0.0798329160107 0.0678842788566 -0.00556180066014 -2.96740070966e-53 -0.214518288168
6.5576881592e-05 -0.0785282708745 -0.114153865467 -6.30924084285e-63 0.320820481594 -0.392543776136 0.190112653555 -0.280711869876 -0.195635331786 -0.243203100193 0.306505873408 0.235256090209 1.75929842944e-29 -0.144820932768 0.253315319668 -0.194794392386 0.265207162805 0.313515329809 -0.0690588831213 0.361631659328 0.083522178653 -0.458351853878 0.00573271414436 -0.269818190772
6.31931005504e-59 -0.331927159057 -0.0431941074142 -1.86617534809e-65 0.33336167564 -0.212058623054 -0.114827084862 0.0366959550393 0.256320558837 0.0777988211619 -0.181214221156 -0.010625845975 -2.99461690251e-55 -0.38160641306 0.145575028584 0.218522616764 -0.27502211329 -0.0823179261632 -0.0734840238656 0.137627009433 -0.118444310108 -0.28004837158 1.00809342237e-64 0.181438619186
3.43101323053e-05 -0.133939988486 0.183823208784 1.41654748582e-64 0.285346712973 -0.267264367112 0.0342946532282 0.151577009006 -0.244941446455 0.242024315484 0.105060852952 0.209871544066 1.52043179976e-52 -0.257239591973 -0.307246906542 -0.160108360473 -0.0806537365191 0.172412108657 -0.158384952471 -0.0464819141899 -0.0519801365858 -0.140405228753 1.05306544508e-09 0.163424666063
-3.97147769044e-25 -0.270610847131 0.561506264925 4.49665907505e-64 -0.515371955278 -0.285334223219 0.373124280457 -0.1823211606 0.0277462273207 -0.193062600835 -0.0807353278962 0.00898175349743 -9.26673201567e-64 -0.0413296911693 -0.11093445032 0.131846576539 0.115412939457 -0.220845250139 0.107945871431 0.627515930998 0.677539575502 0.125251592287 -0.00069365991191 -0.358299141779
1.31749411019e-26 -0.00788713070321 -0.00302024988369 -6.48279378619e-25 -0.0158928646574 -0.00304033946904 -0.0268319264216 -0.000457950130947 -0.00125555300708 -0.0104228169969 -0.00606399850152 -0.0152086938663 -8.62034402919e-64 -0.0184415879687 -0.0252191356587 -0.00479123655644 -0.0128464643369 -0.020334930186 -0.0275978467786 -0.00877463149471 -0.00884743477559 1.50710969644e-08 7.74372098178e-33 -0.0120761058896
0.000505630163342 0.0139969975855 0.0703288670652 -3.16214169951e-22 -0.0146655201871 -0.0953816354245 -0.224003311047 0.250132066243 0.0763201105835 0.294331318531 0.112429811412 0.188110742117 2.16147188693e-34 0.18576462102 -0.317768825457 -0.117983254044 -0.130193105586 -0.138193597384 0.227211098574 0.0335423795949 0.187990774066 0.29598900711 1.83352164375e-06 -0.41204208827
9.37835260441e-05 0.0462607626751 0.230979902595 2.68342602497e-61 0.185736975964 0.158125991437 0.217249685487 0.0190074013364 0.191471547101 0.30056995088 -0.0719907693047 0.153416870119 -1.84293879821e-50 -0.0486628950444 -0.346128072391 -0.106148341137 0.192206026175 -0.303087123432 -0.322852626714 0.0856797203408 0.0270688341949 -0.0919814992003 7.5887902962e-05 0.134621662403
-0.0047198263354 -0.816497841255 -0.652731332638 1.73394959159e-57 0.0293115889551 0.139970783764 0.115375618589 -0.31345671394 -0.0890094264011 -0.0730383298669 -0.372328930529 -0.500919342326 2.5903082806e-64 0.0382864257279 0.0848527299549 -0.368369276126 0.136662171994 0.0326029617754 0.0444328730861 0.113149925257 0.406855063471 -2.12086892543e-50 0.000721747758432 -0.071838487566
5.7662264641e-59 -0.0813937018892 0.297646876846 7.25352131879e-47 0.15660632019 0.920277850617 0.275024183751 0.113868120881 0.76679010832 -0.101320458627 0.283016420849 -0.0676220838919 -4.36354596389e-58 -0.274179778056 0.33929360916 0.355106039807 0.0215756442755 -0.518214868749 -0.171139602322 -0.607313277625 -0.409706154986 0.0394962109746 -2.58879774649e-06 0.314483212835
9.74111632769e-49 1.30364226191e-63 3.42314048483e-42 -5.09408668916e-43 -1.01743324975e-24 -1.45891140021e-49 7.9225749255e-25 -6.50821301586e-50 -6.24920250711e-51 -6.57560834265e-53 -1.01519514343e-56 -5.78576083666e-37 -4.57325874344e-64 -6.91734777818e-64 5.08257124954e-63 -3.97726123801e-25 -2.81760573505e-62 6.43306498373e-47 -1.69953353388e-64 -5.96757812377e-63 4.47701916174e-49 -3.64336515961e-51 -8.54504370125e-53 9.89755490098e-25
0.0342524266132 -0.0877206329211 -0.455031461816 -1.37194036631e-31 0.287749217032 -0.0242540230861 0.260257642724 0.044667491533 -0.0150633823184 -0.14077930836 -0.643732560548 0.0773486242392 -1.64065478435e-63 0.0937181158202 -0.182689343115 0.186762041391 0.277130748592 -0.00390187578229 0.187746456534 -0.104078579183 -0.072328161006 0.0964225001748 -0.0047521793341 0.0273917163486
-4.10419832377e-66 -4.50383641885e-32 1.38519146345e-25 -1.28578909942e-62 -0.113171389511 3.33739668488e-56 -0.102679362793 -0.00386978482588 -6.35756514541e-64 -1.71163558166e-27 -2.27541265583e-11 0.138824475229 -1.11690162868e-34 0.0282862053383 -0.242912944158 -1.10974799537e-63 -0.0719815638681 0.144316900786 -0.137824930935 1.05543154628e-53 -4.14402108478e-22 2.87964522138e-33 -1.74486366849e-64 0.115665472438
-4.44793176726e-63 0.294991533018 -0.234716391083 1.56888394218e-52 -0.10802119876 -0.137942750536 -0.0636639596396 -0.168200525338 0.392931083591 0.178683453874 0.0981614729317 -0.139603632309 -2.69062076301e-63 -0.334457331511 0.0783053791297 0.284418319323 -0.167857448095 -0.287200328354 0.0127816045119 -0.0809290044119 -0.122986836079 -0.117772163104 2.46110252978e-06 0.184781729833
8.85667952197e-38 -0.0280668849077 -0.0436176013942 3.83378940183e-61 0.00750076320014 -0.0017377409171 -0.0183224795986 0.0690059946048 0.000146114616968 -0.00411133845105 0.0580275265236 -0.0143228544387 -4.69819122246e-57 -0.00753080047975 -0.0680934331558 -0.0456547331115 0.00628136814525 -0.0019580434814 -0.0567862901678 0.0151103934193 -0.0733528339457 -0.0108379191606 5.44300760369e-38 -0.00563701195407
2.94953353309e-64 -0.266915456094 0.0013795387808 -1.27976617244e-64 -0.322006891967 -0.231855503742 0.0887071424721 0.232356993639 -0.0516895552463 0.0092124491297 -0.03774093533 0.145762829349 -7.27916613526e-32 -0.0917214110841 -0.135645579599 -0.0848649849418 0.0119314205752 0.00449032913583 0.353961599358 0.115119744104 0.37993855257 0.294153945649 7.25311584874e-05 -0.316771390577
Intercepts:
-0.430574710166 0.167389963264 0.0976636638587 -0.276067798912 1.50869804334 0.697261889869 0.175648935011 -0.217063238867 -0.239805011388 -0.0782441974073 -0.352161268546 -0.548468303773 -0.0915476392326 -0.318192932809 0.624325703895 0.226483232435 -0.302196996587 0.314228102605 1.01246023693 0.0879878892411 -0.0090260951777 0.0396136462764 0.293254758194 -0.0938687702087 0.303152117084 0.249579325715
Layer: 2
Weights:
0.486497630436 -4.02369126705e-07 -0.123990758281 0.374526210127 -0.398035889465 -0.632926271317 -0.0778435184359 -0.00328708566186 0.0528375710975 0.226361930726 2.62589054461e-26 0.190243092499 -0.234024202232 0.191036929653 -1.02840144386 0.000390027699444 0.170050091158 0.18189906717 -1.29377901539 -0.305548740425 4.99724215725e-57 -0.314677428983 5.85480144436e-33 -0.0612585888671 0.0403741209314 -0.747227274197
0.370855721078 -3.44917355315e-08 0.0184204970904 0.0180994190076 -0.500504399624 -0.326335125657 0.211687999609 -6.70036920087e-25 0.182195440078 0.283083394257 -5.46831736461e-25 0.0222587870886 -0.22844475876 -0.171437477531 -1.25250651188 -5.5091769224e-08 0.414890863216 0.0598042157034 -1.05044974493 -0.161929878056 1.10760995802e-60 -0.102077632452 7.34914878307e-55 -0.445472635064 0.0361826161109 -0.159616325322
0.262530984781 -0.000258572195558 -0.0322256555754 0.251238490275 -0.614919222343 -0.0366170952588 0.263046599519 -5.702066442e-09 0.0885717062198 0.113163975356 -5.16723237965e-14 0.155896098981 0.20937483122 0.167276289854 -0.940544192363 -1.43574902155e-05 -0.380905815357 0.196757641728 -0.759254853834 -0.16918064898 5.2349851738e-67 -0.0624890633511 -9.45713509379e-16 -0.298146248866 -0.0479652549079 -0.297065959517
0.323697471147 -1.46779193242e-05 -7.80221425027e-32 -0.199140865056 -0.424305032462 -0.194430398899 -0.066012750077 -1.58568357887e-19 -0.095571095287 0.281867134277 1.00602173484e-22 0.233093438803 -0.274185902335 0.299796064862 -0.775638454056 0.00183713270338 -0.0639316914929 -0.279091675355 -0.43784351152 0.0146424105262 3.97452765706e-38 0.0413952826911 -0.00255842442056 -0.180429744899 -0.00394388794893 -0.171540287338
0.120735485707 -0.000849837478482 1.29162470833e-63 0.177060835659 -0.533970148855 -0.404288989349 0.0775446838818 3.14054792257e-25 -0.176529825748 0.352687692877 3.26183665975e-24 0.106415254415 0.132611288932 -0.0554530139085 -0.503963593704 -3.42546641723e-05 0.151048965143 -0.210371941828 -0.284821439044 -0.0456804938451 6.69390357286e-61 0.32481637918 1.83342778623e-56 -0.327678373903 0.0364484043261 -0.515762661781
0.0822464911712 0.00334511406796 -1.70249766802e-20 0.229847712674 -0.826437880544 0.162852229553 0.236092084466 -1.09243213567e-33 0.0394504981028 -0.0620478416034 -4.39521039643e-08 0.146917935005 -0.319583578318 0.046770221854 -0.635885015664 0.00219720554158 -0.100649289 -0.313472965709 -0.101824741508 -0.613065091493 -3.96224870711e-38 0.417799683206 -1.32253808596e-40 -0.0184749059653 0.00286518272367 -0.0338319584794
-0.106723268528 8.4460727006e-06 1.58476317469e-29 0.273293198314 -0.692752081416 -0.209843139483 0.44755535113 -2.25830088154e-15 0.173652202069 0.311147895498 -8.85104204546e-24 -0.0176337748943 -0.301790011985 -0.23919212867 -0.330071708759 -1.3250245559e-05 -0.0024162399242 0.203352912559 -0.028576265565 -0.408121031519 1.71272232434e-40 0.263438055979 1.63631208202e-51 -0.208970222786 -0.0221183647607 -0.20871008484
-0.00917200320751 1.10156326673e-05 -9.87923960346e-24 -0.0596211279976 -0.823001020222 -0.0295253559934 0.320697456591 4.53287909852e-55 0.338744243631 0.104076807454 5.82895155004e-23 -0.097566851051 -0.312230386109 0.239142464043 -0.208542541862 -0.00071576789177 -0.228841738266 -0.189818627306 0.103515567318 -0.146340944202 2.30219360953e-64 0.428130454709 1.38945737664e-55 -0.174028338171 -0.0588171148823 -0.0760725774635
0.00532844424418 -4.36504286049e-05 -1.56879232967e-62 -0.301963020234 -0.475067972137 -0.106174530653 -0.11587243445 2.59626275074e-22 -0.244283886887 0.301360504727 -1.0987617343e-19 0.133009908142 -0.152112228617 -0.0863365633642 -0.173699050736 -1.88874677155e-06 -0.360904959684 -0.192123273556 0.28678481713 0.0335402151511 3.14233018279e-33 0.228993503923 1.09162890262e-23 -0.424022656913 -0.0788830906702 0.173582872322
-0.113290977572 1.09748288507e-06 2.05870026928e-41 -0.150727063603 -0.826371879251 -0.233432706939 0.0644163388157 3.11551087797e-20 0.1482612963 0.312918021883 -8.76700372033e-23 0.182705497384 -0.050043455193 -0.287591645356 -0.134911212755 -4.00185515747e-07 -0.177888640179 0.2976400497 0.373858167415 -0.291908748092 2.50001851698e-38 -0.22137137076 -2.7940028227e-52 -0.153399869088 -0.060267518639 0.370581437205
-0.115087931759 -8.26009940337e-06 1.09163042495e-64 0.194982738221 -0.923183071238 -0.154451642459 -0.0106043942734 -3.09811973164e-16 0.152033100605 0.00120917135679 -1.29686442809e-22 0.207671448492 0.284671143066 0.0780334886026 0.17251901493 -9.65986766857e-15 -0.113043976671 0.251660154545 0.50076284636 -0.174885398692 -5.53525937089e-58 -0.223103278183 1.00775901144e-25 -0.165293843149 -0.125588341332 -0.00647201186069
-0.270090902598 -8.19449219249e-12 -2.23330322152e-61 0.101325720602 -1.21622400245 -0.0884016325194 0.027116083192 2.00924058692e-26 -0.14815140335 -0.27333424463 -8.28817083269e-23 0.0457438535427 -0.0144160552416 0.268069916609 0.223764466382 2.05653040624e-17 0.0262401054854 -0.0973984935255 0.484127109471 0.0608926350172 1.88579315383e-62 -0.100447080039 -7.29136892312e-52 0.0289254918838 -0.0523619700764 0.329038258725
-0.240879913712 -8.9562317622e-10 -3.23158298403e-25 0.0697270788789 -0.826532867011 0.0154524559877 -0.0328039057026 -1.30247044842e-28 0.203330304235 -0.324878057277 -5.75816272817e-18 -0.0367518641644 -0.230912738306 -0.314411915348 0.256610798776 6.33028956166e-05 -0.182276930182 0.257679772521 0.512824032105 -0.275255996345 -3.79731276786e-42 -0.372423039558 -2.36530655954e-49 0.0467286194134 -0.016331297285 0.537889687429
-0.519377228365 4.2702535664e-11 6.29823180733e-65 -0.137975464516 -0.525008105949 -0.377171306553 -0.290019940874 1.01632710089e-27 -0.085165883006 0.191869888282 -0.000409599440531 -0.0712349721655 0.202222693891 0.0169498042688 0.416223657115 4.07675164271e-14 0.302694539586 0.281612946049 0.258460039804 -0.0118797180767 1.05912362407e-56 -0.000683049298855 1.36286242446e-63 0.0428707326353 0.00131943021651 0.163916901876
-0.368428041313 -5.59551441386e-11 5.55691794523e-07 0.251689473231 -0.26007685577 -0.513361467895 -0.324383952049 -6.73388354734e-26 0.0217904458371 -0.0635845827166 0.00116874295843 -0.0800800757566 0.258785770296 0.0208187941798 0.337551841841 -1.14220888691e-16 0.253954913544 -0.177143794553 0.198288501093 -0.342530814846 -2.86310375958e-63 -0.117852389339 1.32998053505e-18 0.136728360192 -0.0118715029774 0.152110085205
-0.217115099885 1.79633083516e-11 -2.2470246453e-26 -0.0431155590625 0.0149947274368 -0.496870292838 0.0626214386712 6.01037141075e-55 0.0219386625958 -0.287702867769 -0.00170981738801 -0.382668903002 0.290472432039 0.104683520426 0.224252912953 -0.000128003237063 0.281799685794 0.240423104365 0.0025024409818 -0.328017498501 -1.76651982988e-64 -0.213355362322 2.87431337204e-43 -0.270179813248 -0.0188991366333 0.218057462178
-0.367237964054 1.43274197375e-10 4.13347375764e-22 0.080541414361 0.0788158302653 -0.00747654769703 -0.324633973091 -4.17830108201e-40 0.31101228799 0.23408960294 -0.0292580286228 0.0711264953136 0.365803013812 0.0200500265022 0.126210745259 -3.37832726672e-17 0.323726086035 -0.24318006259 -0.122317533747 -0.557117638835 -3.4624319028e-49 0.0858288624428 -6.97877917624e-48 0.169650504686 -0.0198769380676 -0.0508773380756
-0.361597217897 1.25437845101e-09 0.155471705065 0.30941171678 0.132055242808 0.178416904569 0.159300936283 3.06575011152e-16 0.278995179676 -0.273401472554 -0.016477447483 -0.128470496227 -0.304698467942 0.227408443044 0.0897619221012 -7.59580525944e-05 0.203713691869 0.0731818267545 0.146520986963 -0.560205135903 1.64270448519e-45 0.189214932129 2.25924121663e-15 0.0498692318456 0.00847149174368 -0.225838428542
-0.307891286718 0.0151699916145 -1.27211099344e-37 0.0116832259828 0.0892548109322 0.260557371343 -0.0211594113603 -1.09929756301e-55 -0.241167321487 -0.233325338602 0.0210775602958 -0.524242699185 -0.00277666290174 -0.192276797692 0.154702041947 -2.53999832319e-06 0.121575082205 -0.00434677866383 -0.0246902061846 -0.256469114232 -1.20155971294e-60 0.0710507934956 1.54741432338e-27 0.0599473102964 -0.0180736334479 -0.0246720661113
-0.284529300384 0.00731456005822 -1.9542071442e-50 -0.1206739942 0.127810237178 0.341858419996 0.0203350635857 2.59959313819e-30 0.358260790278 -0.173091442595 -0.0406709975358 -0.809040970121 0.0947185881426 -0.234755669161 -0.00216503827055 -2.9494176296e-07 -0.229165907579 -0.277028462606 0.109338321382 -0.0771242504033 3.52959343866e-64 0.109027231377 -2.07070486486e-27 0.218596485236 -0.0223891105667 0.123043761705
-0.416466971058 -0.0130323907179 -2.73010496061e-64 -0.221193812504 0.0919760830486 0.339628613143 -0.0328814120423 -3.82874798178e-56 -0.277882406731 -0.250562056967 0.000419188653098 -1.71358746712 0.206550718647 -0.0284470055284 0.109708692437 0.000713393749831 -0.213824401046 0.00908921156587 0.170326285294 0.0772188367464 1.75310953664e-64 0.285175275894 -1.95094427452e-54 0.0443497192971 -0.0336280376815 0.0275734737792
-0.30995614142 -0.00433061271819 -1.72077124256e-51 -0.0394667128502 0.0886789575634 0.4456647659 -0.398314792443 1.68515382219e-38 -0.0425860598989 -0.174338783457 0.00193779231814 -2.43782178517 -0.197144122217 0.266236536309 -0.0823389066238 -4.49390798533e-08 -0.107100336453 -0.165900985149 -0.0380677532569 0.140015756181 8.91763212832e-64 0.00624089298004 -1.68646629421e-63 0.105618338159 0.0183232367083 -0.136190361508
-0.360462075086 -0.0182193782599 5.66607587171e-59 0.0413748748743 0.0989351786078 0.383473507659 -0.337680165392 9.53811571275e-25 0.136505588807 0.0878767342922 0.014578919957 -0.253910263057 0.296435548146 0.00671799506158 -0.553904692569 -0.00226095357069 -0.0125226017314 0.0845371027806 -0.0388296360273 0.310685971767 2.83132306781e-61 0.0179236367459 7.50335511592e-41 -0.00215761789834 -0.0142863047502 -0.0889125083387
-0.393159245952 -0.0070893724891 3.74072208955e-30 0.380215547365 0.0851690612262 0.39365523637 0.0637580935669 -2.85229884117e-39 0.0447398843117 -0.201946364066 0.0158016766051 -0.0804671391259 0.309275315804 -0.0607191887209 -0.940592044561 -9.15774808817e-06 0.0541494785985 0.251566702129 -0.0547195450184 0.315715447255 -1.75756464298e-45 -0.0257982683593 -1.06001085825e-44 0.0910877877095 -0.0151926948577 -0.335559919149
-0.440519478207 0.0116850881315 -7.87375306014e-63 -0.0875517190151 0.0754360865393 0.309945054461 0.116488452943 1.71241461304e-45 -0.185820148972 0.061572018119 -0.0197862725941 -0.346433203498 0.0956666915917 -0.0373327563976 -1.42764072664 7.30832758295e-05 0.273474886805 0.495652058103 -0.160723979804 0.412462843264 -5.13393368729e-61 -0.292907361015 -9.45557077517e-59 0.303138011195 0.00100860322693 0.0972877359741
Intercepts:
-0.74007375703 -0.38088424075 0.12939269289 0.177077700614 0.0275410889008 0.0277264746735 0.196542966415 0.212473943626 0.150589482058 0.20362402636 0.136764091242 0.293881064381 -0.0428991003439 -0.494509434601 -0.0842091575927 0.14694556411 -0.0558299957088 0.15933875819 -0.111077612534 -0.0626488395434 0.103797105672 0.274735223968 -0.0218747235554 0.159455504923 0.441170330173
