Classifier coefficients:
Layer: 0
Weights:
1.25955531879 0.270046838527 0.0124233324227 -0.304418411244 -0.0571986513374 0.131090118317 0.243781195732
0.365622968641 -0.294932453454 -0.163473256502 -0.345087523232 0.321814824231 0.430016283457 0.0972221781749
0.832673652102 -0.0819538340542 -0.305382708187 0.0555821380544 -0.102473455906 0.111993650461 0.25522913307
0.0290434078095 0.496530639827 -0.185547489758 0.0827823137636 -0.0839162100687 -0.0510632033878 -0.208507908963
2.3411871274e-316 3.75494762327e-316 -1.59559631735e-316 -1.45689395835e-316 2.13761325741e-316 2.34339313051e-316 1.2653578002e-316
0.00817204830608 0.0177626752707 0.0640688838764 -0.0296919789231 0.0323475789166 0.0937047130687 0.0665421336423
-0.144224898441 0.155637581407 0.0601275645469 -0.0937800780908 0.312866482929 -0.199612635818 0.151249617847
-0.0412003365777 -0.597468459714 -1.24861585825 -0.318107660879 0.480986525567 0.509301841876 -0.730988315201
-0.0496219817191 -0.139177282032 0.354117575345 0.293530576488 0.199197084862 0.118211212593 -1.08789941158
-1.08904784256 -0.884736730191 -0.852075961048 0.658345549921 0.321665042933 0.00678771714659 -0.0633028697508
-0.542124370998 0.862223168374 -0.0868022688655 0.205203727822 -0.110100991136 0.0921909066519 0.0582813969755
1.2093122285e-316 3.20120645602e-317 3.28602369357e-317 8.6172336103e-317 -2.39159190222e-316 1.63637674279e-316 -3.55940404925e-317
-0.111285306999 0.318807536223 -0.275849814859 -0.137833827168 -0.100250892899 0.0374788084962 -0.0571164248526
-0.621613797736 0.318452107794 0.283588756965 -0.386970717241 -0.240185895047 0.288725998201 0.156403406241
-1.12342657399e-316 1.19369639444e-316 2.75398080254e-316 6.21403704479e-317 1.78806285052e-316 -9.51886635904e-319 1.59406698655e-316
-0.0346324225767 -0.167459793007 0.227347798762 0.609386590331 -0.403668854412 -0.845414751585 0.12904626135
-0.629775658457 -2.32893779573 1.03235472054 0.260567351254 -0.0380712643961 -0.0841098719338 0.0189553122811
-0.256031130318 0.00835571634999 -0.0434956808559 -0.106702465445 0.0135948960614 -0.010784219728 0.190752992533
-1.18426949134 -0.624982442176 0.748958890676 0.478074216604 -0.337441092908 -0.401898050555 0.167658324055
0.0640349849101 -0.24051436501 0.144307879689 0.246837501714 0.12918187301 0.0593192247313 -0.276605780868
-0.247642145534 0.260681101433 0.409222100965 -0.331344987741 -0.430276259 -0.336409523453 0.123598767749
-0.789790427725 0.447842245649 0.494789079549 -0.37801941594 0.225399953332 0.347222462829 -0.075975808155
0.106337095669 -0.800442081346 0.106615567678 0.988872010569 0.000840084411639 -0.359646266247 0.0683178078085
0.237381236935 -0.376604677649 0.369675279547 -0.402381559512 -0.0123067840116 0.00668770562314 -0.0349150845591
Intercepts:
-3.45787439995 3.37354897156 -3.35724188739 6.92377113923 -0.199130996018 -10.3255918812 -8.75125159299 -0.648674174394 -3.66482798702 5.06710250668 -7.5165108686 -0.108977745505 7.728430059 0.879731473584 -0.0666029818531 3.77472296453 -2.15371085071 3.95154471273 -0.885283090435 8.09505543885 5.37680481683 4.93665230426 0.977131369139 5.57410017894
Layer: 1
Weights:
-0.307534253703 0.146159894665 0.348549062346 -0.272693127789 -7.34807629707e-317 -0.55456740466 -0.598822041732 -0.247783659569 -0.784312512937 -0.44845529825 -0.457637132018 -2.56297102193e-316 -0.170645691371 -0.496583509568 -1.65633042381e-316 -0.409114052607 -0.192111901357 -0.827632555331 0.211737678724 0.702124970559 -0.107667319929 0.0823532571215 0.188531014047 -0.502624651951
-0.29601059607 -0.0584715312601 0.0977993955091 0.120626732374 3.25832395254e-316 0.475364478315 0.324289726852 0.0510391264168 -0.0676956291363 -0.100175683026 0.259124776659 -2.71073904087e-316 0.0241950189055 0.091377156854 -2.29916407745e-316 -0.0762385431058 -0.649446273015 -0.256661160454 0.524608527633 -0.0132626592745 0.208865387323 0.35554682259 0.106856095197 -0.493812635247
0.73833789079 -0.208113373039 0.330797636359 -0.234858553716 -1.85362709095e-317 0.14349165081 0.0300925982831 0.524557993256 0.203916202985 0.441390799935 -0.482925807937 -5.21604222655e-317 0.444039029847 -0.349423915879 1.14554875853e-316 -0.0656546235072 0.870402341195 -0.195642267595 -0.136409075027 -0.541252801776 -0.151105216157 -0.665394523972 -0.408345647407 0.708040928234
-0.580095228254 -0.0855878017961 0.0681493185607 -0.0517006012674 3.59589726946e-316 0.117291537183 0.0311906382914 0.00538364174141 -0.0334560740159 0.0491583174324 -0.220743459376 6.74153808914e-317 0.349882949652 0.489427209474 6.3363345963e-317 -0.0486425716893 -0.622623641316 0.33016595141 0.253480965551 0.0998362763176 -0.179103525859 -0.306162870375 0.132619733533 0.272433877398
-0.00836295925728 0.112589792821 0.0421013137535 -0.411227814311 3.99709734838e-316 0.086505780339 -0.163428841258 -0.21526453316 -0.288619131065 -0.165937367212 0.0292643610721 -1.99442819141e-316 0.000447926736828 0.211528384083 -1.67741541634e-316 0.317552744428 0.128705489957 -0.0316287555214 -0.0988279125991 -0.0210761221856 -0.0786419089519 0.0757945156063 -0.146612677557 0.39083293442
-0.156625716099 -0.0351817721829 0.226886746934 0.16180396997 -3.95447870229e-317 -0.18765932537 -0.0135914559555 5.35871553936e-317 -0.488644197746 -1.16327125591 -0.21736616426 2.83131729334e-317 0.131037987122 -0.172274061299 1.1379530427e-316 0.0621360671178 0.411670059985 -0.233699409951 -0.00729759132029 -0.231635431532 -0.0485207702478 0.529307167848 0.467402677166 -0.417415357128
-0.424590537115 0.868508040867 -0.182155284478 0.141709319009 3.53798126404e-316 -0.914257207878 -0.441696662359 -0.664569926308 0.349698007179 -1.04483919327 0.130533592293 -2.99878825498e-316 -1.08929845633 -0.0901257413624 3.8432034589e-316 0.0244999764721 -0.478400964945 -0.15262579827 0.00113934062977 0.244892704804 -0.267117217222 0.441871501562 0.311818662274 -0.430377066799
-0.422691794542 0.574690848705 0.0753611173595 -0.318874003809 -6.21503851585e-317 -0.819319395135 -0.546426452392 -0.903433821455 -0.394644633263 -0.610074801518 -0.470315615526 -3.61956726286e-316 -1.02141803015 0.118006928436 4.74302180096e-317 -0.26772266556 -0.514473246617 -0.150255497061 0.0458714629596 0.475412306954 -0.42993924101 0.400480247297 0.288788194589 -0.764852634305
9.19920489805e-317 -6.66083987688e-318 -7.47423941819e-317 -8.58990041657e-317 3.67475913853e-316 1.88501602016e-316 3.58906424276e-316 -3.29443891609e-316 2.02356966539e-316 -2.3900850514e-317 1.47315973576e-316 3.40833972314e-316 -3.55408118361e-316 4.95367311192e-317 -5.10841743659e-317 -3.42694060301e-317 -3.2030750617e-316 1.54860953808e-316 -3.22541058379e-316 2.33199953206e-316 1.81685926906e-316 2.8307163613e-316 2.71230349974e-316 -1.63954498815e-317
0.261406419099 0.211720774144 -0.425053492929 -0.176608285871 -5.87229183756e-317 0.0316853566806 -0.518978061371 -0.0464291901116 0.209195385525 -0.253714832189 -0.811368861152 -1.4330730279e-316 -0.380354319076 0.325205999068 2.96565324838e-317 -0.179258258854 0.0481634420708 0.139134316677 -0.2985698264 0.550658329827 0.0599132482818 0.0270729997381 -0.408467846723 -0.384828600699
0.50753085756 -1.0607566369 -0.971948319236 -0.205604117151 3.11540014845e-316 0.224473161972 -0.348079320589 -0.120136253293 0.669031534025 -0.0994039555973 0.237378188636 -1.77386137819e-316 0.268788377397 -0.0913715306392 3.49649664683e-317 -0.38184660194 0.426951904742 0.584208804869 -0.636454644083 0.682743065414 0.543457540254 -0.461558161532 -0.216710199219 -0.127292379065
0.0475577527612 0.141129264313 -0.678291477907 0.529403470547 4.0193472983e-316 -0.102662007122 -0.0953433065596 -0.480674585981 -0.262358299343 0.234594105255 0.260923940393 -8.64139292631e-317 -0.509325877007 0.277796465428 3.29159171459e-316 0.408200781986 -0.539912833128 0.174066839991 -0.00392917403093 -0.343992998317 -0.374534657747 0.36270470926 -0.184469045308 -0.608377991316
0.525147686164 -0.52004003078 0.146809740197 -0.115902106605 -2.1625113992e-316 0.873973265883 0.236390710223 8.42305148358e-317 -0.659565246755 3.6683759092e-316 -0.0279559108651 9.05048965645e-317 0.00724323308037 0.16154812704 -1.43367835712e-316 0.137184494989 5.48070775831e-317 -0.382963633355 0.0658032075933 -1.0967883232 0.117900780552 -0.328998614333 -0.55835805705 -0.413905238378
-0.10351792838 0.205005772528 0.197550563422 0.345629306867 8.59411726686e-317 0.594179528153 0.178732545732 -0.0752337580287 -0.0832252962556 -0.576172366471 -0.0889744121978 -2.44967010939e-316 0.37868835758 -0.448356877452 -1.77464140903e-316 -0.282798905252 0.990158711438 -0.371643590197 0.146570098226 -0.258162515954 0.35654878886 -0.0886773314782 0.538027496827 0.100813692298
-0.0154605698277 -0.341177166398 -0.130438437263 0.312332015806 -3.11829245815e-316 0.0694035773728 0.306394971593 -2.50824223399e-316 -0.437498458696 -0.715655911793 -0.243368983911 4.00304179801e-316 1.25378350384 -0.0249112152206 -2.01731943853e-317 0.0449438891822 0.297920517832 -0.00496708589879 0.344216505821 -0.46029235619 0.144973945878 -0.0604993136913 0.156569408989 0.107283989595
-0.0593860620589 -0.0793081602732 -0.0815986241159 0.309986463814 2.18655411572e-316 0.00194674813196 -0.489321456508 0.320928282924 0.154369654873 -0.984827650676 -0.928630739234 -2.03933376855e-316 -0.578767422481 0.264862667361 1.10482020998e-316 0.513200692343 -0.304367341618 0.459742082717 -0.867562234088 0.535146271012 -0.144618448321 0.47397445019 0.0259983274678 -0.169027694259
-0.210313431189 0.501746131765 0.422292734404 -0.425915853632 2.07028129951e-317 -1.06056154846 -0.370271418159 -0.584799013898 -0.373299444513 0.349898692071 -1.28996319174 6.32514450349e-317 -0.144776401522 0.413482275805 -3.20800652853e-316 -0.221687804613 -0.324202696903 -0.0083976756797 -0.63138153574 0.674296864226 0.312987097637 -0.102597071357 -0.726004990698 0.0202786116694
0.298451920569 0.262127545748 -0.282874767661 -0.287326844936 3.08304443159e-316 -0.851809103909 -0.616978455777 0.148923571124 0.35861834625 0.0471596074522 -0.530558670523 3.97125909848e-316 -1.24909006626 0.158486992543 8.71933079382e-317 0.281186592739 -0.399798512701 0.153314925322 0.0203668018539 0.513010396737 -0.820401970383 0.675342864543 -0.678999364993 -0.574545266126
0.540213744122 -0.409931529372 -0.215924603783 0.10092103008 4.4315875211e-317 0.655601213109 0.268273485048 0.288801525537 -0.489123341119 0.630212999236 0.586291668989 -1.24842038995e-317 0.256319941951 0.0910796850641 -3.45735706281e-316 0.46748328287 0.268386866773 -0.344587293758 -0.0614877419803 -0.40227827692 0.198150171729 0.00945870135145 -0.36443528222 0.211369613784
0.363412055108 0.29060668162 -0.113053413149 -0.308506296993 6.24746009166e-317 -1.03059870901 -0.636443787679 -1.22281099721 0.136033729388 0.248396237123 -0.829757909574 1.16105792381e-316 -0.939408890878 0.152835243739 -3.92952641092e-317 -0.198552073452 0.173290401563 0.0600754662744 -0.766226137955 0.377702557838 -0.198035592217 0.335510626471 0.0942259791209 -0.579309313422
2.81036826767e-316 -2.26021179372e-316 -2.03875497064e-317 -4.22678891179e-317 -7.16920526471e-317 -2.88288341886e-317 -1.94592744678e-317 -1.71347504454e-316 -6.51838938768e-317 -9.04567795113e-317 -3.2510856438e-316 3.27658555754e-317 -1.98473734079e-316 2.98639363013e-317 -2.70312005454e-316 -2.47585781191e-317 2.20576709352e-316 -1.59460433234e-316 8.81898136425e-317 -5.26902533235e-317 7.85844265076e-317 -2.83596081872e-316 -1.61181071193e-316 -5.74934804818e-317
0.823035944744 -0.0569903789682 -0.0931442455545 0.0119294498122 -6.75370297348e-317 0.0220850928565 -0.1515031726 -0.343047539631 0.350823151353 0.535620208714 -0.103684774115 3.96088174366e-316 -0.042897623423 -0.148576253458 2.18322179116e-316 -0.00470771268482 -0.274884357381 -0.50121747187 -0.129421114899 -0.0671453591712 -0.175324978224 0.039761539794 0.0711245999331 0.0330539756058
-0.104101634308 -0.279501568722 -0.172763397856 0.332573143863 -1.22374922192e-316 -0.140357834631 -0.23375446349 0.243275993881 -0.291398660908 0.0762580363464 -0.360095767356 3.98811024487e-316 -0.517090606697 -0.181542299202 6.94931294991e-317 0.0178476395787 -0.247812259054 0.641885556271 0.566355928731 0.100912366318 -0.983021706133 -0.466463636369 0.144747970543 -0.559193015615
-0.174784369808 0.521336461282 -0.0098847098845 0.334763884057 4.01087678983e-316 -0.546651933632 -0.262544949652 -0.272541615715 0.763225232262 -0.668453451781 -0.638933448642 -5.19043678039e-317 0.190237642396 -0.236682549964 -2.34767524687e-316 -0.211752691455 -0.296599219302 0.214101946638 0.143131391244 0.410153105315 -0.335700499791 -0.0316587678979 0.329520570294 -0.171301234719
-0.206661873143 -0.238369374849 0.106445419688 0.47883946833 1.6277938838e-316 -1.01577439558 -0.159226434654 -0.0465088602746 0.0606445519356 -0.390174395519 -0.0663255752372 2.6603271021e-317 -0.914210049148 0.109834701628 5.44208417644e-317 -0.0017720281828 -0.139181138949 0.316150176325 -0.208278067035 -0.0626963358104 -0.534478139212 0.552366571013 0.329471947331 0.123919204086
-0.0405796586989 0.082402684722 0.0864920150483 -0.0438262665307 1.78759511857e-316 -0.675803261643 -0.214145516603 -0.578459457945 0.0575361747571 0.674218936974 -0.256764467192 3.86546116565e-316 -1.36841196198 0.0581586756167 -1.64147574729e-316 -0.222170041434 -0.0120737127593 0.194337425072 -0.509411225725 0.340452669009 -0.177334214505 0.0293749035993 0.423809188543 -0.371724913445
Intercepts:
3.18215577809 -3.09337736685 -1.55113966129 -0.075175839557 -0.292470754798 1.26300442258 3.95727909434 4.58573878317 -0.00231621825702 3.06284469302 -2.95016444838 0.315506350895 -4.85486261787 -1.43635819737 -0.361544110485 4.08463267174 0.596243425323 5.72045508336 -2.90429324925 2.39810997396 -0.0170715276967 -0.140345057384 1.75878748416 2.60707286899 4.77183007748 0.565082635501
Layer: 2
Weights:
0.000777941517029 0.28625618525 0.590949671988 -0.109615407472 -0.284411669708 -1.23813180879 0.0234015902694 -5.25287156253e-06 -2.81428003242e-316 0.422623074289 -0.740037729031 -0.782483664118 0.49300863376 0.380612168964 0.386933942385 0.669317786957 -0.652066422767 -1.07577700922 0.270833917917 0.336908831455 1.28974784487e-316 0.120610718075 0.0164958213907 0.0253103538873 -2.51681986018 -0.649757002002
-0.041423957207 0.145241162038 0.212099562772 -0.215117604126 -0.329142482731 -0.857237037713 0.0157776804342 -0.0487852232105 2.98294579302e-316 0.316255672021 -0.367073247367 -0.690712120727 0.100927473455 0.309338525979 0.176773002134 0.572688792703 -0.534798151768 -0.765494980282 0.411294904342 0.188924260826 1.63707169553e-318 0.317091732975 -0.0221308207022 -0.186734448845 -1.94987789974 -0.435138189842
-0.00304940248316 -0.024532725652 -0.147868807075 -0.33019795191 -0.277341082826 -0.55156906118 -0.0510659396481 -0.00515074969622 6.16786265766e-317 0.175900117276 -0.0807960011765 -0.527221987291 -0.303737365475 0.152805699104 0.0905761645188 0.49519527609 -0.42006400756 -0.494013163151 0.449120294297 0.0414030759696 -1.29822932159e-316 0.457935818184 -0.0339268058474 -0.33048547459 -1.4934949902 -0.301983311508
4.78068242404e-05 -0.0952725669662 -0.452566232457 -0.46755769469 -0.0885046013498 -0.278453209833 -0.714358967387 -3.94161624527e-05 -1.64493277402e-317 0.0956423363188 0.170157180944 -0.255939950421 -0.691761862853 -0.0234672461806 0.0601077974548 0.434161214986 -0.353467571243 -0.24414156498 0.389255241601 -0.105220344885 7.75653321219e-317 0.510612607397 -0.0347705220726 -0.438039646829 -1.14295586027 -0.227004939777
-0.000202766410551 0.0603803092951 -0.617911388837 -0.55641894315 0.117439924993 -0.0077448782744 -2.09357595663 -0.000100222627768 -5.6764980687e-318 0.228467937352 0.401039014243 0.0642642628637 -1.18379182939 -0.1630796419 0.0683681212873 0.3798029593 -0.347040553749 0.0260245824138 0.280299915229 -0.286924370389 1.32010832703e-317 0.315450359095 -0.0482319524765 -0.5405622099 -0.751391847804 -0.0214177968692
-4.00299646927e-05 0.253123279163 -0.694899367929 -0.460368382391 0.175484521779 0.245443165562 -1.55839663622 -0.00700504504743 7.29579921108e-317 0.237983945368 0.708494905363 0.334494146955 -1.6822206883 -0.205777930405 0.00472706012761 0.366274460745 -0.337129901168 0.20877385975 0.047945249861 -0.50473748984 -4.68687865129e-317 -0.0503348933563 -0.0274200646121 -0.753797230715 -0.414171871835 -0.126723561314
-0.0346978608646 0.365810075127 -0.557412096147 -0.287302553802 0.168504254927 0.436902254851 -0.970900952945 -0.765487351881 2.56835184147e-317 0.23655654448 0.920759074368 0.460071933451 -0.359359253721 -0.090118885456 -0.0458844315856 0.346183977015 -0.382622898582 0.316173683063 -0.17715187425 -0.556348117146 -2.44227004355e-316 -0.594945577033 0.0495716396042 -0.924967375528 -0.20564427459 -0.095940405423
-0.103073700971 0.489932691947 -0.484941313626 -0.0344860771716 0.091362984265 0.373272881468 -0.431991701493 -1.84154428754 -2.01187448927e-316 0.0563495040794 0.952118391649 0.381523584947 -0.0327582200302 0.123414498357 0.0334806537226 0.345321047392 -0.209605353095 0.413521348304 -0.466132162128 -0.678573628877 -1.40700276477e-316 -1.20335262874 0.0167157743288 -1.09100107636 -0.0178853210812 -0.355773298111
-0.210744199289 0.580896276661 -0.474125153306 0.0990404952688 0.0625943561015 0.310615563335 -0.080159967236 -1.51802513294 -6.10204476392e-316 0.00236036512892 1.04150650643 0.283771209908 -0.00297857482683 0.0498641041557 0.201401273187 0.194052186352 -0.22364981094 0.43938287559 -0.980406451282 -0.30608014324 2.60761380556e-316 -1.828324281 0.267106677589 -1.14869028203 0.0916589039003 -0.303972255098
-0.835387529909 0.551204897299 -0.308693158307 0.0480378345057 0.0546082293214 0.335682909778 0.170561161331 -1.09412506534 2.87551344162e-316 0.085183236596 0.120755596925 0.050395929686 -0.00449829858159 0.0280766516597 0.340053979027 0.0181745032473 -0.291141415952 0.402738244792 -1.57741336221 -0.0661063554597 -7.5670649658e-318 -1.67949423417 0.76409575715 -1.04877515293 0.191762934955 -0.521210454324
-0.874634474446 0.345383266838 -0.430211161396 0.0913109696172 -0.01563745192 0.458211055236 0.38486599906 -0.657175326822 -2.98876959182e-317 -0.0407003921307 -0.091309627181 -0.40080465906 -0.00255725805031 0.00111159639898 0.395786069026 -0.194971282466 -0.283830303301 0.397779697747 -2.0218004725 -0.243621394955 5.47464754909e-317 -0.654161729923 0.890283522711 -0.786952376806 0.304657621319 -1.38396237265
-0.643824147557 0.0529573393271 -0.405326193508 0.0928834935679 -0.0995870670979 0.525067243654 0.441791720151 -0.172499013717 2.83191476693e-316 -0.240086296583 -0.0793724826795 -0.900305856316 -0.00363816135948 0.00922536205546 0.290416266676 -0.406398749007 -0.283537498683 0.31929962034 -1.41106920145 -1.11175770048 -1.87774628884e-316 -0.0662073849072 0.937300006486 -0.348382612219 0.35871589776 -1.39899677674
-0.390217086742 -0.409204889297 -0.411067574242 0.311036878379 -0.163664388526 0.47020019442 0.491240062777 -0.0817865311852 1.70090883068e-316 -0.320515995304 -0.983301527999 -1.13195246412 -0.00214940007993 0.170806672048 0.035539625862 -0.55543263405 -0.592323338271 0.302712532754 -0.942845648159 -1.56644273508 -1.33804256413e-316 0.238774092644 0.965343732937 -0.0285739139388 0.39578028749 -0.856551449813
-0.125772401334 -1.04567703277 -0.510194825363 0.39772848621 -0.076366521585 0.303338034723 0.555257818411 -0.00621466889783 6.07152919456e-316 -0.178994306363 -0.855286359282 -1.00072085036 -0.0108835219765 0.277775106364 -0.138163452751 -0.649277112546 -0.784950488034 0.12271316114 -0.564952385839 -1.59570185004 -2.51824019581e-316 0.374164155481 0.889834750021 0.217999603214 0.350608447153 -0.4407145187
0.0728487024633 -1.52636543654 -0.378229532943 0.360304093302 0.0360366626443 0.096439668672 0.458171619614 -0.0655099714759 -2.70478411705e-317 -0.059086710377 -0.638446616701 -0.475168158837 -0.000429240019003 0.25998940429 -0.288387621374 -0.719759579067 -0.801768776571 -0.136000392122 -0.425005250348 -1.17172445047 8.60704103603e-317 -0.922394352471 0.844076129431 0.331456426774 0.358164392825 -0.16804449067
0.216619863234 -1.17194886284 -0.200426817521 0.145468660084 0.0408500289137 -0.314472587837 0.33586598543 -0.0838357644108 4.73961077174e-317 0.0480443983196 -0.431660314825 -0.134254912421 -0.000360257914584 0.121544369124 -0.291954439208 -0.827140289577 -0.702863030229 -0.61257497966 -0.340316650933 -0.643751489468 -1.40585243173e-316 -0.848850129309 0.69157976005 0.378326696341 0.411101911133 0.107215964927
0.374789994976 -0.806245766082 -0.0828022847768 0.0950414196422 0.0682170662825 -0.699250521475 0.192534026957 -0.0231850276656 3.64674546819e-317 0.161029143577 -0.258258614353 -0.0881415196857 -0.00672069332697 -0.127014124046 -0.342483364092 -0.863542884584 -0.688277977177 -0.971337639566 -0.237456900897 -0.182764156006 -8.97077611702e-317 -0.734253007062 0.494414097059 0.420649206975 0.452155302715 0.352075980211
0.493617289702 -0.685907378884 -0.00614280547712 0.105420045011 -0.00561285758122 -1.01615815137 0.0763195963352 0.103319046387 -2.05214582947e-316 0.134208064456 -0.0657751193225 -0.295106396603 -0.0013851459811 -0.570439197551 -0.407753823945 -0.809091606947 -0.685520104978 -1.32324977357 -0.33818732149 0.153146429642 2.46142882235e-316 -0.458738710704 0.277356018192 0.432154057143 0.440477645782 0.557747048349
0.470513797199 -0.464736967985 0.0523768853961 0.0626642631591 0.0764858831535 -1.17509607352 -0.0578561040363 0.284238843132 -1.95863461756e-316 0.143274792854 0.0970167481867 -0.596750646709 -0.000693415953284 -1.21871256945 -0.508685173529 -0.692614185056 -0.611100346715 -1.5388261712 -0.559827607614 0.457378807196 -4.01081221545e-316 -0.0792785742867 0.0716753346467 0.469619582929 0.307895647146 0.679881230354
0.436768115742 -0.379198057277 0.0219011949361 0.0740422955227 0.112076327372 -0.284931779521 -0.202734933029 0.382033349215 -1.94600763363e-316 0.0981535305718 0.273488107598 -0.6441260972 -0.0940987270051 -1.94677069842 -0.547913268329 -0.824270032695 -0.420433632705 -1.64048454824 -0.391438187161 0.673665336399 3.18530890573e-316 0.188119932099 -0.0900616871675 0.503884633744 0.134531965842 0.678490832427
0.32320349279 0.0762915087314 -0.13590940945 0.0780417597327 0.126701374534 -0.389391806748 -0.413801434734 0.350249642583 -8.08946082984e-317 -0.0421775329732 0.460773893819 -0.567746768943 -0.145115310827 -2.5487751659 -0.439715603215 -0.728963136266 -0.11983993639 -1.1415699593 -0.328031893552 0.430557735304 -2.47491701211e-316 0.377719056046 -0.229060723535 0.328290686071 -0.125095009638 0.720907541995
0.0702648558127 -0.142921405312 -0.14460260798 0.0295879526713 -0.180568713185 -0.109088310432 -0.751143764531 0.438575928766 -2.83588404092e-316 -0.397699578254 -0.00559382014495 -0.235876012645 -0.0426216030409 -1.29810833662 -0.183145342491 -0.814307447286 0.241259896631 -0.508137870008 -0.396774756233 0.128280367441 3.71448606779e-316 0.430287821502 -0.297138794986 0.154308210285 -0.290313915104 0.573968601793
0.165949474328 -0.326329196099 -0.0824564589316 -0.0747122779042 -0.257312810779 -0.105107342804 -0.717137625742 0.592132173872 1.73783292554e-317 -0.588169618767 2.71582761837e-05 0.0770021930055 -0.00429984445018 -0.713832155442 0.0235605467835 -0.84864920638 0.484158304362 0.203877394866 -0.561099855782 -0.0557300555078 -8.91933251978e-318 0.312724603532 -0.433172400756 0.104498457822 -0.49929450884 0.269036208361
0.225738360576 -0.571779688967 0.0792604971592 -0.19860731946 -0.244253723266 -0.0878945642771 -0.586704461055 0.720806732979 8.1903421178e-317 -0.561739436692 -1.94826189213e-05 0.24506974709 -0.0284576691425 -0.553053914246 -0.00546974168766 -0.802505427494 0.568416731667 0.874062028642 -0.746544020229 -0.0359338952514 4.8985546544e-317 0.0201689070724 -0.571620079822 0.102628682742 -0.692543838614 -0.236803256707
0.0302485953441 -0.878524479157 0.242268781281 -0.30202284026 -0.175111676073 -0.131242424438 -0.362203952499 0.821735025161 9.26765769328e-317 -0.27810644055 -1.65338510376e-05 0.390938385064 -0.0500245144965 -0.54236860149 0.0568303900335 -0.895609826271 0.633093199926 1.30521027343 -1.00600820826 0.051477935131 3.97422675319e-316 -0.373453140687 -0.874276861106 0.0843920181061 -0.826730423309 -0.825190011994
Intercepts:
-4.17099893066 -1.44018743867 0.240813835273 0.916275293746 0.923466058866 1.29048953318 1.13174898246 0.207354860536 -0.163719873012 0.191010240574 0.300484775893 0.296981459504 -0.083634133747 -0.485849490673 -0.446021031419 0.593339928876 1.14015688143 1.15669424383 1.10679551308 0.472207990871 -0.264737907297 -0.297480139217 -0.310091468322 -0.17910090741 -0.078041558843
